 0.0000    0.000e-08
 0.3000    3.180e-08
 0.3182    3.420e-08
 0.3310    3.680e-08
 0.3442    3.950e-08
 0.3580    4.240e-08
 0.3723    4.550e-08
 0.3872    4.880e-08
 0.4027    5.230e-08
 0.4188    5.590e-08
 0.4355    5.980e-08
 0.4530    6.390e-08
 0.4711    6.810e-08
 0.4899    7.260e-08
 0.5095    7.730e-08
 0.5299    8.210e-08
 0.5511    8.710e-08
 0.5731    9.220e-08
 0.5961    9.760e-08
 0.6199    1.030e-07
 0.6447    1.090e-07
 0.6705    1.150e-07
 0.6973    1.210e-07
 0.7252    1.270e-07
 0.7542    1.330e-07
 0.7844    1.400e-07
 0.8157    1.460e-07
 0.8484    1.530e-07
 0.8823    1.590e-07
 0.9176    1.660e-07
 0.9543    1.720e-07
 0.9925    1.790e-07
 1.0322    1.850e-07
 1.0735    1.920e-07
 1.1164    1.980e-07
 1.1611    2.050e-07
 1.2075    2.110e-07
 1.2558    2.170e-07
 1.3060    2.230e-07
 1.3583    2.290e-07
 1.4126    2.350e-07
 1.4691    2.400e-07
 1.5279    2.460e-07
 1.5890    2.510e-07
 1.6526    2.560e-07
 1.7187    2.610e-07
 1.7874    2.650e-07
 1.8589    2.700e-07
 1.9333    2.740e-07
 2.0106    2.780e-07
 2.0910    2.820e-07
 2.1746    2.860e-07
 2.2616    2.890e-07
 2.3521    2.930e-07
 2.4462    2.960e-07
 2.5440    2.990e-07
 2.6458    3.020e-07
 2.7516    3.050e-07
 2.8617    3.070e-07
 2.9762    3.090e-07
 3.0952    3.120e-07
 3.2190    3.140e-07
 3.3478    3.160e-07
 3.4817    3.180e-07
 3.6210    3.190e-07
 3.7658    3.210e-07
 3.9164    3.230e-07
 4.0731    3.240e-07
 4.2360    3.250e-07
 4.4054    3.270e-07
 4.5817    3.280e-07
 4.7649    3.290e-07
 4.9555    3.300e-07
 5.1537    3.300e-07
 5.3599    3.310e-07
 5.5743    3.320e-07
 5.7972    3.330e-07
 6.0291    3.330e-07
 6.2703    3.340e-07
 6.5211    3.340e-07
 6.7819    3.350e-07
 7.0532    3.350e-07
 7.3354    3.360e-07
 7.6288    3.360e-07
 7.9339    3.370e-07
 8.2513    3.370e-07
 8.5814    3.370e-07
 8.9121    3.380e-07
 9.2209    3.380e-07
 9.4988    3.380e-07
 9.7489    3.380e-07
 9.9741    3.380e-07
10.1766    3.380e-07
10.3590    3.390e-07
10.5231    3.390e-07
10.6708    3.390e-07
10.8037    3.390e-07
10.9252    3.390e-07
11.0421    3.390e-07
11.1592    3.390e-07
11.2762    3.390e-07
11.3932    3.390e-07
11.5101    3.390e-07
11.6272    3.390e-07
11.7442    3.390e-07
11.8612    3.390e-07
12.0000    3.390e-07
