 0.0000    5.449e+03
 0.3000    5.449e+03
 0.3182    5.408e+03
 0.3310    5.370e+03
 0.3442    5.332e+03
 0.3580    5.296e+03
 0.3723    5.261e+03
 0.3872    5.227e+03
 0.4027    5.195e+03
 0.4188    5.164e+03
 0.4355    5.135e+03
 0.4530    5.107e+03
 0.4711    5.081e+03
 0.4899    5.056e+03
 0.5095    5.033e+03
 0.5299    5.011e+03
 0.5511    5.004e+03
 0.5731    4.998e+03
 0.5961    4.990e+03
 0.6199    4.974e+03
 0.6447    4.958e+03
 0.6705    4.948e+03
 0.6973    4.936e+03
 0.7252    4.925e+03
 0.7542    4.915e+03
 0.7844    4.907e+03
 0.8157    4.898e+03
 0.8484    4.891e+03
 0.8823    4.885e+03
 0.9176    4.879e+03
 0.9543    4.874e+03
 0.9925    4.869e+03
 1.0322    4.865e+03
 1.0735    4.861e+03
 1.1164    4.858e+03
 1.1611    4.854e+03
 1.2075    4.851e+03
 1.2558    4.848e+03
 1.3060    4.845e+03
 1.3583    4.841e+03
 1.4126    4.837e+03
 1.4691    4.833e+03
 1.5279    4.828e+03
 1.5890    4.822e+03
 1.6526    4.816e+03
 1.7187    4.808e+03
 1.7874    4.799e+03
 1.8589    4.788e+03
 1.9333    4.776e+03
 2.0106    4.762e+03
 2.0910    4.745e+03
 2.1746    4.726e+03
 2.2616    4.704e+03
 2.3521    4.678e+03
 2.4462    4.650e+03
 2.5440    4.618e+03
 2.6458    4.582e+03
 2.7516    4.544e+03
 2.8617    4.500e+03
 2.9762    4.451e+03
 3.0952    4.398e+03
 3.2190    4.341e+03
 3.3478    4.280e+03
 3.4817    4.216e+03
 3.6210    4.149e+03
 3.7658    4.080e+03
 3.9164    4.010e+03
 4.0731    3.939e+03
 4.2360    3.869e+03
 4.4054    3.800e+03
 4.5817    3.733e+03
 4.7649    3.668e+03
 4.9555    3.605e+03
 5.1537    3.546e+03
 5.3599    3.488e+03
 5.5743    3.434e+03
 5.7972    3.382e+03
 6.0291    3.333e+03
 6.2703    3.286e+03
 6.5211    3.240e+03
 6.7819    3.196e+03
 7.0532    3.154e+03
 7.3354    3.113e+03
 7.6288    3.073e+03
 7.9339    3.034e+03
 8.2513    2.996e+03
 8.5814    2.959e+03
 8.9121    2.923e+03
 9.2209    2.890e+03
 9.4988    2.865e+03
 9.7489    2.841e+03
 9.9741    2.821e+03
10.1766    2.805e+03
10.3590    2.791e+03
10.5231    2.779e+03
10.6708    2.769e+03
10.8037    2.760e+03
10.9252    2.754e+03
11.0421    2.747e+03
11.1592    2.741e+03
11.2762    2.736e+03
11.3932    2.731e+03
11.5101    2.726e+03
11.6272    2.722e+03
11.7442    2.719e+03
11.8612    2.715e+03
12.0000    2.714e+03
