 0.0000    0.000e-24
 0.3000    4.707e-24
 0.3182    4.486e-24
 0.3310    4.449e-24
 0.3442    4.410e-24
 0.3580    4.365e-24
 0.3723    4.316e-24
 0.3872    4.263e-24
 0.4027    4.204e-24
 0.4188    4.141e-24
 0.4355    4.072e-24
 0.4530    3.998e-24
 0.4711    3.917e-24
 0.4899    3.833e-24
 0.5095    3.741e-24
 0.5299    3.645e-24
 0.5511    3.540e-24
 0.5731    3.431e-24
 0.5961    3.318e-24
 0.6199    3.203e-24
 0.6447    3.082e-24
 0.6705    2.958e-24
 0.6973    2.831e-24
 0.7252    2.701e-24
 0.7542    2.569e-24
 0.7844    2.435e-24
 0.8157    2.300e-24
 0.8484    2.165e-24
 0.8823    2.030e-24
 0.9176    1.897e-24
 0.9543    1.765e-24
 0.9925    1.636e-24
 1.0322    1.509e-24
 1.0735    1.386e-24
 1.1164    1.268e-24
 1.1611    1.154e-24
 1.2075    1.046e-24
 1.2558    9.428e-25
 1.3060    8.537e-25
 1.3583    7.621e-25
 1.4126    6.767e-25
 1.4691    5.977e-25
 1.5279    5.249e-25
 1.5890    4.584e-25
 1.6526    3.979e-25
 1.7187    3.433e-25
 1.7874    2.944e-25
 1.8589    2.570e-25
 1.9333    2.209e-25
 2.0106    1.900e-25
 2.0910    1.635e-25
 2.1746    1.408e-25
 2.2616    1.213e-25
 2.3521    1.045e-25
 2.4462    9.016e-26
 2.5440    7.780e-26
 2.6458    6.717e-26
 2.7516    5.804e-26
 2.8617    5.016e-26
 2.9762    4.339e-26
 3.0952    3.755e-26
 3.2190    3.252e-26
 3.3478    2.817e-26
 3.4817    2.442e-26
 3.6210    2.118e-26
 3.7658    1.838e-26
 3.9164    1.596e-26
 4.0731    1.387e-26
 4.2360    1.206e-26
 4.4054    1.049e-26
 4.5817    9.135e-27
 4.7649    7.962e-27
 4.9555    6.933e-27
 5.1537    6.081e-27
 5.3599    5.338e-27
 5.5743    4.690e-27
 5.7972    4.125e-27
 6.0291    3.631e-27
 6.2703    3.198e-27
 6.5211    2.821e-27
 6.7819    2.490e-27
 7.0532    2.201e-27
 7.3354    1.947e-27
 7.6288    1.725e-27
 7.9339    1.529e-27
 8.2513    1.358e-27
 8.5814    1.207e-27
 8.9121    1.076e-27
 9.2209    9.723e-28
 9.4988    8.933e-28
 9.7489    8.299e-28
 9.9741    7.782e-28
10.1766    7.355e-28
10.3590    6.998e-28
10.5231    6.699e-28
10.6708    6.446e-28
10.8037    6.229e-28
10.9252    6.041e-28
11.0421    5.868e-28
11.1592    5.699e-28
11.2762    5.536e-28
11.3932    5.380e-28
11.5101    5.230e-28
11.6272    5.086e-28
11.7442    4.948e-28
11.8612    4.814e-28
12.0000    4.695e-28
