lambda(um), Cext(cm^2/H), albedo, <cos>, # of angles
   0.44500  6.33500E-22   0.65490   0.56473   161
cos(theta),     S11,               S12,             S33,             S34
-1.0000  1.4381253976E-01 -5.0710359779E-18 -1.4381253976E-01  1.4837628645E-18
-0.9875  1.3821291415E-01  3.5053976540E-03 -1.3772961899E-01  3.4720255764E-03
-0.9750  1.3355876381E-01  6.4718023690E-03 -1.3172497543E-01  6.2704655136E-03
-0.9625  1.2973665212E-01  8.9508067159E-03 -1.2582262779E-01  8.4777896147E-03
-0.9500  1.2664409484E-01  1.0990228275E-02 -1.2004306550E-01  1.0169084170E-02
-0.9375  1.2418863127E-01  1.2634245745E-02 -1.1440351604E-01  1.1412581224E-02
-0.9250  1.2228698401E-01  1.3923560147E-02 -1.0891820458E-01  1.2270155342E-02
-0.9125  1.2086429452E-01  1.4895571474E-02 -1.0359860421E-01  1.2797789965E-02
-0.9000  1.1985342419E-01  1.5584563605E-02 -9.8453675589E-02  1.3046015213E-02
-0.8875  1.1919431280E-01  1.6021892258E-02 -9.3490095215E-02  1.3060318841E-02
-0.8750  1.1883338764E-01  1.6236172146E-02 -8.8712471841E-02  1.2881531896E-02
-0.8625  1.1872301810E-01  1.6253460606E-02 -8.4123550887E-02  1.2546190499E-02
-0.8500  1.1882101105E-01  1.6097435807E-02 -7.9724406758E-02  1.2086875077E-02
-0.8375  1.1909014360E-01  1.5789568209E-02 -7.5514623229E-02  1.1532528264E-02
-0.8250  1.1949772981E-01  1.5349284459E-02 -7.1492462104E-02  1.0908752647E-02
-0.8125  1.2001521885E-01  1.4794123195E-02 -6.7655020457E-02  1.0238089395E-02
-0.8000  1.2061782222E-01  1.4139882532E-02 -6.3998376834E-02  9.5402788395E-03
-0.7875  1.2128416791E-01  1.3400759150E-02 -6.0517726788E-02  8.8325039227E-03
-0.7750  1.2199597972E-01  1.2589479061E-02 -5.7207508211E-02  8.1296174567E-03
-0.7625  1.2273778003E-01  1.1717420217E-02 -5.4061516881E-02  7.4443540439E-03
-0.7500  1.2349661459E-01  1.0794727197E-02 -5.1073012696E-02  6.7875274850E-03
-0.7375  1.2426179783E-01  9.8304182540E-03 -4.8234817046E-02  6.1682144592E-03
-0.7250  1.2502467750E-01  8.8324850267E-03 -4.5539401782E-02  5.5939252203E-03
-0.7125  1.2577841740E-01  7.8079852595E-03 -4.2978970224E-02  5.0707620228E-03
-0.7000  1.2651779712E-01  6.7631288558E-03 -4.0545530653E-02  4.6035659560E-03
-0.6875  1.2723902769E-01  5.7033576186E-03 -3.8230962725E-02  4.1960528343E-03
-0.6750  1.2793958221E-01  4.6334190149E-03 -3.6027077205E-02  3.8509387637E-03
-0.6625  1.2861804057E-01  3.5574343021E-03 -3.3925669450E-02  3.5700559748E-03
-0.6500  1.2927394723E-01  2.4789613444E-03 -3.1918567013E-02  3.3544594881E-03
-0.6375  1.2990768142E-01  1.4010524392E-03 -2.9997671753E-02  3.2045251496E-03
-0.6250  1.3052033886E-01  3.2630746092E-04 -2.8154996814E-02  3.1200395533E-03
-0.6125  1.3111362428E-01 -7.4307738026E-04 -2.6382698816E-02  3.1002823405E-03
-0.6000  1.3168975404E-01 -1.8052648796E-03 -2.4673105596E-02  3.1441013473E-03
-0.5875  1.3225136819E-01 -2.8587360075E-03 -2.3018739812E-02  3.2499810473E-03
-0.5750  1.3280145138E-01 -3.9022526474E-03 -2.1412338716E-02  3.4161047161E-03
-0.5625  1.3334326182E-01 -4.9348236539E-03 -1.9846870394E-02  3.6404107273E-03
-0.5500  1.3388026806E-01 -5.9556739968E-03 -1.8315546726E-02  3.9206433664E-03
-0.5375  1.3441609268E-01 -6.9642167675E-03 -1.6811833361E-02  4.2543985336E-03
-0.5250  1.3495446267E-01 -7.9600278365E-03 -1.5329456925E-02  4.6391646891E-03
-0.5125  1.3549916586E-01 -8.9428229625E-03 -1.3862409719E-02  5.0723593744E-03
-0.5000  1.3605401293E-01 -9.9124371644E-03 -1.2404952122E-02  5.5513616309E-03
-0.4875  1.3662280470E-01 -1.0868806179E-02 -1.0951612911E-02  6.0735406179E-03
-0.4750  1.3720930414E-01 -1.1811949833E-02 -9.4971877025E-03  6.6362807199E-03
-0.4625  1.3781721275E-01 -1.2741957186E-02 -8.0367356941E-03  7.2370034155E-03
-0.4500  1.3845015107E-01 -1.3658973270E-02 -6.5655748955E-03  7.8731861690E-03
-0.4375  1.3911164276E-01 -1.4563187322E-02 -5.0792760051E-03  8.5423785912E-03
-0.4250  1.3980510210E-01 -1.5454822345E-02 -3.5736550926E-03  9.2422161022E-03
-0.4125  1.4053382451E-01 -1.6334125912E-02 -2.0447652337E-03  9.9704313178E-03
-0.4000  1.4130097985E-01 -1.7201362068E-02 -4.8888722952E-04  1.0724863369E-02
-0.3875  1.4210960825E-01 -1.8056804243E-02  1.0974804591E-03  1.1503465351E-02
-0.3750  1.4296261810E-01 -1.8900729084E-02  2.7176324488E-03  1.2304310091E-02
-0.3625  1.4386278611E-01 -1.9733411101E-02  4.3746677317E-03  1.3125594406E-02
-0.3500  1.4481275915E-01 -2.0555118045E-02  6.0715014366E-03  1.3965642025E-02
-0.3375  1.4581505770E-01 -2.1366106966E-02  7.8108769613E-03  1.4822905318E-02
-0.3250  1.4687208063E-01 -2.2166620837E-02  9.5953783943E-03  1.5695965994E-02
-0.3125  1.4798611123E-01 -2.2956885727E-02  1.1427443150E-02  1.6583534896E-02
-0.3000  1.4915932438E-01 -2.3737108427E-02  1.3309374749E-02  1.7484451020E-02
-0.2875  1.5039379450E-01 -2.4507474496E-02  1.5243355694E-02  1.8397679890E-02
-0.2750  1.5169150436E-01 -2.5268146667E-02  1.7231460367E-02  1.9322311388E-02
-0.2625  1.5305435454E-01 -2.6019263584E-02  1.9275667931E-02  2.0257557152E-02
-0.2500  1.5448417339E-01 -2.6760938812E-02  2.1377875175E-02  2.1202747642E-02
-0.2375  1.5598272751E-01 -2.7493260097E-02  2.3539909289E-02  2.2157328951E-02
-0.2250  1.5755173248E-01 -2.8216288850E-02  2.5763540526E-02  2.3120859462E-02
-0.2125  1.5919286396E-01 -2.8930059806E-02  2.8050494753E-02  2.4093006411E-02
-0.2000  1.6090776893E-01 -2.9634580869E-02  3.0402465869E-02  2.5073542447E-02
-0.1875  1.6269807712E-01 -3.0329833083E-02  3.2821128088E-02  2.6062342225E-02
-0.1750  1.6456541257E-01 -3.1015770750E-02  3.5308148086E-02  2.7059379119E-02
-0.1625  1.6651140514E-01 -3.1692321654E-02  3.7865197028E-02  2.8064722091E-02
-0.1500  1.6853770222E-01 -3.2359387392E-02  4.0493962485E-02  2.9078532763E-02
-0.1375  1.7064598028E-01 -3.3016843809E-02  4.3196160262E-02  3.0101062741E-02
-0.1250  1.7283795662E-01 -3.3664541512E-02  4.5973546168E-02  3.1132651225E-02
-0.1125  1.7511540094E-01 -3.4302306483E-02  4.8827927758E-02  3.2173722931E-02
-0.1000  1.7748014705E-01 -3.4929940769E-02  5.1761176098E-02  3.3224786353E-02
-0.0875  1.7993410459E-01 -3.5547223269E-02  5.4775237581E-02  3.4286432394E-02
-0.0750  1.8247927075E-01 -3.6153910598E-02  5.7872145881E-02  3.5359333368E-02
-0.0625  1.8511774217E-01 -3.6749738055E-02  6.1054034064E-02  3.6444242392E-02
-0.0500  1.8785172690E-01 -3.7334420680E-02  6.4323146971E-02  3.7541993179E-02
-0.0375  1.9068355662E-01 -3.7907654422E-02  6.7681853907E-02  3.8653500219E-02
-0.0250  1.9361569907E-01 -3.8469117415E-02  7.1132661755E-02  3.9779759363E-02
-0.0125  1.9665077081E-01 -3.9018471380E-02  7.4678228578E-02  4.0921848781E-02
-0.0000  1.9979155046E-01 -3.9555363151E-02  7.8321377829E-02  4.2080930300E-02
 0.0125  2.0304099233E-01 -4.0079426345E-02  8.2065113272E-02  4.3258251091E-02
 0.0250  2.0640224078E-01 -4.0590283186E-02  8.5912634722E-02  4.4455145689E-02
 0.0375  2.0987864519E-01 -4.1087546483E-02  8.9867354746E-02  4.5673038309E-02
 0.0500  2.1347377589E-01 -4.1570821790E-02  9.3932916444E-02  4.6913445438E-02
 0.0625  2.1719144097E-01 -4.2039709741E-02  9.8113212482E-02  4.8177978646E-02
 0.0750  2.2103570433E-01 -4.2493808586E-02  1.0241240550E-01  4.9468347593E-02
 0.0875  2.2501090495E-01 -4.2932716928E-02  1.0683495010E-01  5.0786363154E-02
 0.1000  2.2912167766E-01 -4.3356036675E-02  1.1138561656E-01  5.2133940638E-02
 0.1125  2.3337297562E-01 -4.3763376217E-02  1.1606951650E-01  5.3513103007E-02
 0.1250  2.3777009460E-01 -4.4154353828E-02  1.2089213070E-01  5.4925984048E-02
 0.1375  2.4231869943E-01 -4.4528601314E-02  1.2585933926E-01  5.6374831412E-02
 0.1500  2.4702485275E-01 -4.4885767895E-02  1.3097745437E-01  5.7862009437E-02
 0.1625  2.5189504633E-01 -4.5225524336E-02  1.3625325599E-01  5.9390001671E-02
 0.1750  2.5693623533E-01 -4.5547567320E-02  1.4169403057E-01  6.0961412987E-02
 0.1875  2.6215587570E-01 -4.5851624077E-02  1.4730761325E-01  6.2578971191E-02
 0.2000  2.6756196501E-01 -4.6137457239E-02  1.5310243378E-01  6.4245528005E-02
 0.2125  2.7316308726E-01 -4.6404869938E-02  1.5908756652E-01  6.5964059301E-02
 0.2250  2.7896846173E-01 -4.6653711127E-02  1.6527278480E-01  6.7737664454E-02
 0.2375  2.8498799658E-01 -4.6883881109E-02  1.7166862013E-01  6.9569564666E-02
 0.2500  2.9123234737E-01 -4.7095337258E-02  1.7828642657E-01  7.1463100107E-02
 0.2625  2.9771298113E-01 -4.7288099908E-02  1.8513845081E-01  7.3421725720E-02
 0.2750  3.0444224640E-01 -4.7462258387E-02  1.9223790825E-01  7.5449005484E-02
 0.2875  3.1143344978E-01 -4.7617977152E-02  1.9959906577E-01  7.7548604981E-02
 0.3000  3.1870093954E-01 -4.7755502003E-02  2.0723733161E-01  7.9724282034E-02
 0.3125  3.2626019696E-01 -4.7875166310E-02  2.1516935296E-01  8.1979875211E-02
 0.3250  3.3412793600E-01 -4.7977397217E-02  2.2341312190E-01  8.4319289971E-02
 0.3375  3.4232221204E-01 -4.8062721754E-02  2.3198809038E-01  8.6746482184E-02
 0.3500  3.5086254046E-01 -4.8131772783E-02  2.4091529486E-01  8.9265438784E-02
 0.3625  3.5977002589E-01 -4.8185294718E-02  2.5021749151E-01  9.1880155255E-02
 0.3750  3.6906750301E-01 -4.8224148901E-02  2.5991930279E-01  9.4594609663E-02
 0.3875  3.7877968990E-01 -4.8249318562E-02  2.7004737623E-01  9.7412732910E-02
 0.4000  3.8893335495E-01 -4.8261913233E-02  2.8063055650E-01  1.0033837487E-01
 0.4125  3.9955749860E-01 -4.8263172500E-02  2.9170007182E-01  1.0337526603E-01
 0.4250  4.1068355094E-01 -4.8254468943E-02  3.0328973595E-01  1.0652697431E-01
 0.4375  4.2234558680E-01 -4.8237310119E-02  3.1543616686E-01  1.0979685657E-01
 0.4500  4.3458055963E-01 -4.8213339414E-02  3.2817902378E-01  1.1318800439E-01
 0.4625  4.4742855589E-01 -4.8184335563E-02  3.4156126398E-01  1.1670318375E-01
 0.4750  4.6093307179E-01 -4.8152210637E-02  3.5562942106E-01  1.2034476797E-01
 0.4875  4.7514131436E-01 -4.8119006258E-02  3.7043390678E-01  1.2411466347E-01
 0.5000  4.9010452907E-01 -4.8086887783E-02  3.8602933844E-01  1.2801422782E-01
 0.5125  5.0587835654E-01 -4.8058136171E-02  4.0247489427E-01  1.3204417932E-01
 0.5250  5.2252322109E-01 -4.8035137221E-02  4.1983469961E-01  1.3620449775E-01
 0.5375  5.4010475436E-01 -4.8020367822E-02  4.3817824690E-01  1.4049431524E-01
 0.5500  5.5869425746E-01 -4.8016378846E-02  4.5758085304E-01  1.4491179683E-01
 0.5625  5.7836920591E-01 -4.8025774245E-02  4.7812415816E-01  1.4945400981E-01
 0.5750  5.9921380200E-01 -4.8051185890E-02  4.9989667054E-01  1.5411678085E-01
 0.5875  6.2131958000E-01 -4.8095243633E-02  5.2299436318E-01  1.5889454019E-01
 0.6000  6.4478607069E-01 -4.8160540018E-02  5.4752132846E-01  1.6378015168E-01
 0.6125  6.6972153274E-01 -4.8249589009E-02  5.7359049868E-01  1.6876472754E-01
 0.6250  6.9624375979E-01 -4.8364778024E-02  6.0132444168E-01  1.7383742649E-01
 0.6375  7.2448097419E-01 -4.8508312485E-02  6.3085624276E-01  1.7898523363E-01
 0.6500  7.5457282020E-01 -4.8682152010E-02  6.6233048665E-01  1.8419272028E-01
 0.6625  7.8667147287E-01 -4.8887937204E-02  6.9590435640E-01  1.8944178116E-01
 0.6750  8.2094288221E-01 -4.9126905889E-02  7.3174887041E-01  1.9471134619E-01
 0.6875  8.5756817748E-01 -4.9399797353E-02  7.7005028408E-01  1.9997706249E-01
 0.7000  8.9674526281E-01 -4.9706742868E-02  8.1101168974E-01  2.0521094127E-01
 0.7125  9.3869064420E-01 -5.0047140260E-02  8.5485485816E-01  2.1038096169E-01
 0.7250  9.8364153927E-01 -5.0419509547E-02  9.0182237707E-01  2.1545062052E-01
 0.7375  1.0318583369E+00 -5.0821325540E-02  9.5218015883E-01  2.2037841144E-01
 0.7500  1.0836274949E+00 -5.1248821507E-02  1.0062204117E+00  2.2511721028E-01
 0.7625  1.1392649926E+00 -5.1696755297E-02  1.0642651983E+00  2.2961353148E-01
 0.7750  1.1991204938E+00 -5.2158125019E-02  1.1266707441E+00  2.3380660432E-01
 0.7875  1.2635824306E+00 -5.2623814850E-02  1.1938327135E+00  2.3762719340E-01
 0.8000  1.3330842900E+00 -5.3082141456E-02  1.2661927383E+00  2.4099605169E-01
 0.8125  1.4081124903E+00 -5.3518256111E-02  1.3442465844E+00  2.4382184216E-01
 0.8250  1.4892163719E+00 -5.3913334330E-02  1.4285544643E+00  2.4599828740E-01
 0.8375  1.5770210239E+00 -5.4243449591E-02  1.5197541810E+00  2.4740019516E-01
 0.8500  1.6722439376E+00 -5.4477975100E-02  1.6185780159E+00  2.4787784711E-01
 0.8625  1.7757168521E+00 -5.4577279050E-02  1.7258745856E+00  2.4724900573E-01
 0.8750  1.8884146761E+00 -5.4489362671E-02  1.8426373074E+00  2.4528746166E-01
 0.8875  2.0114940929E+00 -5.4144919295E-02  1.9700416712E+00  2.4170656715E-01
 0.9000  2.1463454487E+00 -5.3450042153E-02  2.1094942601E+00  2.3613552315E-01
 0.9125  2.2946629150E+00 -5.2275443546E-02  2.2626974588E+00  2.2808522344E-01
 0.9250  2.4585398245E+00 -5.0440518701E-02  2.4317351191E+00  2.1689909610E-01
 0.9375  2.6405987354E+00 -4.7689823504E-02  2.6191862220E+00  2.0168245898E-01
 0.9500  2.8441694347E+00 -4.3658437327E-02  2.8282759371E+00  1.8120120163E-01
 0.9625  3.0735331474E+00 -3.7821110900E-02  3.0630766106E+00  1.5373681582E-01
 0.9750  3.3342581786E+00 -2.9417859754E-02  3.3287753713E+00  1.1687949895E-01
 0.9875  3.6336617998E+00 -1.7345484288E-02  3.6320305470E+00  6.7233672739E-02
 1.0000  3.9814463604E+00  0.0000000000E+00  3.9814463604E+00 -4.5902217048E-18
