lambda(um), Cext(cm^2/H), albedo, <cos>, # of angles
   0.74579  3.15403E-22   0.66425   0.46017   161
cos(theta),     S11,               S12,             S33,             S34
-1.0000  1.8156609601E-01 -8.4882951223E-20 -1.8156609601E-01  1.0284764756E-18
-0.9875  1.7839669892E-01 -1.3399039778E-03 -1.7829052354E-01  7.6510590599E-04
-0.9750  1.7551311776E-01 -2.6081260960E-03 -1.7509793387E-01  1.4485561185E-03
-0.9625  1.7289356864E-01 -3.8140188182E-03 -1.7197978010E-01  2.0628093254E-03
-0.9500  1.7051829015E-01 -4.9659191973E-03 -1.6892826103E-01  2.6190615927E-03
-0.9375  1.6836934862E-01 -6.0712570806E-03 -1.6593625134E-01  3.1273692513E-03
-0.9250  1.6643046269E-01 -7.1366519797E-03 -1.6299723805E-01  3.5967598169E-03
-0.9125  1.6468684522E-01 -8.1679997633E-03 -1.6010526301E-01  4.0353321039E-03
-0.9000  1.6312506102E-01 -9.1705502175E-03 -1.5725487052E-01  4.4503465858E-03
-0.8875  1.6173289865E-01 -1.0148976415E-02 -1.5444105983E-01  4.8483069531E-03
-0.8750  1.6049925499E-01 -1.1107436739E-02 -1.5165924189E-01  5.2350337286E-03
-0.8625  1.5941403128E-01 -1.2049630327E-02 -1.4890520005E-01  5.6157307157E-03
-0.8500  1.5846803950E-01 -1.2978846623E-02 -1.4617505431E-01  5.9950449839E-03
-0.8375  1.5765291808E-01 -1.3898009646E-02 -1.4346522869E-01  6.3771210228E-03
-0.8250  1.5696105601E-01 -1.4809717541E-02 -1.4077242158E-01  6.7656496376E-03
-0.8125  1.5638552440E-01 -1.5716277905E-02 -1.3809357872E-01  7.1639121012E-03
-0.8000  1.5592001499E-01 -1.6619739330E-02 -1.3542586844E-01  7.5748200289E-03
-0.7875  1.5555878463E-01 -1.7521919570E-02 -1.3276665921E-01  8.0009513948E-03
-0.7750  1.5529660536E-01 -1.8424430689E-02 -1.3011349902E-01  8.4445830679E-03
-0.7625  1.5512871941E-01 -1.9328701512E-02 -1.2746409659E-01  8.9077202083E-03
-0.7500  1.5505079866E-01 -2.0235997661E-02 -1.2481630415E-01  9.3921228312E-03
-0.7375  1.5505890817E-01 -2.1147439441E-02 -1.2216810168E-01  9.8993298149E-03
-0.7250  1.5514947324E-01 -2.2064017806E-02 -1.1951758251E-01  1.0430680601E-02
-0.7125  1.5531924984E-01 -2.2986608595E-02 -1.1686294002E-01  1.0987334812E-02
-0.7000  1.5556529786E-01 -2.3915985252E-02 -1.1420245554E-01  1.1570289989E-02
-0.6875  1.5588495713E-01 -2.4852830156E-02 -1.1153448711E-01  1.2180397626E-02
-0.6750  1.5627582574E-01 -2.5797744743E-02 -1.0885745924E-01  1.2818377675E-02
-0.6625  1.5673574054E-01 -2.6751258521E-02 -1.0616985340E-01  1.3484831656E-02
-0.6500  1.5726275963E-01 -2.7713837117E-02 -1.0347019930E-01  1.4180254517E-02
-0.6375  1.5785514653E-01 -2.8685889445E-02 -1.0075706676E-01  1.4905045357E-02
-0.6250  1.5851135598E-01 -2.9667774088E-02 -9.8029058266E-02  1.5659517115E-02
-0.6125  1.5923002120E-01 -3.0659804989E-02 -9.5284802012E-02  1.6443905334E-02
-0.6000  1.6000994242E-01 -3.1662256506E-02 -9.2522945449E-02  1.7258376082E-02
-0.5875  1.6085007654E-01 -3.2675367912E-02 -8.9742149287E-02  1.8103033100E-02
-0.5750  1.6174952797E-01 -3.3699347382E-02 -8.6941081896E-02  1.8977924266E-02
-0.5625  1.6270754034E-01 -3.4734375537E-02 -8.4118414063E-02  1.9883047420E-02
-0.5500  1.6372348910E-01 -3.5780608575E-02 -8.1272814090E-02  2.0818355622E-02
-0.5375  1.6479687501E-01 -3.6838181036E-02 -7.8402943176E-02  2.1783761891E-02
-0.5250  1.6592731824E-01 -3.7907208238E-02 -7.5507451069E-02  2.2779143470E-02
-0.5125  1.6711455319E-01 -3.8987788416E-02 -7.2584971956E-02  2.3804345656E-02
-0.5000  1.6835842391E-01 -4.0080004587E-02 -6.9634120562E-02  2.4859185249E-02
-0.4875  1.6965888011E-01 -4.1183926181E-02 -6.6653488451E-02  2.5943453639E-02
-0.4750  1.7101597360E-01 -4.2299610438E-02 -6.3641640476E-02  2.7056919564E-02
-0.4625  1.7242985526E-01 -4.3427103613E-02 -6.0597111399E-02  2.8199331579E-02
-0.4500  1.7390077242E-01 -4.4566441998E-02 -5.7518402630E-02  2.9370420257E-02
-0.4375  1.7542906660E-01 -4.5717652771E-02 -5.4403979087E-02  3.0569900128E-02
-0.4250  1.7701517171E-01 -4.6880754696E-02 -5.1252266152E-02  3.1797471414E-02
-0.4125  1.7865961245E-01 -4.8055758683E-02 -4.8061646720E-02  3.3052821541E-02
-0.4000  1.8036300313E-01 -4.9242668222E-02 -4.4830458314E-02  3.4335626473E-02
-0.3875  1.8212604676E-01 -5.0441479689E-02 -4.1556990268E-02  3.5645551867E-02
-0.3750  1.8394953437E-01 -5.1652182550E-02 -3.8239480952E-02  3.6982254076E-02
-0.3625  1.8583434459E-01 -5.2874759464E-02 -3.4876115046E-02  3.8345381004E-02
-0.3500  1.8778144354E-01 -5.4109186283E-02 -3.1465020838E-02  3.9734572829E-02
-0.3375  1.8979188486E-01 -5.5355431974E-02 -2.8004267541E-02  4.1149462607E-02
-0.3250  1.9186680996E-01 -5.6613458448E-02 -2.4491862626E-02  4.2589676761E-02
-0.3125  1.9400744853E-01 -5.7883220319E-02 -2.0925749157E-02  4.4054835468E-02
-0.3000  1.9621511917E-01 -5.9164664582E-02 -1.7303803122E-02  4.5544552957E-02
-0.2875  1.9849123026E-01 -6.0457730230E-02 -1.3623830750E-02  4.7058437712E-02
-0.2750  2.0083728095E-01 -6.1762347799E-02 -9.8835658107E-03  4.8596092603E-02
-0.2625  2.0325486236E-01 -6.3078438848E-02 -6.0806668896E-03  5.0157114936E-02
-0.2500  2.0574565894E-01 -6.4405915383E-02 -2.2127146265E-03  5.1741096441E-02
-0.2375  2.0831144993E-01 -6.5744679224E-02  1.7227910825E-03  5.3347623195E-02
-0.2250  2.1095411109E-01 -6.7094621308E-02  5.7284339307E-03  5.4976275485E-02
-0.2125  2.1367561646E-01 -6.8455620943E-02  9.8068840985E-03  5.6626627620E-02
-0.2000  2.1647804033E-01 -6.9827545010E-02  1.3960901211E-02  5.8298247690E-02
-0.1875  2.1936355938E-01 -7.1210247110E-02  1.8193337359E-02  5.9990697276E-02
-0.1750  2.2233445489E-01 -7.2603566659E-02  2.2507140197E-02  6.1703531125E-02
-0.1625  2.2539311520E-01 -7.4007327937E-02  2.6905356114E-02  6.3436296775E-02
-0.1500  2.2854203821E-01 -7.5421339082E-02  3.1391133495E-02  6.5188534144E-02
-0.1375  2.3178383413E-01 -7.6845391042E-02  3.5967726073E-02  6.6959775083E-02
-0.1250  2.3512122830E-01 -7.8279256468E-02  4.0638496382E-02  6.8749542897E-02
-0.1125  2.3855706419E-01 -7.9722688569E-02  4.5406919317E-02  7.0557351828E-02
-0.1000  2.4209430663E-01 -8.1175419908E-02  5.0276585809E-02  7.2382706512E-02
-0.0875  2.4573604504E-01 -8.2637161158E-02  5.5251206630E-02  7.4225101400E-02
-0.0750  2.4948549700E-01 -8.4107599801E-02  6.0334616318E-02  7.6084020157E-02
-0.0625  2.5334601187E-01 -8.5586398781E-02  6.5530777259E-02  7.7958935028E-02
-0.0500  2.5732107464E-01 -8.7073195105E-02  7.0843783912E-02  7.9849306178E-02
-0.0375  2.6141430997E-01 -8.8567598398E-02  7.6277867194E-02  8.1754581003E-02
-0.0250  2.6562948637E-01 -9.0069189395E-02  8.1837399051E-02  8.3674193418E-02
-0.0125  2.6997052062E-01 -9.1577518396E-02  8.7526897199E-02  8.5607563117E-02
-0.0000  2.7444148243E-01 -9.3092103650E-02  9.3351030081E-02  8.7554094805E-02
 0.0125  2.7904659923E-01 -9.4612429703E-02  9.9314622019E-02  8.9513177399E-02
 0.0250  2.8379026129E-01 -9.6137945674E-02  1.0542265861E-01  9.1484183215E-02
 0.0375  2.8867702699E-01 -9.7668063485E-02  1.1168029235E-01  9.3466467106E-02
 0.0500  2.9371162843E-01 -9.9202156029E-02  1.1809284855E-01  9.5459365590E-02
 0.0625  2.9889897727E-01 -1.0073955528E-01  1.2466583150E-01  9.7462195933E-02
 0.0750  3.0424417086E-01 -1.0227955034E-01  1.3140493093E-01  9.9474255203E-02
 0.0875  3.0975249866E-01 -1.0382138544E-01  1.3831602887E-01  1.0149481929E-01
 0.1000  3.1542944907E-01 -1.0536425784E-01  1.4540520675E-01  1.0352314190E-01
 0.1125  3.2128071651E-01 -1.0690731569E-01  1.5267875301E-01  1.0555845346E-01
 0.1250  3.2731220890E-01 -1.0844965586E-01  1.6014317095E-01  1.0759996004E-01
 0.1375  3.3353005562E-01 -1.0999032160E-01  1.6780518723E-01  1.0964684219E-01
 0.1500  3.3994061577E-01 -1.1152830025E-01  1.7567176065E-01  1.1169825373E-01
 0.1625  3.4655048701E-01 -1.1306252079E-01  1.8375009162E-01  1.1375332046E-01
 0.1750  3.5336651484E-01 -1.1459185134E-01  1.9204763204E-01  1.1581113881E-01
 0.1875  3.6039580242E-01 -1.1611509659E-01  2.0057209593E-01  1.1787077442E-01
 0.2000  3.6764572098E-01 -1.1763099514E-01  2.0933147065E-01  1.1993126062E-01
 0.2125  3.7512392093E-01 -1.1913821677E-01  2.1833402886E-01  1.2199159678E-01
 0.2250  3.8283834349E-01 -1.2063535959E-01  2.2758834130E-01  1.2405074658E-01
 0.2375  3.9079723327E-01 -1.2212094713E-01  2.3710329038E-01  1.2610763611E-01
 0.2500  3.9900915153E-01 -1.2359342529E-01  2.4688808482E-01  1.2816115179E-01
 0.2625  4.0748299036E-01 -1.2505115924E-01  2.5695227521E-01  1.3021013818E-01
 0.2750  4.1622798785E-01 -1.2649243016E-01  2.6730577079E-01  1.3225339543E-01
 0.2875  4.2525374436E-01 -1.2791543188E-01  2.7795885746E-01  1.3428967664E-01
 0.3000  4.3457023987E-01 -1.2931826736E-01  2.8892221714E-01  1.3631768477E-01
 0.3125  4.4418785270E-01 -1.3069894507E-01  3.0020694867E-01  1.3833606930E-01
 0.3250  4.5411737967E-01 -1.3205537520E-01  3.1182459032E-01  1.4034342246E-01
 0.3375  4.6437005774E-01 -1.3338536565E-01  3.2378714421E-01  1.4233827491E-01
 0.3500  4.7495758748E-01 -1.3468661786E-01  3.3610710263E-01  1.4431909102E-01
 0.3625  4.8589215842E-01 -1.3595672244E-01  3.4879747668E-01  1.4628426331E-01
 0.3750  4.9718647661E-01 -1.3719315449E-01  3.6187182731E-01  1.4823210629E-01
 0.3875  5.0885379445E-01 -1.3839326869E-01  3.7534429904E-01  1.5016084932E-01
 0.4000  5.2090794328E-01 -1.3955429399E-01  3.8922965675E-01  1.5206862847E-01
 0.4125  5.3336336890E-01 -1.4067332802E-01  4.0354332570E-01  1.5395347717E-01
 0.4250  5.4623517037E-01 -1.4174733098E-01  4.1830143519E-01  1.5581331543E-01
 0.4375  5.5953914258E-01 -1.4277311905E-01  4.3352086637E-01  1.5764593743E-01
 0.4500  5.7329182290E-01 -1.4374735721E-01  4.4921930440E-01  1.5944899722E-01
 0.4625  5.8751054256E-01 -1.4466655137E-01  4.6541529566E-01  1.6121999214E-01
 0.4750  6.0221348319E-01 -1.4552703968E-01  4.8212831038E-01  1.6295624369E-01
 0.4875  6.1741973934E-01 -1.4632498293E-01  4.9937881143E-01  1.6465487534E-01
 0.5000  6.3314938748E-01 -1.4705635377E-01  5.1718832977E-01  1.6631278690E-01
 0.5125  6.4942356265E-01 -1.4771692470E-01  5.3557954749E-01  1.6792662474E-01
 0.5250  6.6626454339E-01 -1.4830225452E-01  5.5457638898E-01  1.6949274735E-01
 0.5375  6.8369584622E-01 -1.4880767293E-01  5.7420412149E-01  1.7100718540E-01
 0.5500  7.0174233086E-01 -1.4922826312E-01  5.9448946572E-01  1.7246559549E-01
 0.5625  7.2043031762E-01 -1.4955884177E-01  6.1546071780E-01  1.7386320648E-01
 0.5750  7.3978771849E-01 -1.4979393630E-01  6.3714788381E-01  1.7519475745E-01
 0.5875  7.5984418376E-01 -1.4992775860E-01  6.5958282819E-01  1.7645442573E-01
 0.6000  7.8063126630E-01 -1.4995417483E-01  6.8279943760E-01  1.7763574368E-01
 0.6125  8.0218260575E-01 -1.4986667059E-01  7.0683380188E-01  1.7873150238E-01
 0.6250  8.2453413533E-01 -1.4965831057E-01  7.3172441400E-01  1.7973364020E-01
 0.6375  8.4772431428E-01 -1.4932169189E-01  7.5751239105E-01  1.8063311405E-01
 0.6500  8.7179438937E-01 -1.4884888999E-01  7.8424171856E-01  1.8141975058E-01
 0.6625  8.9678868940E-01 -1.4823139582E-01  8.1195952071E-01  1.8208207440E-01
 0.6750  9.2275495715E-01 -1.4746004294E-01  8.4071635915E-01  1.8260710981E-01
 0.6875  9.4974472371E-01 -1.4652492277E-01  8.7056656371E-01  1.8298015213E-01
 0.7000  9.7781373112E-01 -1.4541528622E-01  9.0156859815E-01  1.8318450415E-01
 0.7125  1.0070224096E+00 -1.4411942932E-01  9.3378546508E-01  1.8320117246E-01
 0.7250  1.0374364170E+00 -1.4262456035E-01  9.6728515396E-01  1.8300851798E-01
 0.7375  1.0691272487E+00 -1.4091664547E-01  1.0021411369E+00  1.8258185373E-01
 0.7500  1.1021729272E+00 -1.3898022949E-01  1.0384329177E+00  1.8189298249E-01
 0.7625  1.1366587833E+00 -1.3679822779E-01  1.0762466387E+00  1.8090966547E-01
 0.7750  1.1726783392E+00 -1.3435168484E-01  1.1156757537E+00  1.7959501215E-01
 0.7875  1.2103343097E+00 -1.3161949425E-01  1.1568217710E+00  1.7790678011E-01
 0.8000  1.2497397353E+00 -1.2857807413E-01  1.1997950774E+00  1.7579657192E-01
 0.8125  1.2910192658E+00 -1.2520099121E-01  1.2447158481E+00  1.7320891468E-01
 0.8250  1.3343106154E+00 -1.2145852560E-01  1.2917150548E+00  1.7008020565E-01
 0.8375  1.3797662105E+00 -1.1731716729E-01  1.3409355801E+00  1.6633750516E-01
 0.8500  1.4275550575E+00 -1.1273903418E-01  1.3925334497E+00  1.6189715564E-01
 0.8625  1.4778648597E+00 -1.0768119964E-01  1.4466791955E+00  1.5666320262E-01
 0.8750  1.5309044154E+00 -1.0209491633E-01  1.5035593623E+00  1.5052559033E-01
 0.8875  1.5869063366E+00 -9.5924720771E-02  1.5633781729E+00  1.4335810105E-01
 0.9000  1.6461301290E+00 -8.9107401215E-02  1.6263593683E+00  1.3501600302E-01
 0.9125  1.7088656822E+00 -8.1570808686E-02  1.6927482407E+00  1.2533336740E-01
 0.9250  1.7754372240E+00 -7.3232488468E-02  1.7628138788E+00  1.1412000938E-01
 0.9375  1.8462078001E+00 -6.3998106008E-02  1.8368516469E+00  1.0115800271E-01
 0.9500  1.9215843481E+00 -5.3759637695E-02  1.9151859213E+00  8.6197710415E-02
 0.9625  2.0020234443E+00 -4.2393292864E-02  1.9981731109E+00  6.8953267010E-02
 0.9750  2.0880378101E+00 -2.9757128815E-02  2.0862049880E+00  4.9097439107E-02
 0.9875  2.1802036792E+00 -1.5688315414E-02  2.1797123632E+00  2.6255782113E-02
 1.0000  2.2791691354E+00  0.0000000000E+00  2.2791691354E+00 -1.0002699606E-17
