lambda(um), Cext(cm^2/H), albedo, <cos>, # of angles
   0.23830  1.30373E-21   0.49327   0.54278   161
cos(theta),     S11,               S12,             S33,             S34
-1.0000  3.4535708780E-01 -9.2381139053E-18 -3.4535708780E-01  2.0406721174E-18
-0.9875  2.8224797653E-01 -3.1167558060E-03 -2.7997033997E-01  2.3896770420E-02
-0.9750  2.3771876238E-01 -3.2574342775E-03 -2.2988741196E-01  3.8209653064E-02
-0.9625  2.0665159115E-01 -1.6118580510E-03 -1.9145758828E-01  4.5808520564E-02
-0.9500  1.8525123459E-01  9.8951967786E-04 -1.6188250350E-01  4.8797614825E-02
-0.9375  1.7072267346E-01  3.9823350481E-03 -1.3902308945E-01  4.8705990999E-02
-0.9250  1.6102385035E-01  6.9975089153E-03 -1.2124900958E-01  4.6633165650E-02
-0.9125  1.5467616954E-01  9.8071781748E-03 -1.0732137902E-01  4.3360013105E-02
-0.9000  1.5061972419E-01  1.2283528818E-02 -9.6301613731E-02  3.9432788090E-02
-0.8875  1.4810322950E-01  1.4367716324E-02 -8.7480775788E-02  3.5226440626E-02
-0.8750  1.4660084452E-01  1.6046694972E-02 -8.0324962638E-02  3.0992036880E-02
-0.8625  1.4574975507E-01  1.7336226873E-02 -7.4433221402E-02  2.6892033904E-02
-0.8500  1.4530371280E-01  1.8268684683E-02 -6.9505212394E-02  2.3026318017E-02
-0.8375  1.4509876883E-01  1.8884534969E-02 -6.5316438782E-02  1.9451258859E-02
-0.8250  1.4502826627E-01  1.9226610572E-02 -6.1699331081E-02  1.6193515920E-02
-0.8125  1.4502480830E-01  1.9336461185E-02 -5.8528849417E-02  1.3259931489E-02
-0.8000  1.4504743465E-01  1.9252219688E-02 -5.5711562240E-02  1.0644529487E-02
-0.7875  1.4507264559E-01  1.9007543367E-02 -5.3177393138E-02  8.3333947454E-03
-0.7750  1.4508823225E-01  1.8631288859E-02 -5.0873410134E-02  6.3080170949E-03
-0.7625  1.4508912334E-01  1.8147661058E-02 -4.8759174858E-02  4.5475375249E-03
-0.7500  1.4507465436E-01  1.7576642450E-02 -4.6803280442E-02  3.0302205135E-03
-0.7375  1.4504681849E-01  1.6934562677E-02 -4.4980793532E-02  1.7343901349E-03
-0.7250  1.4500917670E-01  1.6234710629E-02 -4.3271382794E-02  6.3900199811E-04
-0.7125  1.4496619574E-01  1.5487924609E-02 -4.1657967712E-02 -2.7602615251E-04
-0.7000  1.4492285178E-01  1.4703121579E-02 -4.0125760876E-02 -1.0296389254E-03
-0.6875  1.4488438954E-01  1.3887745436E-02 -3.8661606800E-02 -1.6395634833E-03
-0.6750  1.4485616510E-01  1.3048127815E-02 -3.7253542917E-02 -2.1222855948E-03
-0.6625  1.4484352827E-01  1.2189764086E-02 -3.5890525300E-02 -2.4930556648E-03
-0.6500  1.4485171998E-01  1.1317513034E-02 -3.4562274440E-02 -2.7659087649E-03
-0.6375  1.4488577324E-01  1.0435731817E-02 -3.3259206002E-02 -2.9536895735E-03
-0.6250  1.4495041487E-01  9.5483590969E-03 -3.1972418865E-02 -3.0680778170E-03
-0.6125  1.4504997007E-01  8.6589591147E-03 -3.0693718492E-02 -3.1196128875E-03
-0.6000  1.4518827460E-01  7.7707385594E-03 -2.9415658329E-02 -3.1177182189E-03
-0.5875  1.4536860011E-01  6.8865465653E-03 -2.8131585773E-02 -3.0707270568E-03
-0.5750  1.4559359786E-01  6.0088664490E-03 -2.6835682513E-02 -2.9859116773E-03
-0.5625  1.4586526499E-01  5.1398059593E-03 -2.5522991913E-02 -2.8695180835E-03
-0.5500  1.4618493619E-01  4.2810910361E-03 -2.4189428551E-02 -2.7268078658E-03
-0.5375  1.4655330170E-01  3.4340664153E-03 -2.2831767185E-02 -2.5621083785E-03
-0.5250  1.4697045131E-01  2.5997049438E-03 -2.1447610247E-02 -2.3788717448E-03
-0.5125  1.4743594213E-01  1.7786262045E-03 -2.0035334460E-02 -2.1797425473E-03
-0.5000  1.4794888695E-01  9.7112402488E-04 -1.8594018427E-02 -1.9666334448E-03
-0.4875  1.4850805864E-01  1.7720165572E-04 -1.7123353931E-02 -1.7408074279E-03
-0.4750  1.4911200559E-01 -6.0338714128E-04 -1.5623544394E-02 -1.5029650165E-03
-0.4625  1.4975917245E-01 -1.3710931724E-03 -1.4095194321E-02 -1.2533344174E-03
-0.4500  1.5044802083E-01 -2.1265252438E-03 -1.2539193812E-02 -9.9176251088E-04
-0.4375  1.5117714428E-01 -2.8704040617E-03 -1.0956602208E-02 -7.1780449644E-04
-0.4250  1.5194537271E-01 -3.6035185046E-03 -9.3485348055E-03 -4.3081010261E-04
-0.4125  1.5275186208E-01 -4.3266858547E-03 -7.7160562850E-03 -1.3000441383E-04
-0.4000  1.5359616578E-01 -5.0407171979E-03 -6.0600840903E-03  1.8543840995E-04
-0.3875  1.5447828549E-01 -5.7463887979E-03 -4.3813044878E-03  5.1632997814E-04
-0.3750  1.5539869986E-01 -6.4444198543E-03 -2.6801034523E-03  8.6341223243E-04
-0.3625  1.5635837084E-01 -7.1354566889E-03 -9.5651388560E-04  1.2273125533E-03
-0.3500  1.5735872802E-01 -7.8200630918E-03  7.8981998679E-04  1.6085098953E-03
-0.3375  1.5840163256E-01 -8.4987163015E-03  2.5596608706E-03  2.0073120886E-03
-0.3250  1.5948932293E-01 -9.1718079061E-03  4.3541797789E-03  2.4238441060E-03
-0.3125  1.6062434533E-01 -9.8396488168E-03  6.1749415992E-03  2.8580467629E-03
-0.3000  1.6180947227E-01 -1.0502477400E-02  8.0238764489E-03  3.3096850211E-03
-0.2875  1.6304761318E-01 -1.1160469829E-02  9.9032388546E-03  3.7783647951E-03
-0.2750  1.6434172089E-01 -1.1813751748E-02  1.1815557134E-02  4.2635569432E-03
-0.2625  1.6569469831E-01 -1.2462410401E-02  1.3763575590E-02  4.7646269535E-03
-0.2500  1.6710930917E-01 -1.3106506476E-02  1.5750192264E-02  5.2808687278E-03
-0.2375  1.6858809657E-01 -1.3746085038E-02  1.7778394996E-02  5.8115408197E-03
-0.2250  1.7013331292E-01 -1.4381185081E-02  1.9851198497E-02  6.3559034921E-03
-0.2125  1.7174686394E-01 -1.5011847347E-02  2.1971584951E-02  6.9132550358E-03
-0.2000  1.7343026927E-01 -1.5638120256E-02  2.4142450430E-02  7.4829659061E-03
-0.1875  1.7518464135E-01 -1.6260063933E-02  2.6366559125E-02  8.0645094014E-03
-0.1750  1.7701068336E-01 -1.6877752428E-02  2.8646507023E-02  8.6574878069E-03
-0.1625  1.7890870677E-01 -1.7491274391E-02  3.0984696264E-02  9.2616531478E-03
-0.1500  1.8087866782E-01 -1.8100732533E-02  3.3383321030E-02  9.8769219377E-03
-0.1375  1.8292022188E-01 -1.8706242262E-02  3.5844365342E-02  1.0503383556E-02
-0.1250  1.8503279385E-01 -1.9307929928E-02  3.8369612758E-02  1.1141302138E-02
-0.1125  1.8721566223E-01 -1.9905931124E-02  4.0960667518E-02  1.1791112098E-02
-0.1000  1.8946805413E-01 -2.0500389431E-02  4.3618986311E-02  1.2453407646E-02
-0.0875  1.9178924782E-01 -2.1091455969E-02  4.6345919473E-02  1.3128926849E-02
-0.0750  1.9417867942E-01 -2.1679290035E-02  4.9142760144E-02  1.3818531001E-02
-0.0625  1.9663605014E-01 -2.2264061010E-02  5.2010799631E-02  1.4523180178E-02
-0.0500  1.9916143033E-01 -2.2845951630E-02  5.4951387073E-02  1.5243906013E-02
-0.0375  2.0175535670E-01 -2.3425162602E-02  5.7965991366E-02  1.5981782785E-02
-0.0250  2.0441891954E-01 -2.4001918429E-02  6.1056263256E-02  1.6737897935E-02
-0.0125  2.0715383665E-01 -2.4576474227E-02  6.4224095541E-02  1.7513323175E-02
-0.0000  2.0996251153E-01 -2.5149123200E-02  6.7471679396E-02  1.8309087234E-02
 0.0125  2.1284807370E-01 -2.5720204367E-02  7.0801554978E-02  1.9126151280E-02
 0.0250  2.1581439945E-01 -2.6290110071E-02  7.4216654692E-02  1.9965387891E-02
 0.0375  2.1886611242E-01 -2.6859292741E-02  7.7720337724E-02  2.0827564321E-02
 0.0500  2.2200856353E-01 -2.7428270381E-02  8.1316414765E-02  2.1713330644E-02
 0.0625  2.2524779092E-01 -2.7997630242E-02  8.5009162168E-02  2.2623213184E-02
 0.0750  2.2859046101E-01 -2.8568030172E-02  8.8803325153E-02  2.3557613416E-02
 0.0875  2.3204379256E-01 -2.9140197207E-02  9.2704110030E-02  2.4516812380E-02
 0.1000  2.3561546614E-01 -2.9714923039E-02  9.6717165799E-02  2.5500980408E-02
 0.1125  2.3931352207E-01 -3.0293056108E-02  1.0084855589E-01  2.6510191817E-02
 0.1250  2.4314625032E-01 -3.0875490209E-02  1.0510472113E-01  2.7544444051E-02
 0.1375  2.4712207627E-01 -3.1463149627E-02  1.0949243544E-01  2.8603680603E-02
 0.1500  2.5124944644E-01 -3.2056970999E-02  1.1401875597E-01  2.9687816930E-02
 0.1625  2.5553671846E-01 -3.2657882244E-02  1.1869096983E-01  3.0796768515E-02
 0.1750  2.5999205982E-01 -3.3266779078E-02  1.2351653966E-01  3.1930480128E-02
 0.1875  2.6462335935E-01 -3.3884499804E-02  1.2850305044E-01  3.3088955377E-02
 0.2000  2.6943815569E-01 -3.4511799178E-02  1.3365816039E-01  3.4272285594E-02
 0.2125  2.7444358640E-01 -3.5149322336E-02  1.3898955830E-01  3.5480677206E-02
 0.2250  2.7964636080E-01 -3.5797579829E-02  1.4450493024E-01  3.6714476784E-02
 0.2375  2.8505275940E-01 -3.6456924905E-02  1.5021193808E-01  3.7974193082E-02
 0.2500  2.9066866183E-01 -3.7127534233E-02  1.5611821245E-01  3.9260515509E-02
 0.2625  2.9649960452E-01 -3.7809393231E-02  1.6223136217E-01  4.0574328627E-02
 0.2750  3.0255086882E-01 -3.8502287153E-02  1.6855900245E-01  4.1916722399E-02
 0.2875  3.0882759912E-01 -3.9205798949E-02  1.7510880331E-01  4.3288998107E-02
 0.3000  3.1533494990E-01 -3.9919314819E-02  1.8188855961E-01  4.4692669987E-02
 0.3125  3.2207825985E-01 -4.0642038152E-02  1.8890628358E-01  4.6129462783E-02
 0.3250  3.2906325049E-01 -4.1373012304E-02  1.9617032013E-01  4.7601305539E-02
 0.3375  3.3629624576E-01 -4.2111152402E-02  2.0368948489E-01  4.9110322078E-02
 0.3500  3.4378440891E-01 -4.2855286005E-02  2.1147322435E-01  5.0658818672E-02
 0.3625  3.5153599215E-01 -4.3604202103E-02  2.1953179670E-01  5.2249269473E-02
 0.3750  3.5956059447E-01 -4.4356707560E-02  2.2787647185E-01  5.3884300299E-02
 0.3875  3.6786942267E-01 -4.5111689677E-02  2.3651974814E-01  5.5566671362E-02
 0.4000  3.7647555087E-01 -4.5868183185E-02  2.4547558305E-01  5.7299259525E-02
 0.4125  3.8539417377E-01 -4.6625439548E-02  2.5475963478E-01  5.9085040618E-02
 0.4250  3.9464284953E-01 -4.7382996133E-02  2.6438951107E-01  6.0927072351E-02
 0.4375  4.0424172860E-01 -4.8140742459E-02  2.7438502153E-01  6.2828478314E-02
 0.4500  4.1421376583E-01 -4.8898980517E-02  2.8476842975E-01  6.4792433614E-02
 0.4625  4.2458491428E-01 -4.9658475953E-02  2.9556470138E-01  6.6822152770E-02
 0.4750  4.3538430014E-01 -5.0420496880E-02  3.0680174500E-01  6.8920880626E-02
 0.4875  4.4664438030E-01 -5.1186837116E-02  3.1851064285E-01  7.1091887368E-02
 0.5000  4.5840108526E-01 -5.1959820873E-02  3.3072587001E-01  7.3338469067E-02
 0.5125  4.7069395253E-01 -5.2742286266E-02  3.4348550156E-01  7.5663955760E-02
 0.5250  4.8356625779E-01 -5.3537545543E-02  3.5683140941E-01  7.8071729793E-02
 0.5375  4.9706515382E-01 -5.4349320656E-02  3.7080945314E-01  8.0565258060E-02
 0.5500  5.1124183002E-01 -5.5181653684E-02  3.8546967237E-01  8.3148142845E-02
 0.5625  5.2615170915E-01 -5.6038792694E-02  4.0086649243E-01  8.5824197260E-02
 0.5750  5.4185470165E-01 -5.6925054906E-02  4.1705896082E-01  8.8597552656E-02
 0.5875  5.5841554323E-01 -5.7844670426E-02  4.3411103828E-01  9.1472806827E-02
 0.6000  5.7590424697E-01 -5.8801611424E-02  4.5209197731E-01  9.4455223315E-02
 0.6125  5.9439670912E-01 -5.9799413286E-02  4.7107683136E-01  9.7550993308E-02
 0.6250  6.1397551693E-01 -6.0840996089E-02  4.9114715133E-01  1.0076757255E-01
 0.6375  6.3473101904E-01 -6.1928496516E-02  5.1239194284E-01  1.0411410585E-01
 0.6500  6.5676273471E-01 -6.3063122118E-02  5.3490897828E-01  1.0760195081E-01
 0.6625  6.8018119847E-01 -6.4245041530E-02  5.5880658390E-01  1.1124531028E-01
 0.6750  7.0511036371E-01 -6.5473325690E-02  5.8420605484E-01  1.1506197783E-01
 0.6875  7.3169072363E-01 -6.6745956346E-02  6.1124489188E-01  1.1907419370E-01
 0.7000  7.6008335438E-01 -6.8059918942E-02  6.4008110549E-01  1.2330959611E-01
 0.7125  7.9047514558E-01 -6.9411397307E-02  6.7089889783E-01  1.2780223656E-01
 0.7250  8.2308556358E-01 -7.0796087272E-02  7.0391611623E-01  1.3259360318E-01
 0.7375  8.5817539743E-01 -7.2209645374E-02  7.3939397704E-01  1.3773356351E-01
 0.7500  8.9605807615E-01 -7.3648286919E-02  7.7764969386E-01  1.4328109387E-01
 0.7625  9.3711432861E-01 -7.5109544849E-02  8.1907281887E-01  1.4930460363E-01
 0.7750  9.8181120003E-01 -7.6593196772E-02  8.6414633349E-01  1.5588158617E-01
 0.7875  1.0307267638E+00 -7.8102362081E-02  9.1347382546E-01  1.6309722968E-01
 0.8000  1.0845823057E+00 -7.9644763833E-02  9.6781449251E-01  1.7104149412E-01
 0.8125  1.1442843600E+00 -8.1234140723E-02  1.0281282656E+00  1.7980400042E-01
 0.8250  1.2109798177E+00 -8.2891782066E-02  1.0956341211E+00  1.8946587528E-01
 0.8375  1.2861285396E+00 -8.4648141635E-02  1.1718857773E+00  2.0008743960E-01
 0.8500  1.3715997112E+00 -8.6544460372E-02  1.2588706759E+00  2.1169030644E-01
 0.8625  1.4698009818E+00 -8.8634284433E-02  1.3591408376E+00  2.2423204329E-01
 0.8750  1.5838540450E+00 -9.0984683395E-02  1.4759886833E+00  2.3757101657E-01
 0.8875  1.7178383722E+00 -9.3676804705E-02  1.6136889154E+00  2.5141829739E-01
 0.9000  1.8771399658E+00 -9.6805000742E-02  1.7778428619E+00  2.6527236079E-01
 0.9125  2.0689729278E+00 -1.0047260508E-01  1.9758933773E+00  2.7833007404E-01
 0.9250  2.3032106072E+00 -1.0477832900E-01  2.2179496946E+00  2.8936159403E-01
 0.9375  2.5938307739E+00 -1.0977110202E-01  2.5182347671E+00  2.9651759274E-01
 0.9500  2.9617187095E+00 -1.1528660041E-01  2.8979152717E+00  2.9696869105E-01
 0.9625  3.4407902655E+00 -1.2032735610E-01  3.3912833916E+00  2.8603005223E-01
 0.9750  4.0928969292E+00 -1.2070983536E-01  4.0606099344E+00  2.5455397119E-01
 0.9875  5.0472182640E+00 -1.0034578525E-01  5.0343808389E+00  1.8040271253E-01
 1.0000  6.6099962066E+00  0.0000000000E+00  6.6099962066E+00  1.4312945658E-17
