lambda(um), Cext(cm^2/H), albedo, <cos>, # of angles
   1.22000  1.45245E-22   0.58392   0.28934   161
cos(theta),     S11,               S12,             S33,             S34
-1.0000  3.3917618754E-01  3.2176973992E-20 -3.3917618754E-01 -9.6828307918E-20
-0.9875  3.3468729227E-01 -3.4186431761E-03 -3.3459056256E-01  2.6662931469E-03
-0.9750  3.3045975508E-01 -6.7973332420E-03 -3.3007892272E-01  5.1831060627E-03
-0.9625  3.2647933581E-01 -1.0137262656E-02 -3.2563570016E-01  7.5613130466E-03
-0.9500  3.2273264362E-01 -1.3439586947E-02 -3.2125559152E-01  9.8111380705E-03
-0.9375  3.1920709282E-01 -1.6705423797E-02 -3.1693354371E-01  1.1942189637E-02
-0.9250  3.1589086083E-01 -1.9935852300E-02 -3.1266474030E-01  1.3963493950E-02
-0.9125  3.1277284821E-01 -2.3131912360E-02 -3.0844458861E-01  1.5883526466E-02
-0.9000  3.0984264060E-01 -2.6294604241E-02 -3.0426870744E-01  1.7710241910E-02
-0.8875  3.0709047259E-01 -2.9424888233E-02 -3.0013291527E-01  1.9451102810E-02
-0.8750  3.0450719338E-01 -3.2523684455E-02 -2.9603321916E-01  2.1113106627E-02
-0.8625  3.0208423408E-01 -3.5591872751E-02 -2.9196580410E-01  2.2702811535E-02
-0.8500  2.9981357672E-01 -3.8630292702E-02 -2.8792702283E-01  2.4226360923E-02
-0.8375  2.9768772478E-01 -4.1639743717E-02 -2.8391338630E-01  2.5689506664E-02
-0.8250  2.9569967523E-01 -4.4620985221E-02 -2.7992155438E-01  2.7097631213E-02
-0.8125  2.9384289198E-01 -4.7574736914E-02 -2.7594832718E-01  2.8455768590E-02
-0.8000  2.9211128064E-01 -5.0501679100E-02 -2.7199063669E-01  2.9768624291E-02
-0.7875  2.9049916468E-01 -5.3402453083E-02 -2.6804553885E-01  3.1040594187E-02
-0.7750  2.8900126274E-01 -5.6277661621E-02 -2.6411020603E-01  3.2275782444E-02
-0.7625  2.8761266710E-01 -5.9127869424E-02 -2.6018191977E-01  3.3478018522E-02
-0.7500  2.8632882338E-01 -6.1953603712E-02 -2.5625806396E-01  3.4650873287E-02
-0.7375  2.8514551118E-01 -6.4755354802E-02 -2.5233611832E-01  3.5797674278E-02
-0.7250  2.8405882585E-01 -6.7533576735E-02 -2.4841365217E-01  3.6921520178E-02
-0.7125  2.8306516114E-01 -7.0288687940E-02 -2.4448831848E-01  3.8025294510E-02
-0.7000  2.8216119287E-01 -7.3021071916E-02 -2.4055784822E-01  3.9111678610E-02
-0.6875  2.8134386340E-01 -7.5731077948E-02 -2.3662004503E-01  4.0183163898E-02
-0.6750  2.8061036701E-01 -7.8419021835E-02 -2.3267278001E-01  4.1242063490E-02
-0.6625  2.7995813602E-01 -8.1085186634E-02 -2.2871398686E-01  4.2290523182E-02
-0.6500  2.7938482770E-01 -8.3729823427E-02 -2.2474165722E-01  4.3330531821E-02
-0.6375  2.7888831197E-01 -8.6353152083E-02 -2.2075383616E-01  4.4363931116E-02
-0.6250  2.7846665967E-01 -8.8955362040E-02 -2.1674861800E-01  4.5392424899E-02
-0.6125  2.7811813158E-01 -9.1536613083E-02 -2.1272414216E-01  4.6417587860E-02
-0.6000  2.7784116804E-01 -9.4097036125E-02 -2.0867858936E-01  4.7440873799E-02
-0.5875  2.7763437918E-01 -9.6636733994E-02 -2.0461017785E-01  4.8463623402E-02
-0.5750  2.7749653572E-01 -9.9155782206E-02 -2.0051715985E-01  4.9487071567E-02
-0.5625  2.7742656026E-01 -1.0165422974E-01 -1.9639781821E-01  5.0512354307E-02
-0.5500  2.7742351916E-01 -1.0413209980E-01 -1.9225046309E-01  5.1540515248E-02
-0.5375  2.7748661488E-01 -1.0658939058E-01 -1.8807342888E-01  5.2572511740E-02
-0.5250  2.7761517877E-01 -1.0902607602E-01 -1.8386507119E-01  5.3609220600E-02
-0.5125  2.7780866435E-01 -1.1144210649E-01 -1.7962376394E-01  5.4651443507E-02
-0.5000  2.7806664093E-01 -1.1383740957E-01 -1.7534789665E-01  5.5699912065E-02
-0.4875  2.7838878776E-01 -1.1621189074E-01 -1.7103587174E-01  5.6755292548E-02
-0.4750  2.7877488843E-01 -1.1856543402E-01 -1.6668610194E-01  5.7818190343E-02
-0.4625  2.7922482571E-01 -1.2089790271E-01 -1.6229700786E-01  5.8889154113E-02
-0.4500  2.7973857676E-01 -1.2320913999E-01 -1.5786701557E-01  5.9968679677E-02
-0.4375  2.8031620859E-01 -1.2549896956E-01 -1.5339455426E-01  6.1057213641E-02
-0.4250  2.8095787393E-01 -1.2776719625E-01 -1.4887805401E-01  6.2155156770E-02
-0.4125  2.8166380729E-01 -1.3001360660E-01 -1.4431594360E-01  6.3262867135E-02
-0.4000  2.8243432145E-01 -1.3223796945E-01 -1.3970664836E-01  6.4380663029E-02
-0.3875  2.8326980409E-01 -1.3444003642E-01 -1.3504858811E-01  6.5508825669E-02
-0.3750  2.8417071476E-01 -1.3661954246E-01 -1.3034017512E-01  6.6647601695E-02
-0.3625  2.8513758209E-01 -1.3877620634E-01 -1.2557981212E-01  6.7797205472E-02
-0.3500  2.8617100119E-01 -1.4090973106E-01 -1.2076589033E-01  6.8957821205E-02
-0.3375  2.8727163139E-01 -1.4301980434E-01 -1.1589678755E-01  7.0129604876E-02
-0.3250  2.8844019407E-01 -1.4510609895E-01 -1.1097086626E-01  7.1312686009E-02
-0.3125  2.8967747081E-01 -1.4716827315E-01 -1.0598647171E-01  7.2507169272E-02
-0.3000  2.9098430164E-01 -1.4920597098E-01 -1.0094193010E-01  7.3713135916E-02
-0.2875  2.9236158360E-01 -1.5121882256E-01 -9.5835546673E-02  7.4930645067E-02
-0.2750  2.9381026942E-01 -1.5320644441E-01 -9.0665603904E-02  7.6159734872E-02
-0.2625  2.9533136638E-01 -1.5516843964E-01 -8.5430359638E-02  7.7400423498E-02
-0.2500  2.9692593537E-01 -1.5710439822E-01 -8.0128045235E-02  7.8652709998E-02
-0.2375  2.9859509012E-01 -1.5901389706E-01 -7.4756863717E-02  7.9916575046E-02
-0.2250  3.0033999660E-01 -1.6089650025E-01 -6.9314987891E-02  8.1191981537E-02
-0.2125  3.0216187257E-01 -1.6275175907E-01 -6.3800558460E-02  8.2478875066E-02
-0.2000  3.0406198730E-01 -1.6457921212E-01 -5.8211682115E-02  8.3777184283E-02
-0.1875  3.0604166144E-01 -1.6637838531E-01 -5.2546429601E-02  8.5086821124E-02
-0.1750  3.0810226707E-01 -1.6814879184E-01 -4.6802833746E-02  8.6407680928E-02
-0.1625  3.1024522785E-01 -1.6988993216E-01 -4.0978887466E-02  8.7739642433E-02
-0.1500  3.1247201939E-01 -1.7160129388E-01 -3.5072541727E-02  8.9082567659E-02
-0.1375  3.1478416971E-01 -1.7328235162E-01 -2.9081703461E-02  9.0436301673E-02
-0.1250  3.1718325989E-01 -1.7493256680E-01 -2.3004233442E-02  9.1800672240E-02
-0.1125  3.1967092484E-01 -1.7655138745E-01 -1.6837944105E-02  9.3175489361E-02
-0.1000  3.2224885425E-01 -1.7813824794E-01 -1.0580597313E-02  9.4560544691E-02
-0.0875  3.2491879368E-01 -1.7969256861E-01 -4.2299020626E-03  9.5955610845E-02
-0.0750  3.2768254580E-01 -1.8121375542E-01  2.2164878750E-03  9.7360440586E-02
-0.0625  3.3054197177E-01 -1.8270119954E-01  8.7609763785E-03  9.8774765889E-02
-0.0500  3.3349899283E-01 -1.8415427685E-01  1.5406027477E-02  1.0019829689E-01
-0.0375  3.3655559199E-01 -1.8557234743E-01  2.2154167925E-02  1.0163072071E-01
-0.0250  3.3971381594E-01 -1.8695475493E-01  2.9007989863E-02  1.0307170015E-01
-0.0125  3.4297577707E-01 -1.8830082596E-01  3.5970153556E-02  1.0452087223E-01
-0.0000  3.4634365574E-01 -1.8960986934E-01  4.3043390232E-02  1.0597784668E-01
 0.0125  3.4981970266E-01 -1.9088117537E-01  5.0230505008E-02  1.0744220417E-01
 0.0250  3.5340624150E-01 -1.9211401494E-01  5.7534379920E-02  1.0891349450E-01
 0.0375  3.5710567170E-01 -1.9330763864E-01  6.4957977055E-02  1.1039123457E-01
 0.0500  3.6092047139E-01 -1.9446127576E-01  7.2504341792E-02  1.1187490625E-01
 0.0625  3.6485320069E-01 -1.9557413326E-01  8.0176606155E-02  1.1336395409E-01
 0.0750  3.6890650505E-01 -1.9664539458E-01  8.7977992290E-02  1.1485778276E-01
 0.0875  3.7308311890E-01 -1.9767421843E-01  9.5911816058E-02  1.1635575450E-01
 0.1000  3.7738586959E-01 -1.9865973748E-01  1.0398149076E-01  1.1785718621E-01
 0.1125  3.8181768142E-01 -1.9960105697E-01  1.1219053100E-01  1.1936134644E-01
 0.1250  3.8638158014E-01 -2.0049725317E-01  1.2054255666E-01  1.2086745221E-01
 0.1375  3.9108069748E-01 -2.0134737179E-01  1.2904129709E-01  1.2237466553E-01
 0.1500  3.9591827620E-01 -2.0215042626E-01  1.3769059533E-01  1.2388208977E-01
 0.1625  4.0089767526E-01 -2.0290539595E-01  1.4649441259E-01  1.2538876578E-01
 0.1750  4.0602237540E-01 -2.0361122415E-01  1.5545683287E-01  1.2689366778E-01
 0.1875  4.1129598503E-01 -2.0426681606E-01  1.6458206770E-01  1.2839569898E-01
 0.2000  4.1672224641E-01 -2.0487103656E-01  1.7387446106E-01  1.2989368698E-01
 0.2125  4.2230504229E-01 -2.0542270791E-01  1.8333849455E-01  1.3138637880E-01
 0.2250  4.2804840285E-01 -2.0592060720E-01  1.9297879265E-01  1.3287243574E-01
 0.2375  4.3395651308E-01 -2.0636346379E-01  2.0280012823E-01  1.3435042781E-01
 0.2500  4.4003372058E-01 -2.0674995644E-01  2.1280742821E-01  1.3581882797E-01
 0.2625  4.4628454379E-01 -2.0707871037E-01  2.2300577946E-01  1.3727600589E-01
 0.2750  4.5271368069E-01 -2.0734829410E-01  2.3340043490E-01  1.3872022147E-01
 0.2875  4.5932601805E-01 -2.0755721611E-01  2.4399681977E-01  1.4014961793E-01
 0.3000  4.6612664107E-01 -2.0770392127E-01  2.5480053821E-01  1.4156221449E-01
 0.3125  4.7312084373E-01 -2.0778678708E-01  2.6581737998E-01  1.4295589870E-01
 0.3250  4.8031413957E-01 -2.0780411969E-01  2.7705332747E-01  1.4432841826E-01
 0.3375  4.8771227317E-01 -2.0775414966E-01  2.8851456292E-01  1.4567737245E-01
 0.3500  4.9532123223E-01 -2.0763502747E-01  3.0020747590E-01  1.4700020301E-01
 0.3625  5.0314726032E-01 -2.0744481877E-01  3.1213867109E-01  1.4829418458E-01
 0.3750  5.1119687036E-01 -2.0718149935E-01  3.2431497624E-01  1.4955641457E-01
 0.3875  5.1947685884E-01 -2.0684294978E-01  3.3674345046E-01  1.5078380249E-01
 0.4000  5.2799432079E-01 -2.0642694979E-01  3.4943139280E-01  1.5197305865E-01
 0.4125  5.3675666562E-01 -2.0593117225E-01  3.6238635109E-01  1.5312068231E-01
 0.4250  5.4577163382E-01 -2.0535317683E-01  3.7561613106E-01  1.5422294912E-01
 0.4375  5.5504731454E-01 -2.0469040330E-01  3.8912880584E-01  1.5527589793E-01
 0.4500  5.6459216421E-01 -2.0394016438E-01  4.0293272570E-01  1.5627531685E-01
 0.4625  5.7441502608E-01 -2.0309963825E-01  4.1703652814E-01  1.5721672856E-01
 0.4750  5.8452515090E-01 -2.0216586050E-01  4.3144914834E-01  1.5809537483E-01
 0.4875  5.9493221871E-01 -2.0113571576E-01  4.4617982990E-01  1.5890620026E-01
 0.5000  6.0564636176E-01 -2.0000592870E-01  4.6123813599E-01  1.5964383505E-01
 0.5125  6.1667818876E-01 -1.9877305458E-01  4.7663396083E-01  1.6030257699E-01
 0.5250  6.2803881037E-01 -1.9743346924E-01  4.9237754152E-01  1.6087637233E-01
 0.5375  6.3973986611E-01 -1.9598335845E-01  5.0847947032E-01  1.6135879581E-01
 0.5500  6.5179355265E-01 -1.9441870673E-01  5.2495070726E-01  1.6174302951E-01
 0.5625  6.6421265375E-01 -1.9273528547E-01  5.4180259322E-01  1.6202184065E-01
 0.5750  6.7701057166E-01 -1.9092864031E-01  5.5904686332E-01  1.6218755821E-01
 0.5875  6.9020136029E-01 -1.8899407791E-01  5.7669566088E-01  1.6223204835E-01
 0.6000  7.0379976012E-01 -1.8692665181E-01  5.9476155171E-01  1.6214668854E-01
 0.6125  7.1782123500E-01 -1.8472114762E-01  6.1325753886E-01  1.6192234033E-01
 0.6250  7.3228201085E-01 -1.8237206724E-01  6.3219707792E-01  1.6154932075E-01
 0.6375  7.4719911649E-01 -1.7987361222E-01  6.5159409270E-01  1.6101737221E-01
 0.6500  7.6259042653E-01 -1.7721966618E-01  6.7146299145E-01  1.6031563090E-01
 0.6625  7.7847470667E-01 -1.7440377618E-01  6.9181868357E-01  1.5943259347E-01
 0.6750  7.9487166124E-01 -1.7141913306E-01  7.1267659682E-01  1.5835608218E-01
 0.6875  8.1180198334E-01 -1.6825855065E-01  7.3405269510E-01  1.5707320808E-01
 0.7000  8.2928740755E-01 -1.6491444380E-01  7.5596349676E-01  1.5557033250E-01
 0.7125  8.4735076550E-01 -1.6137880513E-01  7.7842609340E-01  1.5383302648E-01
 0.7250  8.6601604419E-01 -1.5764318052E-01  8.0145816939E-01  1.5184602820E-01
 0.7375  8.8530844750E-01 -1.5369864317E-01  8.2507802182E-01  1.4959319826E-01
 0.7500  9.0525446085E-01 -1.4953576620E-01  8.4930458116E-01  1.4705747274E-01
 0.7625  9.2588191914E-01 -1.4514459376E-01  8.7415743253E-01  1.4422081390E-01
 0.7750  9.4722007839E-01 -1.4051461042E-01  8.9965683751E-01  1.4106415841E-01
 0.7875  9.6929969087E-01 -1.3563470899E-01  9.2582375675E-01  1.3756736302E-01
 0.8000  9.9215308431E-01 -1.3049315638E-01  9.5267987314E-01  1.3370914757E-01
 0.8125  1.0158142450E+00 -1.2507755769E-01  9.8024761572E-01  1.2946703515E-01
 0.8250  1.0403189054E+00 -1.1937481824E-01  1.0085501842E+00  1.2481728930E-01
 0.8375  1.0657046360E+00 -1.1337110352E-01  1.0376115745E+00  1.1973484818E-01
 0.8500  1.0920109417E+00 -1.0705179695E-01  1.0674566046E+00  1.1419325547E-01
 0.8625  1.1192793641E+00 -1.0040145521E-01  1.0981109412E+00  1.0816458789E-01
 0.8750  1.1475535876E+00 -9.3403761286E-02  1.1296011279E+00  1.0161937924E-01
 0.8875  1.1768795518E+00 -8.6041474793E-02  1.1619546130E+00  9.4526540661E-02
 0.9000  1.2073055696E+00 -7.8296379659E-02  1.1951997790E+00  8.6853277155E-02
 0.9125  1.2388824507E+00 -7.0149228937E-02  1.2293659727E+00  7.8564999937E-02
 0.9250  1.2716636320E+00 -6.1579686630E-02  1.2644835360E+00  6.9625234645E-02
 0.9375  1.3057053140E+00 -5.2566266350E-02  1.3005838377E+00  5.9995525103E-02
 0.9500  1.3410666044E+00 -4.3086266677E-02  1.3376993063E+00  4.9635332475E-02
 0.9625  1.3778096691E+00 -3.3115703020E-02  1.3758634635E+00  3.8501929582E-02
 0.9750  1.4159998901E+00 -2.2629235832E-02  1.4151109588E+00  2.6550290178E-02
 0.9875  1.4557060319E+00 -1.1600094966E-02  1.4554776052E+00  1.3732972949E-02
 1.0000  1.4970004157E+00  0.0000000000E+00  1.4970004157E+00  4.5614903385E-19
