lambda(um), Cext(cm^2/H), albedo, <cos>, # of angles
   0.16710  1.20852E-21   0.42321   0.64147   161
cos(theta),     S11,               S12,             S33,             S34
-1.0000  1.0722893786E-01 -6.7217619304E-19 -1.0722893786E-01  1.3735844526E-18
-0.9875  1.0174749852E-01 -2.0821714143E-03 -1.0137615492E-01  3.7479254907E-03
-0.9750  9.7507982676E-02 -3.5477716282E-03 -9.6173606539E-02  6.7042181698E-03
-0.9625  9.4231538474E-02 -4.5790645388E-03 -9.1513119744E-02  9.0357282913E-03
-0.9500  9.1715065834E-02 -5.3007428483E-03 -8.7308100086E-02  1.0868824404E-02
-0.9375  8.9807880793E-02 -5.7990320279E-03 -8.3488493014E-02  1.2300949559E-02
-0.9250  8.8395804307E-02 -6.1345231426E-03 -7.9997061722E-02  1.3408580761E-02
-0.9125  8.7390363938E-02 -6.3507101873E-03 -7.6786625632E-02  1.4252734919E-02
-0.9000  8.6721490351E-02 -6.4796128449E-03 -7.3817993189E-02  1.4882808674E-02
-0.8875  8.6332579442E-02 -6.5454466005E-03 -7.1058392132E-02  1.5339288169E-02
-0.8750  8.6177139421E-02 -6.5670031762E-03 -6.8480255343E-02  1.5655689837E-02
-0.8625  8.6216490095E-02 -6.5591914411E-03 -6.6060263230E-02  1.5859973626E-02
-0.8500  8.6418156168E-02 -6.5340391439E-03 -6.3778575678E-02  1.5975590016E-02
-0.8375  8.6754717468E-02 -6.5013521718E-03 -6.1618209351E-02  1.6022269576E-02
-0.8250  8.7202961243E-02 -6.4691579042E-03 -5.9564531061E-02  1.6016629687E-02
-0.8125  8.7743236359E-02 -6.4440129777E-03 -5.7604846869E-02  1.5972650771E-02
-0.8000  8.8358944671E-02 -6.4312260709E-03 -5.5728071266E-02  1.5902059431E-02
-0.7875  8.9036127457E-02 -6.4350276523E-03 -5.3924463009E-02  1.5814645327E-02
-0.7750  8.9763119060E-02 -6.4587069996E-03 -5.2185415199E-02  1.5718530657E-02
-0.7625  9.0530249109E-02 -6.5047294314E-03 -5.0503288060E-02  1.5620404895E-02
-0.7500  9.1329580835E-02 -6.5748417917E-03 -4.8871274041E-02  1.5525732602E-02
-0.7375  9.2154677368E-02 -6.6701707756E-03 -4.7283286596E-02  1.5438938572E-02
-0.7250  9.3000391086E-02 -6.7913161420E-03 -4.5733866012E-02  1.5363572203E-02
-0.7125  9.3862673458E-02 -6.9384390494E-03 -4.4218097806E-02  1.5302451787E-02
-0.7000  9.4738404309E-02 -7.1113445940E-03 -4.2731541122E-02  1.5257789131E-02
-0.6875  9.5625240306E-02 -7.3095571201E-03 -4.1270165932E-02  1.5231295259E-02
-0.6750  9.6521482612E-02 -7.5323869138E-03 -3.9830298664E-02  1.5224268634E-02
-0.6625  9.7425963352E-02 -7.7789873628E-03 -3.8408576084E-02  1.5237668015E-02
-0.6500  9.8337949960E-02 -8.0484023689E-03 -3.7001907012E-02  1.5272172513E-02
-0.6375  9.9257065804E-02 -8.3396045298E-03 -3.5607441016E-02  1.5328231476E-02
-0.6250  1.0018322497E-01 -8.6515252030E-03 -3.4222542755E-02  1.5406106611E-02
-0.6125  1.0111657881E-01 -8.9830778935E-03 -3.2844770377E-02  1.5505908153E-02
-0.6000  1.0205747195E-01 -9.3331764584E-03 -3.1471856432E-02  1.5627626289E-02
-0.5875  1.0300640562E-01 -9.7007494160E-03 -3.0101689997E-02  1.5771158407E-02
-0.5750  1.0396400687E-01 -1.0084751296E-02 -2.8732299291E-02  1.5936332323E-02
-0.5625  1.0493100253E-01 -1.0484171584E-02 -2.7361834567E-02  1.6122925476E-02
-0.5500  1.0590819737E-01 -1.0898041492E-02 -2.5988551591E-02  1.6330680137E-02
-0.5375  1.0689645624E-01 -1.1325438632E-02 -2.4610796298E-02  1.6559314926E-02
-0.5250  1.0789668992E-01 -1.1765489646E-02 -2.3226991248E-02  1.6808533200E-02
-0.5125  1.0890984444E-01 -1.2217370968E-02 -2.1835624310E-02  1.7078029158E-02
-0.5000  1.0993689359E-01 -1.2680308074E-02 -2.0435239653E-02  1.7367492534E-02
-0.4875  1.1097883386E-01 -1.3153573715E-02 -1.9024430732E-02  1.7676612693E-02
-0.4750  1.1203668119E-01 -1.3636485708E-02 -1.7601834630E-02  1.8005082675E-02
-0.4625  1.1311146886E-01 -1.4128404809E-02 -1.6166127018E-02  1.8352603351E-02
-0.4500  1.1420424576E-01 -1.4628732995E-02 -1.4716017025E-02  1.8718887565E-02
-0.4375  1.1531607481E-01 -1.5136912287E-02 -1.3250241582E-02  1.9103663838E-02
-0.4250  1.1644803131E-01 -1.5652423967E-02 -1.1767559173E-02  1.9506679192E-02
-0.4125  1.1760120137E-01 -1.6174787896E-02 -1.0266743241E-02  1.9927700720E-02
-0.4000  1.1877668068E-01 -1.6703561552E-02 -8.7465757742E-03  2.0366515813E-02
-0.3875  1.1997557384E-01 -1.7238338503E-02 -7.2058416486E-03  2.0822931234E-02
-0.3750  1.2119899457E-01 -1.7778746172E-02 -5.6433241748E-03  2.1296771535E-02
-0.3625  1.2244806682E-01 -1.8324442989E-02 -4.0578020293E-03  2.1787877416E-02
-0.3500  1.2372392657E-01 -1.8875115207E-02 -2.4480474026E-03  2.2296104627E-02
-0.3375  1.2502772423E-01 -1.9430473787E-02 -8.1282489635E-04  2.2821323811E-02
-0.3250  1.2636062715E-01 -1.9990251747E-02  8.4910946360E-04  2.3363421354E-02
-0.3125  1.2772382207E-01 -2.0554202252E-02  2.5390097184E-03  2.3922301006E-02
-0.3000  1.2911851716E-01 -2.1122097513E-02  4.2581423904E-03  2.4497885766E-02
-0.2875  1.3054594385E-01 -2.1693728345E-02  6.0077899267E-03  2.5090119438E-02
-0.2750  1.3200735831E-01 -2.2268904070E-02  7.7892549350E-03  2.5698967361E-02
-0.2625  1.3350404306E-01 -2.2847452351E-02  9.6038647222E-03  2.6324416053E-02
-0.2500  1.3503730875E-01 -2.3429218628E-02  1.1452975548E-02  2.6966471859E-02
-0.2375  1.3660849646E-01 -2.4014064944E-02  1.3337976100E-02  2.7625158981E-02
-0.2250  1.3821898047E-01 -2.4601868200E-02  1.5260289961E-02  2.8300517487E-02
-0.2125  1.3987017149E-01 -2.5192518025E-02  1.7221377155E-02  2.8992601901E-02
-0.2000  1.4156352016E-01 -2.5785914629E-02  1.9222735185E-02  2.9701480784E-02
-0.1875  1.4330052066E-01 -2.6381966978E-02  2.1265900136E-02  3.0427237463E-02
-0.1750  1.4508271416E-01 -2.6980591544E-02  2.3352448427E-02  3.1169971681E-02
-0.1625  1.4691169205E-01 -2.7581711742E-02  2.5483999594E-02  3.1929801721E-02
-0.1500  1.4878909906E-01 -2.8185257911E-02  2.7662220208E-02  3.2706866418E-02
-0.1375  1.5071663617E-01 -2.8791167625E-02  2.9888828701E-02  3.3501326572E-02
-0.1250  1.5269606379E-01 -2.9399386003E-02  3.2165600646E-02  3.4313365511E-02
-0.1125  1.5472920510E-01 -3.0009865774E-02  3.4494373989E-02  3.5143188845E-02
-0.1000  1.5681794991E-01 -3.0622566974E-02  3.6877053844E-02  3.5991023759E-02
-0.0875  1.5896425883E-01 -3.1237456305E-02  3.9315616716E-02  3.6857118311E-02
-0.0750  1.6117016797E-01 -3.1854506332E-02  4.1812114337E-02  3.7741741203E-02
-0.0625  1.6343779384E-01 -3.2473694738E-02  4.4368677503E-02  3.8645182302E-02
-0.0500  1.6576933844E-01 -3.3095003842E-02  4.6987520421E-02  3.9567753905E-02
-0.0375  1.6816709454E-01 -3.3718420469E-02  4.9670945954E-02  4.0509792499E-02
-0.0250  1.7063345108E-01 -3.4343936133E-02  5.2421351957E-02  4.1471660607E-02
-0.0125  1.7317089885E-01 -3.4971547398E-02  5.5241238617E-02  4.2453748302E-02
-0.0000  1.7578203650E-01 -3.5601256222E-02  5.8133216471E-02  4.3456474164E-02
 0.0125  1.7846957708E-01 -3.6233070141E-02  6.1100014749E-02  4.4480285646E-02
 0.0250  1.8123635520E-01 -3.6867002236E-02  6.4144489732E-02  4.5525659079E-02
 0.0375  1.8408533480E-01 -3.7503070928E-02  6.7269633046E-02  4.6593099642E-02
 0.0500  1.8701961763E-01 -3.8141299726E-02  7.0478580062E-02  4.7683141633E-02
 0.0625  1.9004245240E-01 -3.8781717061E-02  7.3774618737E-02  4.8796349185E-02
 0.0750  1.9315724460E-01 -3.9424356281E-02  7.7161199281E-02  4.9933317413E-02
 0.0875  1.9636756709E-01 -4.0069255811E-02  8.0641944935E-02  5.1094673769E-02
 0.1000  1.9967717139E-01 -4.0716459367E-02  8.4220663937E-02  5.2281079324E-02
 0.1125  2.0308999999E-01 -4.1366016125E-02  8.7901362577E-02  5.3493229796E-02
 0.1250  2.0661019959E-01 -4.2017980712E-02  9.1688259107E-02  5.4731856245E-02
 0.1375  2.1024213546E-01 -4.2672413016E-02  9.5585798337E-02  5.5997725610E-02
 0.1500  2.1399040705E-01 -4.3329377849E-02  9.9598666874E-02  5.7291641338E-02
 0.1625  2.1785986492E-01 -4.3988944590E-02  1.0373180919E-01  5.8614444365E-02
 0.1750  2.2185562915E-01 -4.4651186897E-02  1.0799044487E-01  5.9967014626E-02
 0.1875  2.2598310929E-01 -4.5316182571E-02  1.1238008738E-01  6.1350273081E-02
 0.2000  2.3024802609E-01 -4.5984013528E-02  1.1690656483E-01  6.2765184144E-02
 0.2125  2.3465643516E-01 -4.6654765807E-02  1.2157604272E-01  6.4212758350E-02
 0.2250  2.3921475267E-01 -4.7328529515E-02  1.2639504893E-01  6.5694055185E-02
 0.2375  2.4392978341E-01 -4.8005398629E-02  1.3137050088E-01  6.7210186131E-02
 0.2500  2.4880875129E-01 -4.8685470676E-02  1.3650973496E-01  6.8762318147E-02
 0.2625  2.5385933274E-01 -4.9368846341E-02  1.4182053863E-01  7.0351677847E-02
 0.2750  2.5908969311E-01 -5.0055629110E-02  1.4731118562E-01  7.1979556612E-02
 0.2875  2.6450852664E-01 -5.0745925036E-02  1.5299047483E-01  7.3647316763E-02
 0.3000  2.7012510039E-01 -5.1439842649E-02  1.5886777379E-01  7.5356398777E-02
 0.3125  2.7594930262E-01 -5.2137493028E-02  1.6495306713E-01  7.7108329470E-02
 0.3250  2.8199169620E-01 -5.2838989980E-02  1.7125701091E-01  7.8904731042E-02
 0.3375  2.8826357771E-01 -5.3544450329E-02  1.7779099333E-01  8.0747330953E-02
 0.3500  2.9477704297E-01 -5.4253994332E-02  1.8456720263E-01  8.2637972641E-02
 0.3625  3.0154505992E-01 -5.4967746260E-02  1.9159870318E-01  8.4578627092E-02
 0.3750  3.0858154988E-01 -5.5685835212E-02  1.9889952094E-01  8.6571405203E-02
 0.3875  3.1590147844E-01 -5.6408396156E-02  2.0648473944E-01  8.8618570757E-02
 0.4000  3.2352095752E-01 -5.7135571155E-02  2.1437060799E-01  9.0722553701E-02
 0.4125  3.3145736002E-01 -5.7867510661E-02  2.2257466322E-01  9.2885963397E-02
 0.4250  3.3972944922E-01 -5.8604374712E-02  2.3111586560E-01  9.5111601509E-02
 0.4375  3.4835752470E-01 -5.9346333800E-02  2.4001475245E-01  9.7402474387E-02
 0.4500  3.5736358752E-01 -6.0093569186E-02  2.4929360923E-01  9.9761804936E-02
 0.4625  3.6677152726E-01 -6.0846272316E-02  2.5897666109E-01  1.0219304429E-01
 0.4750  3.7660733425E-01 -6.1604643009E-02  2.6909028709E-01  1.0469988394E-01
 0.4875  3.8689934081E-01 -6.2368886011E-02  2.7966326016E-01  1.0728626946E-01
 0.5000  3.9767849593E-01 -6.3139205545E-02  2.9072701634E-01  1.0995641771E-01
 0.5125  4.0897867872E-01 -6.3915797602E-02  3.0231595820E-01  1.1271484015E-01
 0.5250  4.2083705745E-01 -6.4698839894E-02  3.1446779914E-01  1.1556637601E-01
 0.5375  4.3329450234E-01 -6.5488479718E-02  3.2722395741E-01  1.1851623969E-01
 0.5500  4.4639606282E-01 -6.6284820395E-02  3.4063001245E-01  1.2157008805E-01
 0.5625  4.6019152312E-01 -6.7087907494E-02  3.5473624028E-01  1.2473411324E-01
 0.5750  4.7473605403E-01 -6.7897716684E-02  3.6959825033E-01  1.2801516677E-01
 0.5875  4.9009098420E-01 -6.8714145804E-02  3.8527775351E-01  1.3142091948E-01
 0.6000  5.0632472121E-01 -6.9537014455E-02  4.0184349927E-01  1.3496005949E-01
 0.6125  5.2351386139E-01 -7.0366074936E-02  4.1937242971E-01  1.3864252617E-01
 0.6250  5.4174453770E-01 -7.1201038634E-02  4.3795110925E-01  1.4247977158E-01
 0.6375  5.6111406716E-01 -7.2041621494E-02  4.5767749981E-01  1.4648503243E-01
 0.6500  5.8173297349E-01 -7.2887610893E-02  4.7866316158E-01  1.5067358451E-01
 0.6625  6.0372747486E-01 -7.3738953548E-02  5.0103596880E-01  1.5506293943E-01
 0.6750  6.2724254270E-01 -7.4595859663E-02  5.2494343471E-01  1.5967293167E-01
 0.6875  6.5244565197E-01 -7.5458911981E-02  5.5055674153E-01  1.6452563542E-01
 0.7000  6.7953135843E-01 -7.6329159542E-02  5.7807556721E-01  1.6964505082E-01
 0.7125  7.0872685369E-01 -7.7208164772E-02  6.0773379456E-01  1.7505651518E-01
 0.7250  7.4029866995E-01 -7.8097959656E-02  6.3980618642E-01  1.8078583692E-01
 0.7375  7.7456074374E-01 -7.9000853544E-02  6.7461612814E-01  1.8685823148E-01
 0.7500  8.1188412582E-01 -7.9919024092E-02  7.1254460789E-01  1.9329727540E-01
 0.7625  8.5270878716E-01 -8.0853817973E-02  7.5404078134E-01  2.0012430229E-01
 0.7750  8.9755830105E-01 -8.1804695247E-02  7.9963484942E-01  2.0735895602E-01
 0.7875  9.4705882052E-01 -8.2767778610E-02  8.4995472862E-01  2.1502199214E-01
 0.8000  1.0019649597E+00 -8.3734026104E-02  9.0574937953E-01  2.2314185287E-01
 0.8125  1.0631973234E+00 -8.4687144172E-02  9.6792410364E-01  2.3176695940E-01
 0.8250  1.1319001548E+00 -8.5601506904E-02  1.0375972861E+00  2.4098590282E-01
 0.8375  1.2095339185E+00 -8.6440550742E-02  1.1161949874E+00  2.5095745858E-01
 0.8500  1.2980282442E+00 -8.7156361559E-02  1.2056110712E+00  2.6195104064E-01
 0.8625  1.4000381427E+00 -8.7691423847E-02  1.3084786952E+00  2.7439490491E-01
 0.8750  1.5193749752E+00 -8.7983668168E-02  1.4286279286E+00  2.8892256373E-01
 0.8875  1.6617302596E+00 -8.7975849401E-02  1.5718504328E+00  3.0639502613E-01
 0.9000  1.8358870685E+00 -8.7629574404E-02  1.7471666844E+00  3.2785380980E-01
 0.9125  2.0557431367E+00 -8.6942363671E-02  1.9689152142E+00  3.5432133406E-01
 0.9250  2.3436999407E+00 -8.5961867944E-02  2.2602024292E+00  3.8630244779E-01
 0.9375  2.7364238033E+00 -8.4782545599E-02  2.6586828672E+00  4.2274000953E-01
 0.9500  3.2950315593E+00 -8.3491131281E-02  3.2266511198E+00  4.5901680030E-01
 0.9625  4.1248647352E+00 -8.1974807079E-02  4.0704846350E+00  4.8332502917E-01
 0.9750  5.4227470354E+00 -7.9227835048E-02  5.3871498209E+00  4.7002670318E-01
 0.9875  7.6403255818E+00 -6.9106836870E-02  7.6261084726E+00  3.6392020955E-01
 1.0000  1.2330034452E+01  5.4256086111E-46  1.2330034452E+01 -3.7594989339E-18
