lambda(um), Cext(cm^2/H), albedo, <cos>, # of angles
   0.12160  1.60352E-21   0.32587   0.67620   161
cos(theta),     S11,               S12,             S33,             S34
-1.0000  1.0228134418E-01  2.7185878440E-18 -1.0228134418E-01 -1.3503017743E-20
-0.9875  1.0140166761E-01 -1.4145935795E-03 -1.0134004824E-01  6.5438922051E-04
-0.9750  1.0067604338E-01 -2.7144877239E-03 -1.0044854694E-01  1.2559634056E-03
-0.9625  1.0007171484E-01 -3.9266628321E-03 -9.9594880023E-02  1.8115271639E-03
-0.9500  9.9567405876E-02 -5.0683675002E-03 -9.8772299538E-02  2.3289039319E-03
-0.9375  9.9147325479E-02 -6.1523818858E-03 -9.7975860104E-02  2.8158948592E-03
-0.9250  9.8798609722E-02 -7.1891703213E-03 -9.7201099314E-02  3.2793682371E-03
-0.9125  9.8510434734E-02 -8.1875598898E-03 -9.6443814329E-02  3.7247764291E-03
-0.9000  9.8273814952E-02 -9.1548480154E-03 -9.5700269867E-02  4.1561322257E-03
-0.8875  9.8081546358E-02 -1.0096822136E-02 -9.4967430550E-02  4.5763026915E-03
-0.8750  9.7928060767E-02 -1.1017888942E-02 -9.4243035294E-02  4.9874266892E-03
-0.8625  9.7809147646E-02 -1.1921336909E-02 -9.3525489419E-02  5.3912946152E-03
-0.8500  9.7721596294E-02 -1.2809671297E-02 -9.2813636450E-02  5.7895953970E-03
-0.8375  9.7662841901E-02 -1.3684937368E-02 -9.2106501069E-02  6.1840046407E-03
-0.8250  9.7630688031E-02 -1.4548962402E-02 -9.1403084910E-02  6.5761427584E-03
-0.8125  9.7623144484E-02 -1.5403482152E-02 -9.0702263437E-02  6.9674642093E-03
-0.8000  9.7638379880E-02 -1.6250156742E-02 -9.0002790807E-02  7.3591455404E-03
-0.7875  9.7674756625E-02 -1.7090511438E-02 -8.9303384606E-02  7.7520243925E-03
-0.7750  9.7730900324E-02 -1.7925851570E-02 -8.8602843145E-02  8.1466134033E-03
-0.7625  9.7805757439E-02 -1.8757197397E-02 -8.7900146877E-02  8.5431831664E-03
-0.7500  9.7898609777E-02 -1.9585268580E-02 -8.7194509064E-02  8.9418860988E-03
-0.7375  9.8009035212E-02 -2.0410526320E-02 -8.6485362123E-02  9.3428829897E-03
-0.7250  9.8136824079E-02 -2.1233260959E-02 -8.5772287967E-02  9.7464366714E-03
-0.7125  9.8281874672E-02 -2.2053699209E-02 -8.5054917110E-02  1.0152949999E-02
-0.7000  9.8444096381E-02 -2.2872100787E-02 -8.4332828697E-02  1.0562943416E-02
-0.6875  9.8623344987E-02 -2.3688819296E-02 -8.3605480873E-02  1.0976985353E-02
-0.6750  9.8819403613E-02 -2.4504314247E-02 -8.2872189759E-02  1.1395601490E-02
-0.6625  9.9032008658E-02 -2.5319116189E-02 -8.2132159617E-02  1.1819193285E-02
-0.6500  9.9260907182E-02 -2.6133760351E-02 -8.1384551411E-02  1.2247991418E-02
-0.6375  9.9505924196E-02 -2.6948712212E-02 -8.0628566367E-02  1.2682057893E-02
-0.6250  9.9767017183E-02 -2.7764309233E-02 -7.9863517897E-02  1.3121335331E-02
-0.6125  1.0004430063E-01 -2.8580736653E-02 -7.9088870025E-02  1.3565727993E-02
-0.6000  1.0033803341E-01 -2.9398044282E-02 -7.8304231162E-02  1.4015190169E-02
-0.5875  1.0064857331E-01 -3.0216198721E-02 -7.7509305658E-02  1.4469795977E-02
-0.5750  1.0097631277E-01 -3.1035155142E-02 -7.6703817921E-02  1.4929770570E-02
-0.5625  1.0132161496E-01 -3.1854927361E-02 -7.5887431717E-02  1.5395474321E-02
-0.5500  1.0168476880E-01 -3.2675635862E-02 -7.5059688348E-02  1.5867345440E-02
-0.5375  1.0206597544E-01 -3.3497520272E-02 -7.4219981610E-02  1.6345818650E-02
-0.5250  1.0246536926E-01 -3.4320913430E-02 -7.3367576425E-02  1.6831244556E-02
-0.5125  1.0288306598E-01 -3.5146185593E-02 -7.2501665020E-02  1.7323834099E-02
-0.5000  1.0331922287E-01 -3.5973676082E-02 -7.1621443370E-02  1.7823645085E-02
-0.4875  1.0377409240E-01 -3.6803633249E-02 -7.0726184465E-02  1.8330615275E-02
-0.4750  1.0424805310E-01 -3.7636181054E-02 -6.9815285859E-02  1.8844632584E-02
-0.4625  1.0474160855E-01 -3.8471322469E-02 -6.8888276467E-02  1.9365621632E-02
-0.4500  1.0525535498E-01 -3.9308978799E-02 -6.7944779792E-02  1.9893620640E-02
-0.4375  1.0578992789E-01 -4.0149053092E-02 -6.6984443969E-02  2.0428825146E-02
-0.4250  1.0634594406E-01 -4.0991498413E-02 -6.6006859320E-02  2.0971584640E-02
-0.4125  1.0692395729E-01 -4.1836370026E-02 -6.5011488411E-02  2.1522352410E-02
-0.4000  1.0752444154E-01 -4.2683845329E-02 -6.3997630229E-02  2.2081603328E-02
-0.3875  1.0814780703E-01 -4.3534205135E-02 -6.2964430042E-02  2.2649744693E-02
-0.3750  1.0879444425E-01 -4.4387781909E-02 -6.1910932431E-02  2.3227048169E-02
-0.3625  1.0946478233E-01 -4.5244891069E-02 -6.0836161252E-02  2.3813625050E-02
-0.3500  1.1015934312E-01 -4.6105767131E-02 -5.9739201222E-02  2.4409453992E-02
-0.3375  1.1087877406E-01 -4.6970525330E-02 -5.8619254439E-02  2.5014453866E-02
-0.3250  1.1162384919E-01 -4.7839161568E-02 -5.7475652390E-02  2.5628579463E-02
-0.3125  1.1239543823E-01 -4.8711591330E-02 -5.6307817811E-02  2.6251909542E-02
-0.3000  1.1319445413E-01 -4.9587715444E-02 -5.5115187092E-02  2.6884698037E-02
-0.2875  1.1402179685E-01 -5.0467491327E-02 -5.3897117398E-02  2.7527370331E-02
-0.2750  1.1487831262E-01 -5.1350986036E-02 -5.2652808751E-02  2.8180464206E-02
-0.2625  1.1576478312E-01 -5.2238392891E-02 -5.1381267440E-02  2.8844533820E-02
-0.2500  1.1668194891E-01 -5.3130005430E-02 -5.0081324049E-02  2.9520048501E-02
-0.2375  1.1763055977E-01 -5.4026156945E-02 -4.8751701015E-02  3.0207321373E-02
-0.2250  1.1861143518E-01 -5.4927146125E-02 -4.7391107065E-02  3.0906493965E-02
-0.2125  1.1962551404E-01 -5.5833174821E-02 -4.5998325319E-02  3.1617584345E-02
-0.2000  1.2067387668E-01 -5.6744320423E-02 -4.4572262556E-02  3.2340583969E-02
-0.1875  1.2175773158E-01 -5.7660553536E-02 -4.3111939694E-02  3.3075570059E-02
-0.1750  1.2287837239E-01 -5.8581795459E-02 -4.1616424058E-02  3.3822793092E-02
-0.1625  1.2403712171E-01 -5.9507995047E-02 -4.0084725599E-02  3.4582706226E-02
-0.1500  1.2523528377E-01 -6.0439196650E-02 -3.8515693774E-02  3.5355923726E-02
-0.1375  1.2647412481E-01 -6.1375573281E-02 -3.6907953254E-02  3.6143121819E-02
-0.1250  1.2775489008E-01 -6.2317411671E-02 -3.5259903471E-02  3.6944918314E-02
-0.1125  1.2907885200E-01 -6.3265054170E-02 -3.3569783231E-02  3.7761777450E-02
-0.1000  1.3044737187E-01 -6.4218819641E-02 -3.1835775850E-02  3.8593978796E-02
-0.0875  1.3186195176E-01 -6.5178934649E-02 -3.0056112684E-02  3.9441665259E-02
-0.0750  1.3332425693E-01 -6.6145503080E-02 -2.8229131395E-02  4.0304953828E-02
-0.0625  1.3483610135E-01 -6.7118527438E-02 -2.6353261689E-02  4.1184065897E-02
-0.0500  1.3639940401E-01 -6.8097973920E-02 -2.4426940215E-02  4.2079423666E-02
-0.0375  1.3801613669E-01 -6.9083854549E-02 -2.2448486392E-02  4.2991670885E-02
-0.0250  1.3968828778E-01 -7.0076291461E-02 -2.0415989251E-02  4.3921606840E-02
-0.0125  1.4141786014E-01 -7.1075535162E-02 -1.8327252871E-02  4.4870060073E-02
-0.0000  1.4320690617E-01 -7.2081928152E-02 -1.6179824024E-02  4.5837756524E-02
 0.0125  1.4505758658E-01 -7.3095829703E-02 -1.3971089392E-02  4.6825242020E-02
 0.0250  1.4697222848E-01 -7.4117535859E-02 -1.1698396899E-02  4.7832896932E-02
 0.0375  1.4895335905E-01 -7.5147231922E-02 -9.3591420132E-03  4.8861039503E-02
 0.0500  1.5100370260E-01 -7.6185000308E-02 -6.9507735657E-03  4.9910072015E-02
 0.0625  1.5312614700E-01 -7.7230880614E-02 -4.4707101645E-03  5.0980601194E-02
 0.0750  1.5532370096E-01 -7.8284953065E-02 -1.9162015706E-03  5.2073473917E-02
 0.0875  1.5759946836E-01 -7.9347404193E-02  7.1580190143E-04  5.3189709221E-02
 0.1000  1.5995665735E-01 -8.0418541759E-02  3.4287107121E-03  5.4330359772E-02
 0.1125  1.6239862417E-01 -8.1498751452E-02  6.2262607670E-03  5.5496373946E-02
 0.1250  1.6492893375E-01 -8.2588418438E-02  9.1124044987E-03  5.6688532193E-02
 0.1375  1.6755141055E-01 -8.3687856015E-02  1.2091192428E-02  5.7907494185E-02
 0.1500  1.7027016008E-01 -8.4797280379E-02  1.5166717391E-02  5.9153933811E-02
 0.1625  1.7308955860E-01 -8.5916845347E-02  1.8343161756E-02  6.0428689338E-02
 0.1750  1.7601422809E-01 -8.7046717044E-02  2.1624931330E-02  6.1732845252E-02
 0.1875  1.7904902221E-01 -8.8187145340E-02  2.5016809729E-02  6.3067699684E-02
 0.2000  1.8219904271E-01 -8.9338490574E-02  2.8524053966E-02  6.4434638047E-02
 0.2125  1.8546968757E-01 -9.0501190907E-02  3.2152386600E-02  6.5834990814E-02
 0.2250  1.8886671325E-01 -9.1675692108E-02  3.5907903760E-02  6.7269964935E-02
 0.2375  1.9239628705E-01 -9.2862384980E-02  3.9796972926E-02  6.8740693904E-02
 0.2500  1.9606501448E-01 -9.4061590426E-02  4.3826203746E-02  7.0248376160E-02
 0.2625  1.9987994625E-01 -9.5273600659E-02  4.8002530106E-02  7.1794413575E-02
 0.2750  2.0384858510E-01 -9.6498747596E-02  5.2333369651E-02  7.3380461342E-02
 0.2875  2.0797891381E-01 -9.7737451627E-02  5.6826776117E-02  7.5008361220E-02
 0.3000  2.1227945179E-01 -9.8990218747E-02  6.1491507337E-02  7.6680011974E-02
 0.3125  2.1675932906E-01 -1.0025759169E-01  6.6336995159E-02  7.8397275961E-02
 0.3250  2.2142835802E-01 -1.0154009399E-01  7.1373278664E-02  8.0161994090E-02
 0.3375  2.2629709089E-01 -1.0283820968E-01  7.6610992818E-02  8.1976100249E-02
 0.3500  2.3137686865E-01 -1.0415241287E-01  8.2061465673E-02  8.3841751336E-02
 0.3625  2.3667987910E-01 -1.0548322185E-01  8.7736896967E-02  8.5761379746E-02
 0.3750  2.4221923905E-01 -1.0683123494E-01  9.3650533137E-02  8.7737640706E-02
 0.3875  2.4800910061E-01 -1.0819712266E-01  9.9816766883E-02  8.9773314762E-02
 0.4000  2.5406476910E-01 -1.0958158908E-01  1.0625116386E-01  9.1871261863E-02
 0.4125  2.6040282164E-01 -1.1098534082E-01  1.1297049146E-01  9.4034476169E-02
 0.4250  2.6704122924E-01 -1.1240909267E-01  1.1999283106E-01  9.6266201518E-02
 0.4375  2.7399949697E-01 -1.1385360406E-01  1.2733778957E-01  9.8570017498E-02
 0.4500  2.8129883485E-01 -1.1531971356E-01  1.3502675102E-01  1.0094984144E-01
 0.4625  2.8896235999E-01 -1.1680834433E-01  1.4308309526E-01  1.0340987726E-01
 0.4750  2.9701532226E-01 -1.1832048490E-01  1.5153237236E-01  1.0595459316E-01
 0.4875  3.0548535131E-01 -1.1985717380E-01  1.6040249411E-01  1.0858877699E-01
 0.5000  3.1440273632E-01 -1.2141950964E-01  1.6972401451E-01  1.1131763763E-01
 0.5125  3.2380075515E-01 -1.2300867937E-01  1.7953051122E-01  1.1414688042E-01
 0.5250  3.3371606225E-01 -1.2462597992E-01  1.8985901936E-01  1.1708272507E-01
 0.5375  3.4418913567E-01 -1.2627281970E-01  2.0075047587E-01  1.2013190634E-01
 0.5500  3.5526478667E-01 -1.2795071118E-01  2.1225019568E-01  1.2330171709E-01
 0.5625  3.6699274916E-01 -1.2966127367E-01  2.2440844495E-01  1.2660010367E-01
 0.5750  3.7942837437E-01 -1.3140624985E-01  2.3728115339E-01  1.3003577163E-01
 0.5875  3.9263345214E-01 -1.3318752289E-01  2.5093075742E-01  1.3361827024E-01
 0.6000  4.0667717621E-01 -1.3500712467E-01  2.6542716036E-01  1.3735807840E-01
 0.6125  4.2163728059E-01 -1.3686724278E-01  2.8084884564E-01  1.4126673720E-01
 0.6250  4.3760139382E-01 -1.3877023976E-01  2.9728422116E-01  1.4535704221E-01
 0.6375  4.5466867161E-01 -1.4071868827E-01  3.1483326839E-01  1.4964327271E-01
 0.6500  4.7295177600E-01 -1.4271541628E-01  3.3360955123E-01  1.5414144450E-01
 0.6625  4.9257928525E-01 -1.4476355953E-01  3.5374266208E-01  1.5886960063E-01
 0.6750  5.1369865026E-01 -1.4686662285E-01  3.7538123161E-01  1.6384815014E-01
 0.6875  5.3647984881E-01 -1.4902854577E-01  3.9869665833E-01  1.6910023798E-01
 0.7000  5.6111992092E-01 -1.5125375730E-01  4.2388771924E-01  1.7465212788E-01
 0.7125  5.8784861258E-01 -1.5354720283E-01  4.5118624992E-01  1.8053361670E-01
 0.7250  6.1693542678E-01 -1.5591433631E-01  4.8086415575E-01  1.8677854901E-01
 0.7375  6.4869849483E-01 -1.5836108982E-01  5.1324213502E-01  1.9342556334E-01
 0.7500  6.8351586678E-01 -1.6089386763E-01  5.4870070371E-01  2.0051930094E-01
 0.7625  7.2184014941E-01 -1.6351966923E-01  5.8769451083E-01  2.0811242623E-01
 0.7750  7.6421798802E-01 -1.6624651253E-01  6.3077162826E-01  2.1626887106E-01
 0.7875  8.1131680705E-01 -1.6908436826E-01  6.7860058105E-01  2.2506862042E-01
 0.8000  8.6396260734E-01 -1.7204676726E-01  7.3200941866E-01  2.3461397261E-01
 0.8125  9.2319452923E-01 -1.7515300889E-01  7.9204306570E-01  2.4503637704E-01
 0.8250  9.9034424372E-01 -1.7843037733E-01  8.6004723868E-01  2.5650164679E-01
 0.8375  1.0671507422E+00 -1.8191492846E-01  9.3778881675E-01  2.6920992485E-01
 0.8500  1.1559234569E+00 -1.8564845766E-01  1.0276231905E+00  2.8338646594E-01
 0.8625  1.2597695388E+00 -1.8966894155E-01  1.1327195852E+00  2.9926279163E-01
 0.8750  1.3829094694E+00 -1.9399373418E-01  1.2573616318E+00  3.1705987864E-01
 0.8875  1.5311369488E+00 -1.9860190207E-01  1.4073733911E+00  3.3701223317E-01
 0.9000  1.7125867096E+00 -2.0343753458E-01  1.5908389529E+00  3.5951840252E-01
 0.9125  1.9392944339E+00 -2.0847955430E-01  1.8196324826E+00  3.8555929525E-01
 0.9250  2.2308998114E+00 -2.1394038497E-01  2.1131975682E+00  4.1753155306E-01
 0.9375  2.6240442317E+00 -2.2060567526E-01  2.5082923072E+00  4.6041137423E-01
 0.9500  3.1964326218E+00 -2.3003439294E-01  3.0838760971E+00  5.2220282042E-01
 0.9625  4.1281708307E+00 -2.4335500798E-01  4.0237580028E+00  6.0977122618E-01
 0.9750  5.8629531613E+00 -2.5465177130E-01  5.7786184284E+00  7.0878766363E-01
 0.9875  9.6269411525E+00 -2.2773316912E-01  9.5816888774E+00  7.1640163736E-01
 1.0000  2.1465531371E+01  2.3670188483E-43  2.1465531371E+01  1.1039451939E-17
