lambda(um), Cext(cm^2/H), albedo, <cos>, # of angles
   0.12160  3.74211E-22   0.33534   0.58948   161
cos(theta),     S11,               S12,             S33,             S34
-1.0000  1.4190635947E-01 -7.3729135215E-19 -1.4190635947E-01 -4.1304090940E-19
-0.9875  1.4081649484E-01 -2.0080376049E-03 -1.4076446814E-01  7.6102715193E-04
-0.9750  1.3984715408E-01 -3.9211089107E-03 -1.3964987908E-01  1.4970978215E-03
-0.9625  1.3897798217E-01 -5.7569483600E-03 -1.3855447564E-01  2.2105795981E-03
-0.9500  1.3819541449E-01 -7.5274496622E-03 -1.3747363419E-01  2.9047302622E-03
-0.9375  1.3748929003E-01 -9.2416465008E-03 -1.3640413101E-01  3.5831803793E-03
-0.9250  1.3685126991E-01 -1.0907058054E-02 -1.3534317366E-01  4.2494029468E-03
-0.9125  1.3627423780E-01 -1.2530159046E-02 -1.3428814210E-01  4.9063306437E-03
-0.9000  1.3575213976E-01 -1.4116482538E-02 -1.3323665190E-01  5.5562480881E-03
-0.8875  1.3527992600E-01 -1.5670658532E-02 -1.3218665985E-01  6.2008837156E-03
-0.8750  1.3485346903E-01 -1.7196490583E-02 -1.3113650766E-01  6.8415802297E-03
-0.8625  1.3446943642E-01 -1.8697080492E-02 -1.3008489209E-01  7.4794677516E-03
-0.8500  1.3412512623E-01 -2.0174988849E-02 -1.2903077440E-01  8.1155971558E-03
-0.8375  1.3381828859E-01 -2.1632405653E-02 -1.2797325695E-01  8.7510058966E-03
-0.8250  1.3354697101E-01 -2.3071293527E-02 -1.2691146924E-01  9.3867114027E-03
-0.8125  1.3330941912E-01 -2.4493473216E-02 -1.2584450098E-01  1.0023656933E-02
-0.8000  1.3310404047E-01 -2.5900646447E-02 -1.2477139452E-01  1.0662650676E-02
-0.7875  1.3292941386E-01 -2.7294375854E-02 -1.2369118184E-01  1.1304331193E-02
-0.7750  1.3278431673E-01 -2.8676050670E-02 -1.2260293837E-01  1.1949171666E-02
-0.7625  1.3266774728E-01 -3.0046861284E-02 -1.2150582956E-01  1.2597517668E-02
-0.7500  1.3257892789E-01 -3.1407795466E-02 -1.2039913511E-01  1.3249644845E-02
-0.7375  1.3251728453E-01 -3.2759660506E-02 -1.1928224419E-01  1.3905820656E-02
-0.7250  1.3248240375E-01 -3.4103128573E-02 -1.1815462254E-01  1.4566354050E-02
-0.7125  1.3247397601E-01 -3.5438795468E-02 -1.1701576023E-01  1.5231619093E-02
-0.7000  1.3249173983E-01 -3.6767237114E-02 -1.1586511619E-01  1.5902045580E-02
-0.6875  1.3253544257E-01 -3.8089047448E-02 -1.1470207797E-01  1.6578081017E-02
-0.6750  1.3260482786E-01 -3.9404847669E-02 -1.1352594999E-01  1.7260138964E-02
-0.6625  1.3269964996E-01 -4.0715267361E-02 -1.1233597228E-01  1.7948553189E-02
-0.6500  1.3281970607E-01 -4.2020907563E-02 -1.1113136120E-01  1.8643553433E-02
-0.6375  1.3296487326E-01 -4.3322300335E-02 -1.0991135735E-01  1.9345269939E-02
-0.6250  1.3313513709E-01 -4.4619878524E-02 -1.0867526541E-01  2.0053764538E-02
-0.6125  1.3333060285E-01 -4.5913965116E-02 -1.0742247446E-01  2.0769079163E-02
-0.6000  1.3355148575E-01 -4.7204785924E-02 -1.0615245252E-01  2.1491288557E-02
-0.5875  1.3379808162E-01 -4.8492503253E-02 -1.0486471595E-01  2.2220542668E-02
-0.5750  1.3407072541E-01 -4.9777262244E-02 -1.0355878117E-01  2.2957086016E-02
-0.5625  1.3436974921E-01 -5.1059237045E-02 -1.0223411206E-01  2.3701247043E-02
-0.5500  1.3469545221E-01 -5.2338662946E-02 -1.0089007925E-01  2.4453399408E-02
-0.5375  1.3504809215E-01 -5.3615844352E-02 -9.9525944356E-02  2.5213906605E-02
-0.5250  1.3542790077E-01 -5.4891136072E-02 -9.8140874644E-02  2.5983067321E-02
-0.5125  1.3583511798E-01 -5.6164904080E-02 -9.6733983629E-02  2.6761079055E-02
-0.5000  1.3627003382E-01 -5.7437478268E-02 -9.5304384939E-02  2.7548031700E-02
-0.4875  1.3673302510E-01 -5.8709111873E-02 -9.3851242888E-02  2.8343933633E-02
-0.4750  1.3722457563E-01 -5.9979960027E-02 -9.2373804291E-02  2.9148763307E-02
-0.4625  1.3774527393E-01 -6.1250084366E-02 -9.0871401261E-02  2.9962531975E-02
-0.4500  1.3829578854E-01 -6.2519483332E-02 -8.9343422630E-02  3.0785339492E-02
-0.4375  1.3887682769E-01 -6.3788140325E-02 -8.7789260679E-02  3.1617406027E-02
-0.4250  1.3948909525E-01 -6.5056075901E-02 -8.6208247825E-02  3.2459068465E-02
-0.4125  1.4013325673E-01 -6.6323387996E-02 -8.4599602321E-02  3.3310740423E-02
-0.4000  1.4080992690E-01 -6.7590266825E-02 -8.2962400657E-02  3.4172846524E-02
-0.3875  1.4151968390E-01 -6.8856978654E-02 -8.1295586771E-02  3.5045750908E-02
-0.3750  1.4226310620E-01 -7.0123822613E-02 -7.9598016543E-02  3.5929703152E-02
-0.3625  1.4304082116E-01 -7.1391073829E-02 -7.7868524249E-02  3.6824820278E-02
-0.3500  1.4385354985E-01 -7.2658931053E-02 -7.6105989798E-02  3.7731112575E-02
-0.3375  1.4470213360E-01 -7.3927486095E-02 -7.4309384345E-02  3.8648547082E-02
-0.3250  1.4558753354E-01 -7.5196725992E-02 -7.2477777737E-02  3.9577130051E-02
-0.3125  1.4651080260E-01 -7.6466568714E-02 -7.0610302627E-02  4.0516982405E-02
-0.3000  1.4747303881E-01 -7.7736922271E-02 -6.8706083948E-02  4.1468382620E-02
-0.2875  1.4847533523E-01 -7.9007748606E-02 -6.6764154739E-02  4.2431760285E-02
-0.2750  1.4951874411E-01 -8.0279110659E-02 -6.4783385765E-02  4.3407639033E-02
-0.2625  1.5060426897E-01 -8.1551185267E-02 -6.2762453980E-02  4.4396545166E-02
-0.2500  1.5173288940E-01 -8.2824235376E-02 -6.0699863208E-02  4.5398912007E-02
-0.2375  1.5290561166E-01 -8.4098549267E-02 -5.8594012612E-02  4.6415014176E-02
-0.2250  1.5412352853E-01 -8.5374366945E-02 -5.6443290708E-02  4.7444957986E-02
-0.2125  1.5538786785E-01 -8.6651819915E-02 -5.4246161430E-02  4.8488735626E-02
-0.2000  1.5670001182E-01 -8.7930907302E-02 -5.2001208961E-02  4.9546327921E-02
-0.1875  1.5806147976E-01 -8.9211519347E-02 -4.9707120596E-02  5.0617821041E-02
-0.1750  1.5947387992E-01 -9.0493502342E-02 -4.7362608342E-02  5.1703494274E-02
-0.1625  1.6093884822E-01 -9.1776742863E-02 -4.4966293325E-02  5.2803843065E-02
-0.1500  1.6245799818E-01 -9.3061240023E-02 -4.2516593680E-02  5.3919523162E-02
-0.1375  1.6403290335E-01 -9.4347136563E-02 -4.0011659185E-02  5.5051231374E-02
-0.1250  1.6566512232E-01 -9.5634693604E-02 -3.7449381436E-02  5.6199565472E-02
-0.1125  1.6735625960E-01 -9.6924215446E-02 -3.4827480432E-02  5.7364918628E-02
-0.1000  1.6910804073E-01 -9.8215951903E-02 -3.2143636817E-02  5.8547455152E-02
-0.0875  1.7092237253E-01 -9.9510017383E-02 -2.9395616645E-02  5.9747184970E-02
-0.0750  1.7280136405E-01 -1.0080636206E-01 -2.6581333205E-02  6.0964113999E-02
-0.0625  1.7474729904E-01 -1.0210481114E-01 -2.3698811803E-02  6.2198412474E-02
-0.0500  1.7676257171E-01 -1.0340515987E-01 -2.0746062200E-02  6.3450529383E-02
-0.0375  1.7884961455E-01 -1.0470728618E-01 -1.7720904846E-02  6.4721197563E-02
-0.0250  1.8101085271E-01 -1.0601123156E-01 -1.4620822663E-02  6.6011317503E-02
-0.0125  1.8324870980E-01 -1.0731721100E-01 -1.1442906058E-02  6.7321762460E-02
-0.0000  1.8556566773E-01 -1.0862554197E-01 -8.1839224597E-03  6.8653189070E-02
 0.0125  1.8796435802E-01 -1.0993652040E-01 -4.8404855708E-03  7.0005944438E-02
 0.0250  1.9044764532E-01 -1.1125029935E-01 -1.4092481400E-03  7.1380123994E-02
 0.0375  1.9301866547E-01 -1.1256683008E-01  2.1129783802E-03  7.2775765955E-02
 0.0500  1.9568080110E-01 -1.1388589941E-01  5.7292482906E-03  7.4193097865E-02
 0.0625  1.9843760878E-01 -1.1520725126E-01  9.4426556772E-03  7.5632714403E-02
 0.0750  2.0129273846E-01 -1.1653073546E-01  1.3256586316E-02  7.7095587942E-02
 0.0875  2.0424989281E-01 -1.1785640707E-01  1.7174926482E-02  7.8582891257E-02
 0.1000  2.0731285595E-01 -1.1918451922E-01  2.1202117621E-02  8.0095711544E-02
 0.1125  2.1048558470E-01 -1.2051540568E-01  2.5343018901E-02  8.1634804326E-02
 0.1250  2.1377232055E-01 -1.2184931113E-01  2.9602644436E-02  8.3200530410E-02
 0.1375  2.1717766634E-01 -1.2318626245E-01  3.3985922696E-02  8.4793029883E-02
 0.1500  2.2070659019E-01 -1.2452605901E-01  3.8497630371E-02  8.6412553553E-02
 0.1625  2.2436436169E-01 -1.2586839582E-01  4.3142566377E-02  8.8059768212E-02
 0.1750  2.2815646815E-01 -1.2721305354E-01  4.7925892376E-02  8.9735847064E-02
 0.1875  2.3208857477E-01 -1.2856004130E-01  5.2853453801E-02  9.1442270266E-02
 0.2000  2.3616656827E-01 -1.2990959824E-01  5.7931887429E-02  9.3180438478E-02
 0.2125  2.4039667148E-01 -1.3126204332E-01  6.3168440670E-02  9.4951337202E-02
 0.2250  2.4478556901E-01 -1.3261756364E-01  6.8570614472E-02  9.6755482512E-02
 0.2375  2.4934047548E-01 -1.3397608138E-01  7.4145877516E-02  9.8593210983E-02
 0.2500  2.5406911809E-01 -1.3533729649E-01  7.9901678912E-02  1.0046514091E-01
 0.2625  2.5897966846E-01 -1.3670088450E-01  8.5845798513E-02  1.0237248919E-01
 0.2750  2.6408070044E-01 -1.3806671309E-01  9.1986830718E-02  1.0431700080E-01
 0.2875  2.6938123464E-01 -1.3943491568E-01  9.8334476419E-02  1.0630051549E-01
 0.3000  2.7489086629E-01 -1.4080575758E-01  1.0489943445E-01  1.0832448114E-01
 0.3125  2.8061990819E-01 -1.4217938959E-01  1.1169298411E-01  1.1038979824E-01
 0.3250  2.8657947077E-01 -1.4355568199E-01  1.1872661610E-01  1.1249714852E-01
 0.3375  2.9278145948E-01 -1.4493427906E-01  1.2601206973E-01  1.1464757024E-01
 0.3500  2.9923854852E-01 -1.4631483540E-01  1.3356182475E-01  1.1684280780E-01
 0.3625  3.0596421793E-01 -1.4769723329E-01  1.4138970514E-01  1.1908511924E-01
 0.3750  3.1297288718E-01 -1.4908158505E-01  1.4951112500E-01  1.2137668871E-01
 0.3875  3.2028009092E-01 -1.5046801175E-01  1.5794280594E-01  1.2371917304E-01
 0.4000  3.2790260933E-01 -1.5185640161E-01  1.6670229666E-01  1.2611382649E-01
 0.4125  3.3585852550E-01 -1.5324638117E-01  1.7580785786E-01  1.2856211422E-01
 0.4250  3.4416727730E-01 -1.5463752873E-01  1.8527896212E-01  1.3106622422E-01
 0.4375  3.5284979324E-01 -1.5602961038E-01  1.9513705052E-01  1.3362895371E-01
 0.4500  3.6192872062E-01 -1.5742258802E-01  2.0540590619E-01  1.3625308392E-01
 0.4625  3.7142866088E-01 -1.5881639079E-01  2.1611140871E-01  1.3894092700E-01
 0.4750  3.8137634256E-01 -1.6021070684E-01  2.2728114710E-01  1.4169456792E-01
 0.4875  3.9180077698E-01 -1.6160503046E-01  2.3894458512E-01  1.4451653596E-01
 0.5000  4.0273350800E-01 -1.6299889563E-01  2.5113386970E-01  1.4741011706E-01
 0.5125  4.1420898458E-01 -1.6439199805E-01  2.6388462037E-01  1.5037894343E-01
 0.5250  4.2626495797E-01 -1.6578405229E-01  2.7723609475E-01  1.5342641216E-01
 0.5375  4.3894282554E-01 -1.6717457707E-01  2.9123099439E-01  1.5655571348E-01
 0.5500  4.5228800180E-01 -1.6856288878E-01  3.0591573089E-01  1.5977042635E-01
 0.5625  4.6635045840E-01 -1.6994828144E-01  3.2134140878E-01  1.6307485681E-01
 0.5750  4.8118542431E-01 -1.7133010734E-01  3.3756485212E-01  1.6647369357E-01
 0.5875  4.9685410877E-01 -1.7270763846E-01  3.5464909012E-01  1.6997158673E-01
 0.6000  5.1342443743E-01 -1.7407992805E-01  3.7266372884E-01  1.7357334707E-01
 0.6125  5.3097198705E-01 -1.7544586767E-01  3.9168598908E-01  1.7728445514E-01
 0.6250  5.4958122272E-01 -1.7680429923E-01  4.1180230789E-01  1.8111111030E-01
 0.6375  5.6934692315E-01 -1.7815396958E-01  4.3310979393E-01  1.8505990094E-01
 0.6500  5.9037574950E-01 -1.7949340904E-01  4.5571755649E-01  1.8913781738E-01
 0.6625  6.1278817160E-01 -1.8082092384E-01  4.7974864669E-01  1.9335263201E-01
 0.6750  6.3672092381E-01 -1.8213464017E-01  5.0534276074E-01  1.9771301691E-01
 0.6875  6.6232994078E-01 -1.8343244214E-01  5.3265921760E-01  2.0222839003E-01
 0.7000  6.8979384422E-01 -1.8471186805E-01  5.6188033375E-01  2.0690903347E-01
 0.7125  7.1931831946E-01 -1.8597008074E-01  5.9321587836E-01  2.1176643463E-01
 0.7250  7.5114165243E-01 -1.8720384456E-01  6.2690878919E-01  2.1681345871E-01
 0.7375  7.8554164679E-01 -1.8840945059E-01  6.6324218355E-01  2.2206450447E-01
 0.7500  8.2284444674E-01 -1.8958264529E-01  7.0254836092E-01  2.2753581368E-01
 0.7625  8.6343597653E-01 -1.9071852377E-01  7.4522057026E-01  2.3324561870E-01
 0.7750  9.0777673033E-01 -1.9181126363E-01  7.9172807667E-01  2.3921398371E-01
 0.7875  9.5642096937E-01 -1.9285363244E-01  8.4263548028E-01  2.4546247236E-01
 0.8000  1.0100418427E+00 -1.9383622528E-01  8.9862767476E-01  2.5201379096E-01
 0.8125  1.0694646576E+00 -1.9474649794E-01  9.6054249578E-01  2.5889208381E-01
 0.8250  1.1357122874E+00 -1.9556795252E-01  1.0294152301E+00  2.6612523369E-01
 0.8375  1.2100701753E+00 -1.9628012030E-01  1.1065432239E+00  2.7375069369E-01
 0.8500  1.2941846314E+00 -1.9686002279E-01  1.1935858529E+00  2.8182548390E-01
 0.8625  1.3902180973E+00 -1.9728499195E-01  1.2927256441E+00  2.9043754333E-01
 0.8750  1.5010983332E+00 -1.9753431487E-01  1.4069286647E+00  2.9970885486E-01
 0.8875  1.6309128604E+00 -1.9758298120E-01  1.5403526088E+00  3.0977294365E-01
 0.9000  1.7855148641E+00 -1.9737709014E-01  1.6989578217E+00  3.2071059029E-01
 0.9125  1.9734450749E+00 -1.9678491688E-01  1.8914064191E+00  3.3246188407E-01
 0.9250  2.2074636961E+00 -1.9554496170E-01  2.1305307237E+00  3.4483458480E-01
 0.9375  2.5078101957E+00 -1.9329259354E-01  2.4365315012E+00  3.5789584570E-01
 0.9500  2.9113121154E+00 -1.8978314230E-01  2.8462167163E+00  3.7303511394E-01
 0.9625  3.5002382789E+00 -1.8510058795E-01  3.4425646501E+00  3.9376864286E-01
 0.9750  4.4955969778E+00 -1.7769080804E-01  4.4494880320E+00  4.1949506865E-01
 0.9875  6.5804188552E+00 -1.5063316817E-01  6.5550618012E+00  4.0575823237E-01
 1.0000  1.4012806684E+01 -1.1102553815E-37  1.4012806684E+01  1.0571054447E-17
