5983.7879   -4.40100    6.60100
5985.0357    0.85600    5.99000
5986.2836    0.00000    5.99000
5987.5314    3.66700    5.86800
5988.7792   -1.22200    5.74500
5990.0270   -4.15600    5.62300
5991.2748   -7.94600    6.35700
5992.5227   -4.76800    5.62400
5993.7705   -4.40100    5.62300
5995.0183   -0.36700    5.50100
5996.2661    7.57900    5.86800
5997.5139   -0.61100    5.74500
5998.7618   -5.25700    6.60200
6000.0096    4.52300    5.86800
6001.2574   -4.27900    5.62400
6002.5052   -7.45700    6.60100
6003.7530    8.43500    8.06900
6005.0009   36.79700    7.33500
6006.2487   43.76500    5.99100
6007.4965   42.05400    5.62300
6008.7443   25.79500    7.70100
6009.9921   14.79200    5.86800
6011.2400    8.43500    5.74600
6012.4878   -0.00000    5.74600
6013.7356    0.61100    5.50100
6014.9834    5.86800    5.37900
6016.2312    8.55700    5.37900
6017.4791    3.17800    5.86800
6018.7269    3.91200    5.50100
6019.9747    1.58900    5.50100
6021.2225    0.36700    5.74500
6022.4703    3.91200    5.37900
6023.7182    1.10000    5.86800
6024.9660    3.05600    5.62400
6026.2138    2.07800    5.74600
6027.4616    6.60100    5.86800
6028.7094   -0.24400    6.23400
6029.9573    2.32300    5.37900
6031.2051    5.99000    5.37900
