8471.1584   -0.62500    4.58300
8472.4173   -4.58300    5.00000
8473.6761   -6.66700    6.45900
8474.9349    6.25000    6.04200
8476.1938    5.00000    5.41700
8477.4526   27.50000   12.91700
8478.7115   60.41700    9.58300
8479.9703   81.25000    4.16700
8481.2291   70.41700    5.41600
8482.4880   63.54200    5.00000
8483.7468   42.70800    4.58400
8485.0057   34.58300    4.58400
8486.2645   25.41700    4.79100
8487.5233   22.50000    4.58300
8488.7822   14.58300    5.20900
8490.0410   19.58300    4.37500
8491.2999   11.25000    7.29200
8492.5587   -4.16700   12.70900
8493.8175   -9.16700   13.95900
8495.0764   -8.75000    9.79200
8496.3352    1.87500    5.41700
8497.5941    0.20800    5.20900
8498.8529   -2.70800    5.41600
8500.1117   -1.45800    5.41600
8501.3706   -4.16700    6.25000
