0.1111 -17.46724   0.05129
0.2929 -17.56410   0.03419
0.5051 -17.75214   0.03419
0.7071 -17.98006   0.04559
0.8990 -18.18519   0.07408
1.1111 -18.27066   0.08547
1.3030 -18.44160   0.11396
1.4949 -18.71510   0.17664
1.6970 -18.92023   0.24502
1.8990 -18.93162   0.23931
2.1010 -19.07977   0.30199
2.2727 -30.00000   0.00000
2.4848 -30.00000   0.00000
2.6768 -30.00000   0.00000
2.8990 -19.05698   0.25641
3.1010 -19.13675   0.27920
3.3131 -19.35897   0.39316
3.4747 -30.00000   0.00000
3.6667 -30.00000   0.00000
3.8687 -30.00000   0.00000
4.0707 -30.00000   0.00000
4.3030 -19.10256   0.22792
4.4848 -19.00570   0.18804
4.6364 -30.00000   0.00000
4.8283 -30.00000   0.00000
