lambda, albedo, <cos>, # of angles
   1.22000   0.58392   0.28934   161
cos(theta),     S11,               S12,             S33,             S34
-1.0000  3.3919270075E-01  1.1802735924E-18 -3.3919270075E-01  1.3424539386E-19
-0.9875  3.3470358693E-01 -3.4188096170E-03 -3.3460685252E-01  2.6664229587E-03
-0.9750  3.3047584393E-01 -6.7976641787E-03 -3.3009499302E-01  5.1833584087E-03
-0.9625  3.2649523087E-01 -1.0137756202E-02 -3.2565155414E-01  7.5616811786E-03
-0.9500  3.2274835626E-01 -1.3440241270E-02 -3.2127123225E-01  9.8116157380E-03
-0.9375  3.1922263381E-01 -1.6706237121E-02 -3.1694897402E-01  1.1942771058E-02
-0.9250  3.1590624037E-01 -1.9936822902E-02 -3.1267996277E-01  1.3964173780E-02
-0.9125  3.1278807594E-01 -2.3133038566E-02 -3.0845960562E-01  1.5884299775E-02
-0.9000  3.0985772567E-01 -2.6295884426E-02 -3.0428352114E-01  1.7711104155E-02
-0.8875  3.0710542368E-01 -2.9426320820E-02 -3.0014752761E-01  1.9452049811E-02
-0.8750  3.0452201870E-01 -3.2525267911E-02 -2.9604763191E-01  2.1114134545E-02
-0.8625  3.0209894143E-01 -3.5593605586E-02 -2.9198001881E-01  2.2703916850E-02
-0.8500  2.9982817352E-01 -3.8632173466E-02 -2.8794104092E-01  2.4227540414E-02
-0.8375  2.9770221808E-01 -4.1641771000E-02 -2.8392720898E-01  2.5690757390E-02
-0.8250  2.9571407174E-01 -4.4623157649E-02 -2.7993518271E-01  2.7098950495E-02
-0.8125  2.9385719808E-01 -4.7577053149E-02 -2.7596176207E-01  2.8457153994E-02
-0.8000  2.9212550244E-01 -5.0504137837E-02 -2.7200387889E-01  2.9770073613E-02
-0.7875  2.9051330800E-01 -5.3405053048E-02 -2.6805858899E-01  3.1042105437E-02
-0.7750  2.8901533312E-01 -5.6280401569E-02 -2.6412306456E-01  3.2277353831E-02
-0.7625  2.8762666988E-01 -5.9130748138E-02 -2.6019458705E-01  3.3479648441E-02
-0.7500  2.8634276365E-01 -6.1956620001E-02 -2.5627054020E-01  3.4652560308E-02
-0.7375  2.8515939384E-01 -6.4758507497E-02 -2.5234840362E-01  3.5799417132E-02
-0.7250  2.8407265560E-01 -6.7536864691E-02 -2.4842574650E-01  3.6923317748E-02
-0.7125  2.8307894252E-01 -7.0292110032E-02 -2.4450022169E-01  3.8027145819E-02
-0.7000  2.8217493024E-01 -7.3024627038E-02 -2.4056956008E-01  3.9113582811E-02
-0.6875  2.8135756098E-01 -7.5734765010E-02 -2.3663156517E-01  4.0185120265E-02
-0.6750  2.8062402888E-01 -7.8422839763E-02 -2.3268410797E-01  4.1244071411E-02
-0.6625  2.7997176613E-01 -8.1089134368E-02 -2.2872512209E-01  4.2292582148E-02
-0.6500  2.7939842990E-01 -8.3733899918E-02 -2.2475259904E-01  4.3332641421E-02
-0.6375  2.7890189000E-01 -8.6357356294E-02 -2.2076458384E-01  4.4366091030E-02
-0.6250  2.7848021717E-01 -8.8959692943E-02 -2.1675917067E-01  4.5394634886E-02
-0.6125  2.7813167210E-01 -9.1541069657E-02 -2.1273449890E-01  4.6419847758E-02
-0.6000  2.7785469508E-01 -9.4101617357E-02 -2.0868874914E-01  4.7443183517E-02
-0.5875  2.7764789616E-01 -9.6641438874E-02 -2.0462013955E-01  4.8465982914E-02
-0.5750  2.7751004599E-01 -9.9160609729E-02 -2.0052692228E-01  4.9489480907E-02
-0.5625  2.7744006712E-01 -1.0165917890E-01 -1.9640738008E-01  5.0514813564E-02
-0.5500  2.7743702587E-01 -1.0413716960E-01 -1.9225982304E-01  5.1543024562E-02
-0.5375  2.7750012466E-01 -1.0659458002E-01 -1.8808258547E-01  5.2575071298E-02
-0.5250  2.7762869481E-01 -1.0903138409E-01 -1.8387402289E-01  5.3611830631E-02
-0.5125  2.7782218981E-01 -1.1144753218E-01 -1.7963250915E-01  5.4654104281E-02
-0.5000  2.7808017895E-01 -1.1384295189E-01 -1.7535643368E-01  5.5702623885E-02
-0.4875  2.7840234147E-01 -1.1621754866E-01 -1.7104419883E-01  5.6758055750E-02
-0.4750  2.7878846093E-01 -1.1857120653E-01 -1.6669421726E-01  5.7821005294E-02
-0.4625  2.7923842012E-01 -1.2090378878E-01 -1.6230490949E-01  5.8892021205E-02
-0.4500  2.7975219618E-01 -1.2321513858E-01 -1.5787470152E-01  5.9971599327E-02
-0.4375  2.8032985614E-01 -1.2550507963E-01 -1.5340202246E-01  6.1060186287E-02
-0.4250  2.8097155271E-01 -1.2777341675E-01 -1.4888530232E-01  6.2158182871E-02
-0.4125  2.8167752045E-01 -1.3001993648E-01 -1.4432296980E-01  6.3265947167E-02
-0.4000  2.8244807212E-01 -1.3224440762E-01 -1.3971345015E-01  6.4383797482E-02
-0.3875  2.8328359544E-01 -1.3444658180E-01 -1.3505516312E-01  6.5512015048E-02
-0.3750  2.8418454997E-01 -1.3662619396E-01 -1.3034652089E-01  6.6650846517E-02
-0.3625  2.8515146436E-01 -1.3878296283E-01 -1.2558592612E-01  6.7800506264E-02
-0.3500  2.8618493378E-01 -1.4091659143E-01 -1.2077176996E-01  6.8961178502E-02
-0.3375  2.8728561757E-01 -1.4302676744E-01 -1.1590243013E-01  7.0133019223E-02
-0.3250  2.8845423714E-01 -1.4511316362E-01 -1.1097626901E-01  7.1316157956E-02
-0.3125  2.8969157412E-01 -1.4717543822E-01 -1.0599163180E-01  7.2510699374E-02
-0.3000  2.9099846857E-01 -1.4921323526E-01 -1.0094684458E-01  7.3716724732E-02
-0.2875  2.9237581759E-01 -1.5122618483E-01 -9.5840212546E-02  7.4934293159E-02
-0.2750  2.9382457394E-01 -1.5321390345E-01 -9.0670018072E-02  7.6163442804E-02
-0.2625  2.9534574496E-01 -1.5517599421E-01 -8.5434518921E-02  7.7404191834E-02
-0.2500  2.9694039158E-01 -1.5711204704E-01 -8.0131946369E-02  7.8656539303E-02
-0.2375  2.9860962759E-01 -1.5902163885E-01 -7.4760503349E-02  7.9920465884E-02
-0.2250  3.0035461903E-01 -1.6090433370E-01 -6.9318362577E-02  8.1195934469E-02
-0.2125  3.0217658370E-01 -1.6275968285E-01 -6.3803664669E-02  8.2482890653E-02
-0.2000  3.0407679094E-01 -1.6458722487E-01 -5.8214516223E-02  8.3781263079E-02
-0.1875  3.0605656146E-01 -1.6638648565E-01 -5.2548987889E-02  8.5090963682E-02
-0.1750  3.0811726741E-01 -1.6815697837E-01 -4.6805112400E-02  8.6411887793E-02
-0.1625  3.1026033253E-01 -1.6989820346E-01 -4.0980882574E-02  8.7743914147E-02
-0.1500  3.1248723248E-01 -1.7160964851E-01 -3.5074249277E-02  8.9086904755E-02
-0.1375  3.1479949537E-01 -1.7329078808E-01 -2.9083119340E-02  9.0440704677E-02
-0.1250  3.1719870235E-01 -1.7494108361E-01 -2.3005353432E-02  9.1805141670E-02
-0.1125  3.1968648841E-01 -1.7655998308E-01 -1.6838763882E-02  9.3180025726E-02
-0.1000  3.2226454334E-01 -1.7814692083E-01 -1.0581112443E-02  9.4565148489E-02
-0.0875  3.2493461276E-01 -1.7970131716E-01 -4.2301080007E-03  9.5960282563E-02
-0.0750  3.2769849943E-01 -1.8122257804E-01  2.2165957874E-03  9.7365180700E-02
-0.0625  3.3055806462E-01 -1.8271009457E-01  8.7614029175E-03  9.8779574862E-02
-0.0500  3.3351522964E-01 -1.8416324264E-01  1.5406777539E-02  1.0020317517E-01
-0.0375  3.3657197762E-01 -1.8558138225E-01  2.2155246529E-02  1.0163566873E-01
-0.0250  3.3973035533E-01 -1.8696385706E-01  2.9009402153E-02  1.0307671832E-01
-0.0125  3.4299247527E-01 -1.8830999362E-01  3.5971904808E-02  1.0452596096E-01
-0.0000  3.4636051791E-01 -1.8961910073E-01  4.3045485853E-02  1.0598300635E-01
 0.0125  3.4983673406E-01 -1.9089046866E-01  5.0232950542E-02  1.0744743513E-01
 0.0250  3.5342344753E-01 -1.9212336825E-01  5.7537181053E-02  1.0891879709E-01
 0.0375  3.5712305783E-01 -1.9331705006E-01  6.4961139615E-02  1.1039660910E-01
 0.0500  3.6093804326E-01 -1.9447074335E-01  7.2507871756E-02  1.1188035302E-01
 0.0625  3.6487096402E-01 -1.9558365503E-01  8.0180509653E-02  1.1336947335E-01
 0.0750  3.6892446572E-01 -1.9665496851E-01  8.7982275608E-02  1.1486337476E-01
 0.0875  3.7310128292E-01 -1.9768384244E-01  9.5916485644E-02  1.1636141943E-01
 0.1000  3.7740424309E-01 -1.9866940948E-01  1.0398655323E-01  1.1786292423E-01
 0.1125  3.8183627069E-01 -1.9961077480E-01  1.1219599313E-01  1.1936715770E-01
 0.1250  3.8640039160E-01 -2.0050701463E-01  1.2054842543E-01  1.2087333680E-01
 0.1375  3.9109973773E-01 -2.0135717463E-01  1.2904757963E-01  1.2238062349E-01
 0.1500  3.9593755197E-01 -2.0216026821E-01  1.3769729896E-01  1.2388812112E-01
 0.1625  4.0091719346E-01 -2.0291527465E-01  1.4650154486E-01  1.2539487048E-01
 0.1750  4.0604214311E-01 -2.0362113721E-01  1.5546440148E-01  1.2689984575E-01
 0.1875  4.1131600949E-01 -2.0427676104E-01  1.6459008058E-01  1.2840195009E-01
 0.2000  4.1674253506E-01 -2.0488101096E-01  1.7388292635E-01  1.2990001102E-01
 0.2125  4.2232560274E-01 -2.0543270917E-01  1.8334742061E-01  1.3139277551E-01
 0.2250  4.2806924292E-01 -2.0593063270E-01  1.9298818807E-01  1.3287890480E-01
 0.2375  4.3397764080E-01 -2.0637351085E-01  2.0281000181E-01  1.3435696883E-01
 0.2500  4.4005514417E-01 -2.0676002232E-01  2.1281778901E-01  1.3582544048E-01
 0.2625  4.4630627171E-01 -2.0708879225E-01  2.2301663678E-01  1.3728268934E-01
 0.2750  4.5273572162E-01 -2.0735838911E-01  2.3341179829E-01  1.3872697524E-01
 0.2875  4.5934838091E-01 -2.0756732129E-01  2.4400869906E-01  1.4015644129E-01
 0.3000  4.6614933503E-01 -2.0771403359E-01  2.5481294349E-01  1.4156910663E-01
 0.3125  4.7314387821E-01 -2.0779690344E-01  2.6583032163E-01  1.4296285869E-01
 0.3250  4.8033752427E-01 -2.0781423690E-01  2.7706681616E-01  1.4433544507E-01
 0.3375  4.8773601805E-01 -2.0776426443E-01  2.8852860961E-01  1.4568446493E-01
 0.3500  4.9534534756E-01 -2.0764513644E-01  3.0022209188E-01  1.4700735989E-01
 0.3625  5.0317175667E-01 -2.0745491848E-01  3.1215386795E-01  1.4830140447E-01
 0.3750  5.1122175862E-01 -2.0719158624E-01  3.2433076592E-01  1.4956369591E-01
 0.3875  5.1950215022E-01 -2.0685302019E-01  3.3675984524E-01  1.5079114359E-01
 0.4000  5.2802002685E-01 -2.0643699994E-01  3.4944840531E-01  1.5198045765E-01
 0.4125  5.3678279829E-01 -2.0594119826E-01  3.6240399432E-01  1.5312813718E-01
 0.4250  5.4579820539E-01 -2.0536317471E-01  3.7563441840E-01  1.5423045765E-01
 0.4375  5.5507433771E-01 -2.0470036891E-01  3.8914775106E-01  1.5528345773E-01
 0.4500  5.6461965208E-01 -2.0395009347E-01  4.0295234298E-01  1.5628292531E-01
 0.4625  5.7444299219E-01 -2.0310952641E-01  4.1705683208E-01  1.5722438285E-01
 0.4750  5.8455360924E-01 -2.0217570320E-01  4.3147015398E-01  1.5810307190E-01
 0.4875  5.9496118372E-01 -2.0114550830E-01  4.4620155272E-01  1.5891393680E-01
 0.5000  6.0567584840E-01 -2.0001566624E-01  4.6126059195E-01  1.5965160751E-01
 0.5125  6.1670821250E-01 -1.9878273210E-01  4.7665716635E-01  1.6031038152E-01
 0.5250  6.2806938722E-01 -1.9744308153E-01  4.9240151353E-01  1.6088420480E-01
 0.5375  6.3977101264E-01 -1.9599290014E-01  5.0850422627E-01  1.6136665177E-01
 0.5500  6.5182528603E-01 -1.9442817225E-01  5.2497626514E-01  1.6175090417E-01
 0.5625  6.6424499177E-01 -1.9274466903E-01  5.4182897155E-01  1.6202972888E-01
 0.5750  6.7704353277E-01 -1.9093793591E-01  5.5907408121E-01  1.6219545451E-01
 0.5875  6.9023496360E-01 -1.8900327932E-01  5.7672373803E-01  1.6223994682E-01
 0.6000  7.0383402549E-01 -1.8693575257E-01  5.9479050841E-01  1.6215458286E-01
 0.6125  7.1785618302E-01 -1.8473014100E-01  6.1328739606E-01  1.6193022372E-01
 0.6250  7.3231766292E-01 -1.8238094625E-01  6.3222785722E-01  1.6155718598E-01
 0.6375  7.4723549481E-01 -1.7988236959E-01  6.5162581637E-01  1.6102521155E-01
 0.6500  7.6262755420E-01 -1.7722829434E-01  6.7149568246E-01  1.6032343606E-01
 0.6625  7.7851260768E-01 -1.7441226724E-01  6.9185236562E-01  1.5944035565E-01
 0.6750  7.9491036056E-01 -1.7142747881E-01  7.1271129437E-01  1.5836379194E-01
 0.6875  8.1184150693E-01 -1.6826674253E-01  7.3408843337E-01  1.5708085538E-01
 0.7000  8.2932778245E-01 -1.6492247287E-01  7.5600030178E-01  1.5557790664E-01
 0.7125  8.4739201983E-01 -1.6138666206E-01  7.7846399204E-01  1.5384051603E-01
 0.7250  8.6605820726E-01 -1.5765085558E-01  8.0149718938E-01  1.5185342101E-01
 0.7375  8.8535154985E-01 -1.5370612618E-01  8.2511819177E-01  1.4960048139E-01
 0.7500  9.0529853429E-01 -1.4954304654E-01  8.4934593061E-01  1.4706463242E-01
 0.7625  9.2592699686E-01 -1.4515166030E-01  8.7419999197E-01  1.4422783547E-01
 0.7750  9.4726619498E-01 -1.4052145155E-01  8.9970063842E-01  1.4107102629E-01
 0.7875  9.6934688244E-01 -1.3564131254E-01  9.2586883163E-01  1.3757406066E-01
 0.8000  9.9220138852E-01 -1.3049950960E-01  9.5272625555E-01  1.3371565737E-01
 0.8125  1.0158637012E+00 -1.2508364724E-01  9.8029534029E-01  1.2947333841E-01
 0.8250  1.0403695547E+00 -1.1938063015E-01  1.0085992868E+00  1.2482336619E-01
 0.8375  1.0657565211E+00 -1.1337662314E-01  1.0376620920E+00  1.1974067762E-01
 0.8500  1.0920641076E+00 -1.0705700890E-01  1.0675085750E+00  1.1419881511E-01
 0.8625  1.1193338576E+00 -1.0040634338E-01  1.0981644041E+00  1.0816985402E-01
 0.8750  1.1476094577E+00 -9.3408308764E-02  1.1296561239E+00  1.0162432670E-01
 0.8875  1.1769368497E+00 -8.6045663830E-02  1.1620111842E+00  9.4531142803E-02
 0.9000  1.2073643488E+00 -7.8300191616E-02  1.1952579688E+00  8.6857505715E-02
 0.9125  1.2389427673E+00 -7.0152644240E-02  1.2294258259E+00  7.8568824972E-02
 0.9250  1.2717255445E+00 -6.1582684713E-02  1.2645450990E+00  6.9628624436E-02
 0.9375  1.3057688839E+00 -5.2568825605E-02  1.3006471583E+00  5.9998446060E-02
 0.9500  1.3411318959E+00 -4.3088364386E-02  1.3377644339E+00  4.9637749033E-02
 0.9625  1.3778767495E+00 -3.3117315299E-02  1.3759304491E+00  3.8503804096E-02
 0.9750  1.4160688298E+00 -2.2630337564E-02  1.4151798552E+00  2.6551582811E-02
 0.9875  1.4557769047E+00 -1.1600659731E-02  1.4555484670E+00  1.3733641556E-02
 1.0000  1.4970732990E+00  0.0000000000E+00  1.4970732990E+00  5.9102932390E-18
