lambda, albedo, <cos>, # of angles
   0.55100   0.67312   0.53689   161
cos(theta),     S11,               S12,             S33,             S34
-1.0000  1.3876926776E-01 -3.1318315952E-18 -1.3876926776E-01  2.5323341986E-18
-0.9875  1.3596774397E-01  1.1405344597E-03 -1.3576399546E-01  7.3382150725E-04
-0.9750  1.3350743413E-01  2.1239128722E-03 -1.3271616355E-01  1.3930310991E-03
-0.9625  1.3136164055E-01  2.9567813595E-03 -1.2963279678E-01  1.9852524854E-03
-0.9500  1.2950568691E-01  3.6460158552E-03 -1.2652060650E-01  2.5174967462E-03
-0.9375  1.2791673304E-01  4.1986194563E-03 -1.2338597392E-01  2.9962213766E-03
-0.9250  1.2657361357E-01  4.6216389064E-03 -1.2023493822E-01  3.4273820982E-03
-0.9125  1.2545669668E-01  4.9220971027E-03 -1.1707318904E-01  3.8164784312E-03
-0.9000  1.2454776016E-01  5.1069390013E-03 -1.1390606234E-01  4.1685938823E-03
-0.8875  1.2382988211E-01  5.1829887060E-03 -1.1073853932E-01  4.4884314889E-03
-0.8750  1.2328734416E-01  5.1569158727E-03 -1.0757524772E-01  4.7803453556E-03
-0.8625  1.2290554539E-01  5.0352098561E-03 -1.0442046521E-01  5.0483687328E-03
-0.8500  1.2267092537E-01  4.8241602736E-03 -1.0127812436E-01  5.2962391093E-03
-0.8375  1.2257089506E-01  4.5298428734E-03 -9.8151819097E-02  5.5274207257E-03
-0.8250  1.2259377444E-01  4.1581097701E-03 -9.5044812149E-02  5.7451248569E-03
-0.8125  1.2272873589E-01  3.7145832642E-03 -9.1960043451E-02  5.9523281649E-03
-0.8000  1.2296575257E-01  3.2046525866E-03 -8.8900139212E-02  6.1517893765E-03
-0.7875  1.2329555118E-01  2.6334730181E-03 -8.5867421540E-02  6.3460645087E-03
-0.7750  1.2370956839E-01  2.0059669243E-03 -8.2863918455E-02  6.5375208285E-03
-0.7625  1.2419991065E-01  1.3268263217E-03 -7.9891374209E-02  6.7283497092E-03
-0.7500  1.2475931676E-01  6.0051665706E-04 -7.6951259780E-02  6.9205785208E-03
-0.7375  1.2538112307E-01 -1.6871846739E-04 -7.4044783491E-02  7.1160816719E-03
-0.7250  1.2605923090E-01 -9.7685184025E-04 -7.1172901655E-02  7.3165909046E-03
-0.7125  1.2678807593E-01 -1.8200666423E-03 -6.8336329211E-02  7.5237049267E-03
-0.7000  1.2756259942E-01 -2.6947500515E-03 -6.5535550276E-02  7.7388984551E-03
-0.6875  1.2837822100E-01 -3.5974865760E-03 -6.2770828591E-02  7.9635307336E-03
-0.6750  1.2923081304E-01 -4.5250512133E-03 -6.0042217811E-02  8.1988535760E-03
-0.6625  1.3011667624E-01 -5.4744025209E-03 -5.7349571608E-02  8.4460189827E-03
-0.6500  1.3103251653E-01 -6.4426756623E-03 -5.4692553560E-02  8.7060863672E-03
-0.6375  1.3197542312E-01 -7.4271754830E-03 -5.2070646814E-02  8.9800294276E-03
-0.6250  1.3294284763E-01 -8.4253696592E-03 -4.9483163481E-02  9.2687426902E-03
-0.6125  1.3393258415E-01 -9.4348819538E-03 -4.6929253765E-02  9.5730477507E-03
-0.6000  1.3494275039E-01 -1.0453485605E-02 -4.4407914799E-02  9.8936992331E-03
-0.5875  1.3597176958E-01 -1.1479096873E-02 -4.1917999179E-02  1.0231390486E-02
-0.5750  1.3701835337E-01 -1.2509768749E-02 -3.9458223187E-02  1.0586759028E-02
-0.5625  1.3808148545E-01 -1.3543684856E-02 -3.7027174687E-02  1.0960391764E-02
-0.5500  1.3916040597E-01 -1.4579153537E-02 -3.4623320687E-02  1.1352829978E-02
-0.5375  1.4025459683E-01 -1.5614602136E-02 -3.2245014562E-02  1.1764574108E-02
-0.5250  1.4136376757E-01 -1.6648571484E-02 -2.9890502926E-02  1.2196088329E-02
-0.5125  1.4248784205E-01 -1.7679710592E-02 -2.7557932152E-02  1.2647804934E-02
-0.5000  1.4362694583E-01 -1.8706771538E-02 -2.5245354529E-02  1.3120128533E-02
-0.4875  1.4478139420E-01 -1.9728604567E-02 -2.2950734051E-02  1.3613440070E-02
-0.4750  1.4595168089E-01 -2.0744153387E-02 -2.0671951841E-02  1.4128100664E-02
-0.4625  1.4713846744E-01 -2.1752450672E-02 -1.8406811191E-02  1.4664455285E-02
-0.4500  1.4834257318E-01 -2.2752613756E-02 -1.6153042227E-02  1.5222836262E-02
-0.4375  1.4956496588E-01 -2.3743840534E-02 -1.3908306191E-02  1.5803566633E-02
-0.4250  1.5080675295E-01 -2.4725405542E-02 -1.1670199325E-02  1.6406963334E-02
-0.4125  1.5206917331E-01 -2.5696656237E-02 -9.4362563731E-03  1.7033340239E-02
-0.4000  1.5335358983E-01 -2.6657009460E-02 -7.2039536818E-03  1.7683011047E-02
-0.3875  1.5466148235E-01 -2.7605948080E-02 -4.9707118970E-03  1.8356292023E-02
-0.3750  1.5599444131E-01 -2.8543017817E-02 -2.7338982598E-03  1.9053504588E-02
-0.3625  1.5735416193E-01 -2.9467824241E-02 -4.9082848972E-04  1.9774977767E-02
-0.3500  1.5874243899E-01 -3.0380029938E-02  1.7612317447E-03  2.0521050495E-02
-0.3375  1.6016116217E-01 -3.1279351847E-02  4.0250657755E-03  2.1292073775E-02
-0.3250  1.6161231193E-01 -3.2165558753E-02  6.3035053093E-03  2.2088412702E-02
-0.3125  1.6309795600E-01 -3.3038468943E-02  8.5994302297E-03  2.2910448335E-02
-0.3000  1.6462024641E-01 -3.3897948009E-02  1.0915768837E-02  2.3758579440E-02
-0.2875  1.6618141707E-01 -3.4743906804E-02  1.3255498529E-02  2.4633224071E-02
-0.2750  1.6778378194E-01 -3.5576299533E-02  1.5621646927E-02  2.5534821031E-02
-0.2625  1.6942973374E-01 -3.6395121996E-02  1.8017293466E-02  2.6463831166E-02
-0.2500  1.7112174324E-01 -3.7200409944E-02  2.0445571438E-02  2.7420738530E-02
-0.2375  1.7286235910E-01 -3.7992237579E-02  2.2909670509E-02  2.8406051389E-02
-0.2250  1.7465420833E-01 -3.8770716169E-02  2.5412839726E-02  2.9420303081E-02
-0.2125  1.7649999727E-01 -3.9535992771E-02  2.7958390998E-02  3.0464052718E-02
-0.2000  1.7840251319E-01 -4.0288249077E-02  3.0549703090E-02  3.1537885740E-02
-0.1875  1.8036462648E-01 -4.1027700353E-02  3.3190226122E-02  3.2642414295E-02
-0.1750  1.8238929344E-01 -4.1754594477E-02  3.5883486589E-02  3.3778277468E-02
-0.1625  1.8447955967E-01 -4.2469211067E-02  3.8633092920E-02  3.4946141335E-02
-0.1500  1.8663856406E-01 -4.3171860690E-02  4.1442741588E-02  3.6146698846E-02
-0.1375  1.8886954351E-01 -4.3862884147E-02  4.4316223771E-02  3.7380669533E-02
-0.1250  1.9117583815E-01 -4.4542651822E-02  4.7257432606E-02  3.8648799027E-02
-0.1125  1.9356089734E-01 -4.5211563096E-02  5.0270371029E-02  3.9951858399E-02
-0.1000  1.9602828630E-01 -4.5870045806E-02  5.3359160227E-02  4.1290643296E-02
-0.0875  1.9858169342E-01 -4.6518555743E-02  5.6528048726E-02  4.2665972878E-02
-0.0750  2.0122493832E-01 -4.7157576193E-02  5.9781422122E-02  4.4078688555E-02
-0.0625  2.0396198062E-01 -4.7787617491E-02  6.3123813492E-02  4.5529652495E-02
-0.0500  2.0679692944E-01 -4.8409216592E-02  6.6559914495E-02  4.7019745923E-02
-0.0375  2.0973405376E-01 -4.9022936644E-02  7.0094587187E-02  4.8549867182E-02
-0.0250  2.1277779347E-01 -4.9629366557E-02  7.3732876591E-02  5.0120929552E-02
-0.0125  2.1593277136E-01 -5.0229120543E-02  7.7480024026E-02  5.1733858834E-02
-0.0000  2.1920380589E-01 -5.0822837637E-02  8.1341481246E-02  5.3389590658E-02
 0.0125  2.2259592490E-01 -5.1411181163E-02  8.5322925402E-02  5.5089067543E-02
 0.0250  2.2611438022E-01 -5.1994838156E-02  8.9430274872E-02  5.6833235665E-02
 0.0375  2.2976466324E-01 -5.2574518705E-02  9.3669705988E-02  5.8623041347E-02
 0.0500  2.3355252149E-01 -5.3150955216E-02  9.8047670701E-02  6.0459427245E-02
 0.0625  2.3748397629E-01 -5.3724901580E-02  1.0257091522E-01  6.2343328226E-02
 0.0750  2.4156534138E-01 -5.4297132225E-02  1.0724649966E-01  6.4275666925E-02
 0.0875  2.4580324282E-01 -5.4868441043E-02  1.1208181878E-01  6.6257348965E-02
 0.1000  2.5020463994E-01 -5.5439640167E-02  1.1708462379E-01  6.8289257827E-02
 0.1125  2.5477684762E-01 -5.6011558591E-02  1.2226304536E-01  7.0372249371E-02
 0.1250  2.5952755981E-01 -5.6585040606E-02  1.2762561783E-01  7.2507145961E-02
 0.1375  2.6446487438E-01 -5.7160944043E-02  1.3318130470E-01  7.4694730224E-02
 0.1500  2.6959731946E-01 -5.7740138290E-02  1.3893952543E-01  7.6935738383E-02
 0.1625  2.7493388120E-01 -5.8323502074E-02  1.4491018371E-01  7.9230853184E-02
 0.1750  2.8048403311E-01 -5.8911920985E-02  1.5110369717E-01  8.1580696378E-02
 0.1875  2.8625776703E-01 -5.9506284712E-02  1.5753102864E-01  8.3985820752E-02
 0.2000  2.9226562587E-01 -6.0107483974E-02  1.6420371908E-01  8.6446701682E-02
 0.2125  2.9851873811E-01 -6.0716407125E-02  1.7113392224E-01  8.8963728207E-02
 0.2250  3.0502885427E-01 -6.1333936393E-02  1.7833444115E-01  9.1537193579E-02
 0.2375  3.1180838540E-01 -6.1960943740E-02  1.8581876654E-01  9.4167285292E-02
 0.2500  3.1887044369E-01 -6.2598286314E-02  1.9360111738E-01  9.6854074556E-02
 0.2625  3.2622888540E-01 -6.3246801446E-02  2.0169648351E-01  9.9597505198E-02
 0.2750  3.3389835616E-01 -6.3907301183E-02  2.1012067067E-01  1.0239738197E-01
 0.2875  3.4189433892E-01 -6.4580566316E-02  2.1889034801E-01  1.0525335821E-01
 0.3000  3.5023320451E-01 -6.5267339852E-02  2.2802309821E-01  1.0816492292E-01
 0.3125  3.5893226526E-01 -6.5968319927E-02  2.3753747044E-01  1.1113138709E-01
 0.3250  3.6800983162E-01 -6.6684152086E-02  2.4745303638E-01  1.1415186937E-01
 0.3375  3.7748527218E-01 -6.7415420916E-02  2.5779044952E-01  1.1722528102E-01
 0.3500  3.8737907729E-01 -6.8162640973E-02  2.6857150786E-01  1.2035031005E-01
 0.3625  3.9771292646E-01 -6.8926246969E-02  2.7981922060E-01  1.2352540456E-01
 0.3750  4.0850976002E-01 -6.9706583164E-02  2.9155787873E-01  1.2674875533E-01
 0.3875  4.1979385519E-01 -7.0503891913E-02  3.0381313025E-01  1.3001827742E-01
 0.4000  4.3159090708E-01 -7.1318301323E-02  3.1661206016E-01  1.3333159091E-01
 0.4125  4.4392811495E-01 -7.2149811957E-02  3.2998327584E-01  1.3668600064E-01
 0.4250  4.5683427429E-01 -7.2998282524E-02  3.4395699815E-01  1.4007847493E-01
 0.4375  4.7033987523E-01 -7.3863414498E-02  3.5856515911E-01  1.4350562321E-01
 0.4500  4.8447720786E-01 -7.4744735598E-02  3.7384150654E-01  1.4696367245E-01
 0.4625  4.9928047527E-01 -7.5641582054E-02  3.8982171665E-01  1.5044844235E-01
 0.4750  5.1478591508E-01 -7.6553079589E-02  4.0654351544E-01  1.5395531914E-01
 0.4875  5.3103193035E-01 -7.7478123021E-02  4.2404680982E-01  1.5747922785E-01
 0.5000  5.4805923110E-01 -7.8415354419E-02  4.4237382993E-01  1.6101460297E-01
 0.5125  5.6591098760E-01 -7.9363139688E-02  4.6156928380E-01  1.6455535715E-01
 0.5250  5.8463299704E-01 -8.0319543486E-02  4.8168052630E-01  1.6809484780E-01
 0.5375  6.0427386521E-01 -8.1282302356E-02  5.0275774409E-01  1.7162584118E-01
 0.5500  6.2488520541E-01 -8.2248795902E-02  5.2485415925E-01  1.7514047360E-01
 0.5625  6.4652185705E-01 -8.3216015868E-02  5.4802625394E-01  1.7863020910E-01
 0.5750  6.6924212679E-01 -8.4180532895E-02  5.7233401986E-01  1.8208579292E-01
 0.5875  6.9310805590E-01 -8.5138460701E-02  5.9784123608E-01  1.8549719982E-01
 0.6000  7.1818571803E-01 -8.6085417385E-02  6.2461578013E-01  1.8885357600E-01
 0.6125  7.4454555254E-01 -8.7016483424E-02  6.5272997808E-01  1.9214317291E-01
 0.6250  7.7226273968E-01 -8.7926155857E-02  6.8226100016E-01  1.9535327096E-01
 0.6375  8.0141762509E-01 -8.8808297968E-02  7.1329131033E-01  1.9847009023E-01
 0.6500  8.3209620308E-01 -8.9656083557E-02  7.4590917953E-01  2.0147868468E-01
 0.6625  8.6439066980E-01 -9.0461934619E-02  7.8020927444E-01  2.0436281497E-01
 0.6750  8.9840006043E-01 -9.1217450839E-02  8.1629333621E-01  2.0710479394E-01
 0.6875  9.3423098739E-01 -9.1913328797E-02  8.5427096637E-01  2.0968529653E-01
 0.7000  9.7199850073E-01 -9.2539268076E-02  8.9426054094E-01  2.1208312400E-01
 0.7125  1.0118270968E+00 -9.3083860544E-02  9.3639027813E-01  2.1427490885E-01
 0.7250  1.0538519078E+00 -9.3534457846E-02  9.8079949029E-01  2.1623474311E-01
 0.7375  1.0982201114E+00 -9.3877010543E-02  1.0276400574E+00  2.1793370764E-01
 0.7500  1.1450926116E+00 -9.4095870187E-02  1.0770781671E+00  2.1933927355E-01
 0.7625  1.1946460518E+00 -9.4173542855E-02  1.1292963761E+00  2.2041453859E-01
 0.7750  1.2470752360E+00 -9.4090379029E-02  1.1844960585E+00  2.2111725103E-01
 0.7875  1.3025960569E+00 -9.3824179964E-02  1.2429003224E+00  2.2139855996E-01
 0.8000  1.3614490462E+00 -9.3349694555E-02  1.3047574904E+00  2.2120141422E-01
 0.8125  1.4239036988E+00 -9.2637972756E-02  1.3703452627E+00  2.2045851051E-01
 0.8250  1.4902637544E+00 -9.1655531330E-02  1.4399757039E+00  2.1908966421E-01
 0.8375  1.5608736668E+00 -9.0363274500E-02  1.5140012266E+00  2.1699844191E-01
 0.8500  1.6361265497E+00 -8.8715095071E-02  1.5928217790E+00  2.1406785176E-01
 0.8625  1.7164739545E+00 -8.6656059863E-02  1.6768934871E+00  2.1015483275E-01
 0.8750  1.8024379283E+00 -8.4120055436E-02  1.7667390564E+00  2.0508321615E-01
 0.8875  1.8946259056E+00 -8.1026734679E-02  1.8629602968E+00  1.9863474617E-01
 0.9000  1.9937491244E+00 -7.7277559636E-02  1.9662532137E+00  1.9053763922E-01
 0.9125  2.1006454274E+00 -7.2750678645E-02  2.0774261956E+00  1.8045202697E-01
 0.9250  2.2163075149E+00 -6.7294303235E-02  2.1974219386E+00  1.6795145978E-01
 0.9375  2.3419179796E+00 -6.0718158295E-02  2.3273438761E+00  1.5249943791E-01
 0.9500  2.4788927702E+00 -5.2782463065E-02  2.4684880411E+00  1.3341967607E-01
 0.9625  2.6289351336E+00 -4.3183754323E-02  2.6223814684E+00  1.0985848245E-01
 0.9750  2.7941025717E+00 -3.1536679264E-02  2.7908284726E+00  8.0737229065E-02
 0.9875  2.9768899630E+00 -1.7350654729E-02  2.9759663966E+00  4.4692389660E-02
 1.0000  3.1803327442E+00  0.0000000000E+00  3.1803327442E+00 -2.0552483955E-17
