0.0935 -17.15859   0.03084
0.2960 -17.32599   0.03524
0.4984 -17.61674   0.03084
0.7009 -17.96476   0.04846
0.8879 -18.24670   0.07049
1.0903 -18.45815   0.11013
1.2928 -18.62115   0.13216
1.4953 -18.68722   0.15418
1.6978 -18.74009   0.15419
1.9003 -18.88546   0.19383
2.1028 -18.94273   0.21586
2.2897 -18.77093   0.14978
2.4922 -18.88546   0.17621
2.6947 -18.96035   0.19824
2.8972 -19.15859   0.27313
3.1000 -30.00000   0.00000
3.3000 -30.00000   0.00000
3.5000 -30.00000   0.00000
3.7072 -19.02643   0.19383
3.8941 -19.10573   0.22908
4.1000 -30.00000   0.00000
4.3000 -30.00000   0.00000
4.5000 -30.00000   0.00000
4.7040 -19.20264   0.26431
4.9000 -30.00000   0.00000
