# rmax = 5.0 arcsec, PSF_FWHM = 0.7 arcsec, beta = 2.8
# SPEC_FWHM = 1215.67/3000.0
#     rsUV  rsHI rpeak Vpeak  DeltaV  log10(tau0) DGR  z      rlim  lam1      lam2
1185  0.041 0.3  0.2   300.0  -150.0    6.6       0.0  4.495  0.24  6681.179  6692.522
0082  0.017 0.5  0.1   300.0  -250.0    6.6       2.0  3.604  0.20  5598.684  5611.140
6905  0.029 0.1  0.0   300.0  -300.0    6.3       0.0  3.098  0.20  4982.524  4990.045
1343  0.016 0.8  0.4   200.0  -200.0    6.9       2.0  3.964  0.20  6038.929  6050.097
0053  0.030 0.4  0.1   300.0   -50.0    6.3       2.0  4.776  0.24  7021.233  7029.938
0171  0.025 0.8  0.0   200.0     0.0    6.3       2.0  3.882  0.24  5934.927  5941.174
0547  0.011 0.7  0.1   300.0  -200.0    6.3       2.0  5.974  0.24  8477.564  8486.280
0364  0.014 0.9  0.3   200.0  -200.0    6.0       2.0  3.939  0.24  6004.970  6009.919
