0.1012 -16.52632   0.03509
0.2960 -16.66667   0.03948
0.4984 -16.85088   0.03509
0.7009 -17.08772   0.03070
0.8956 -17.32456   0.03509
1.0981 -17.57018   0.03071
1.2928 -17.79825   0.03948
1.4953 -18.01754   0.03508
1.6978 -18.20175   0.04386
1.9003 -18.38596   0.06140
2.1028 -18.53509   0.07895
2.2897 -18.73246   0.11842
2.4922 -19.00000   0.19298
2.6947 -19.00439   0.18860
2.8972 -19.40789   0.36403
3.1000 -30.00000   0.00000
3.3000 -30.00000   0.00000
3.5047 -19.28070   0.28947
3.7000 -30.00000   0.00000
3.9000 -30.00000   0.00000
4.0966 -19.01316   0.17983
4.2991 -19.00000   0.17544
4.5000 -30.00000   0.00000
4.7000 -30.00000   0.00000
4.9000 -30.00000   0.00000
