0.0967 -16.87624   0.02933
0.2988 -16.99010   0.02467
0.4921 -17.20297   0.03013
0.6942 -17.40099   0.03062
0.9051 -17.53960   0.03096
1.0984 -17.65842   0.04114
1.2917 -17.75743   0.03644
1.4938 -17.82673   0.05142
1.6960 -17.94554   0.06159
1.8893 -18.05446   0.07174
2.1002 -18.12376   0.08178
2.2935 -18.24752   0.10678
2.4956 -18.40594   0.14668
2.6977 -18.61881   0.21140
2.8910 -18.75743   0.27101
3.1019 -18.85149   0.31569
3.2953 -18.95050   0.36531
3.5000 -30.00000   0.00000
3.6995 -18.97030   0.36536
3.8928 -18.70297   0.23630
4.1037 -19.36634   0.63301
4.2970 -19.41089   0.66274
4.4000 -30.00000   0.00000
4.7012 -19.34653   0.59344
4.9000 -30.00000   0.00000
