lambda(um), Cext(cm^2/H), albedo, <cos>, # of angles
   0.13940  1.36956E-21   0.35983   0.67842   161
cos(theta),     S11,               S12,             S33,             S34
-1.0000  9.5920988775E-02 -6.2824325689E-19 -9.5920988775E-02 -1.7864920757E-20
-0.9875  9.4814679373E-02 -1.4692725846E-03 -9.4724799300E-02  8.5518215624E-04
-0.9750  9.3915656089E-02 -2.7953558891E-03 -9.3591551837E-02  1.6212430942E-03
-0.9625  9.3178483770E-02 -4.0142205074E-03 -9.2512255611E-02  2.3159417475E-03
-0.9500  9.2573315254E-02 -5.1487624881E-03 -9.1479514592E-02  2.9526558105E-03
-0.9375  9.2078942148E-02 -6.2148186981E-03 -9.0486781621E-02  3.5418275181E-03
-0.9250  9.1679264544E-02 -7.2241666314E-03 -8.9528150288E-02  4.0917184262E-03
-0.9125  9.1361509811E-02 -8.1860029023E-03 -8.8598372134E-02  4.6089114978E-03
-0.9000  9.1115298665E-02 -9.1077011600E-03 -8.7692911603E-02  5.0987225841E-03
-0.8875  9.0932091468E-02 -9.9952581100E-03 -8.6807947974E-02  5.5655530093E-03
-0.8750  9.0804796192E-02 -1.0853612973E-02 -8.5940303511E-02  6.0131698077E-03
-0.8625  9.0727453836E-02 -1.1686906418E-02 -8.5087318411E-02  6.4448989402E-03
-0.8500  9.0694980996E-02 -1.2498690256E-02 -8.4246709255E-02  6.8637326278E-03
-0.8375  9.0702971479E-02 -1.3292082383E-02 -8.3416445214E-02  7.2723688441E-03
-0.8250  9.0747559221E-02 -1.4069864251E-02 -8.2594663269E-02  7.6732110883E-03
-0.8125  9.0825336443E-02 -1.4834527893E-02 -8.1779627555E-02  8.0683574797E-03
-0.8000  9.0933312518E-02 -1.5588288369E-02 -8.0969724274E-02  8.4596013739E-03
-0.7875  9.1068894712E-02 -1.6333081391E-02 -8.0163475697E-02  8.8484545071E-03
-0.7750  9.1229872962E-02 -1.7070563989E-02 -7.9359555542E-02  9.2361920736E-03
-0.7625  9.1414396194E-02 -1.7802129767E-02 -7.8556792220E-02  9.6239103848E-03
-0.7500  9.1620935081E-02 -1.8528941991E-02 -7.7754153859E-02  1.0012583733E-02
-0.7375  9.1848233279E-02 -1.9251980174E-02 -7.6950716790E-02  1.0403108025E-02
-0.7250  9.2095254095E-02 -1.9972090896E-02 -7.6145625158E-02  1.0796323557E-02
-0.7125  9.2361131331E-02 -2.0690032323E-02 -7.5338051973E-02  1.1193015998E-02
-0.7000  9.2645131733E-02 -2.1406504061E-02 -7.4527171046E-02  1.1593901041E-02
-0.6875  9.2946632956E-02 -2.2122158607E-02 -7.3712145544E-02  1.1999602405E-02
-0.6750  9.3265116543E-02 -2.2837595995E-02 -7.2892133702E-02  1.2410634000E-02
-0.6625  9.3600171546E-02 -2.3553347805E-02 -7.2066307285E-02  1.2827394887E-02
-0.6500  9.3951502142E-02 -2.4269859140E-02 -7.1233874995E-02  1.3250181187E-02
-0.6375  9.4318932402E-02 -2.4987477048E-02 -7.0394102114E-02  1.3679213581E-02
-0.6250  9.4702403206E-02 -2.5706451293E-02 -6.9546319292E-02  1.4114674233E-02
-0.6125  9.5101959350E-02 -2.6426949264E-02 -6.8689917002E-02  1.4556744096E-02
-0.6000  9.5517728313E-02 -2.7149082414E-02 -6.7824326591E-02  1.5005631419E-02
-0.5875  9.5949894914E-02 -2.7872938157E-02 -6.6948992837E-02  1.5461584739E-02
-0.5750  9.6398677373E-02 -2.8598609525E-02 -6.6063345367E-02  1.5924888004E-02
-0.5625  9.6864309956E-02 -2.9326215558E-02 -6.5166776533E-02  1.6395840443E-02
-0.5500  9.7347035483E-02 -3.0055907999E-02 -6.4258631422E-02  1.6874727934E-02
-0.5375  9.7847108222E-02 -3.0787863689E-02 -6.3338212132E-02  1.7361794854E-02
-0.5250  9.8364804867E-02 -3.1522265974E-02 -6.2404794384E-02  1.7857225066E-02
-0.5125  9.8900439203E-02 -3.2259281309E-02 -6.1457651034E-02  1.8361137910E-02
-0.5000  9.9454375338E-02 -3.2999038377E-02 -6.0496075162E-02  1.8873600732E-02
-0.4875  1.0002703509E-01 -3.3741616049E-02 -5.9519395621E-02  1.9394654648E-02
-0.4750  1.0061889712E-01 -3.4487043790E-02 -5.8526980201E-02  1.9924346474E-02
-0.4625  1.0123048795E-01 -3.5235314420E-02 -5.7518225189E-02  2.0462757974E-02
-0.4500  1.0186236763E-01 -3.5986405540E-02 -5.6492534115E-02  2.1010024385E-02
-0.4375  1.0251511403E-01 -3.6740303478E-02 -5.5449291594E-02  2.1566337294E-02
-0.4250  1.0318931060E-01 -3.7497022981E-02 -5.4387839654E-02  2.2131931516E-02
-0.4125  1.0388554078E-01 -3.8256617226E-02 -5.3307463118E-02  2.2707060295E-02
-0.4000  1.0460439060E-01 -3.9019175686E-02 -5.2207387939E-02  2.3291966562E-02
-0.3875  1.0534645825E-01 -3.9784810998E-02 -5.1086792452E-02  2.3886859101E-02
-0.3750  1.0611236761E-01 -4.0553639273E-02 -4.9944827598E-02  2.4491900948E-02
-0.3625  1.0690278150E-01 -4.1325760127E-02 -4.8780639432E-02  2.5107213595E-02
-0.3500  1.0771841070E-01 -4.2101242708E-02 -4.7593386481E-02  2.5732895668E-02
-0.3375  1.0856001630E-01 -4.2880121983E-02 -4.6382246117E-02  2.6369050286E-02
-0.3250  1.0942840520E-01 -4.3662406272E-02 -4.5146407514E-02  2.7015812517E-02
-0.3125  1.1032442075E-01 -4.4448093439E-02 -4.3885052981E-02  2.7673368335E-02
-0.3000  1.1124893205E-01 -4.5237190385E-02 -4.2597333212E-02  2.8341959130E-02
-0.2875  1.1220282595E-01 -4.6029729489E-02 -4.1282343961E-02  2.9021870470E-02
-0.2750  1.1318700453E-01 -4.6825776671E-02 -3.9939111259E-02  2.9713408988E-02
-0.2625  1.1420238938E-01 -4.7625428553E-02 -3.8566589521E-02  3.0416875190E-02
-0.2500  1.1524993130E-01 -4.8428799846E-02 -3.7163672595E-02  3.1132541480E-02
-0.2375  1.1633062262E-01 -4.9236005371E-02 -3.5729213445E-02  3.1860643022E-02
-0.2250  1.1744550832E-01 -5.0047142946E-02 -3.4262045084E-02  3.2601384826E-02
-0.2125  1.1859569289E-01 -5.0862283063E-02 -3.2760994810E-02  3.3354962883E-02
-0.2000  1.1978234128E-01 -5.1681468944E-02 -3.1224885939E-02  3.4121592270E-02
-0.1875  1.2100667470E-01 -5.2504726925E-02 -2.9652525472E-02  3.4901532584E-02
-0.1750  1.2226996380E-01 -5.3332083474E-02 -2.8042681039E-02  3.5695101818E-02
-0.1625  1.2357352260E-01 -5.4163582789E-02 -2.6394054334E-02  3.6502673820E-02
-0.1500  1.2491870653E-01 -5.4999298697E-02 -2.4705259574E-02  3.7324660291E-02
-0.1375  1.2630691598E-01 -5.5839336657E-02 -2.2974813781E-02  3.8161483981E-02
-0.1250  1.2773960507E-01 -5.6683825284E-02 -2.1201141361E-02  3.9013553097E-02
-0.1125  1.2921829321E-01 -5.7532900718E-02 -1.9382590071E-02  3.9881246616E-02
-0.1000  1.3074457627E-01 -5.8386689790E-02 -1.7517451038E-02  4.0764916263E-02
-0.0875  1.3232013443E-01 -5.9245298382E-02 -1.5603973748E-02  4.1664904608E-02
-0.0750  1.3394673540E-01 -6.0108809296E-02 -1.3640368660E-02  4.2581572526E-02
-0.0625  1.3562623371E-01 -6.0977290225E-02 -1.1624794780E-02  4.3515325565E-02
-0.0500  1.3736056825E-01 -6.1850808437E-02 -9.5553353656E-03  4.4466629176E-02
-0.0375  1.3915176147E-01 -6.2729446167E-02 -7.4299696185E-03  4.5436007189E-02
-0.0250  1.4100192235E-01 -6.3613310550E-02 -5.2465497738E-03  4.6424024776E-02
-0.0125  1.4291325406E-01 -6.4502534311E-02 -3.0027906576E-03  4.7431263594E-02
-0.0000  1.4488806542E-01 -6.5397267394E-02 -6.9627337096E-04  4.8458300055E-02
 0.0125  1.4692878333E-01 -6.6297663539E-02  1.6755414572E-03  4.9505696355E-02
 0.0250  1.4903796408E-01 -6.7203867909E-02  4.1152997693E-03  5.0574008287E-02
 0.0375  1.5121830153E-01 -6.8116011196E-02  6.6257489464E-03  5.1663806485E-02
 0.0500  1.5347263266E-01 -6.9034212568E-02  9.2097471355E-03  5.2775701761E-02
 0.0625  1.5580394212E-01 -6.9958589718E-02  1.1870286373E-02  5.3910363485E-02
 0.0750  1.5821536815E-01 -7.0889271004E-02  1.4610522732E-02  5.5068523364E-02
 0.0875  1.6071021174E-01 -7.1826403870E-02  1.7433803788E-02  5.6250964042E-02
 0.1000  1.6329194958E-01 -7.2770155709E-02  2.0343685435E-02  5.7458499337E-02
 0.1125  1.6596424957E-01 -7.3720707194E-02  2.3343935786E-02  5.8691957020E-02
 0.1250  1.6873098729E-01 -7.4678241833E-02  2.6438530808E-02  5.9952173706E-02
 0.1375  1.7159626165E-01 -7.5642937352E-02  2.9631651014E-02  6.1240005243E-02
 0.1500  1.7456440962E-01 -7.6614963349E-02  3.2927688469E-02  6.2556348061E-02
 0.1625  1.7764002092E-01 -7.7594486284E-02  3.6331268519E-02  6.3902161404E-02
 0.1750  1.8082795452E-01 -7.8581678930E-02  3.9847283545E-02  6.5278480207E-02
 0.1875  1.8413335839E-01 -7.9576729176E-02  4.3480930419E-02  6.6686413824E-02
 0.2000  1.8756169277E-01 -8.0579843678E-02  4.7237742503E-02  6.8127133808E-02
 0.2125  1.9111875621E-01 -8.1591244919E-02  5.1123611331E-02  6.9601860112E-02
 0.2250  1.9481071322E-01 -8.2611164080E-02  5.5144800351E-02  7.1111855833E-02
 0.2375  1.9864412292E-01 -8.3639834365E-02  5.9307958953E-02  7.2658435520E-02
 0.2500  2.0262596927E-01 -8.4677488875E-02  6.3620146079E-02  7.4242984147E-02
 0.2625  2.0676369438E-01 -8.5724364198E-02  6.8088868383E-02  7.5866977913E-02
 0.2750  2.1106523654E-01 -8.6780707387E-02  7.2722130841E-02  7.7531997703E-02
 0.2875  2.1553907355E-01 -8.7846782178E-02  7.7528492421E-02  7.9239731442E-02
 0.3000  2.2019427105E-01 -8.8922871230E-02  8.2517119346E-02  8.0991969167E-02
 0.3125  2.2504053518E-01 -9.0009274098E-02  8.7697833511E-02  8.2790599410E-02
 0.3250  2.3008826937E-01 -9.1106303549E-02  9.3081160496E-02  8.4637614352E-02
 0.3375  2.3534863656E-01 -9.2214283711E-02  9.8678385572E-02  8.6535125136E-02
 0.3500  2.4083362878E-01 -9.3333551983E-02  1.0450162457E-01  8.8485382095E-02
 0.3625  2.4655614622E-01 -9.4464463789E-02  1.1056391082E-01  9.0490792145E-02
 0.3750  2.5253008674E-01 -9.5607397363E-02  1.1687929383E-01  9.2553928914E-02
 0.3875  2.5877044597E-01 -9.6762756018E-02  1.2346294425E-01  9.4677537505E-02
 0.4000  2.6529342819E-01 -9.7930967494E-02  1.3033126352E-01  9.6864540325E-02
 0.4125  2.7211656960E-01 -9.9112482150E-02  1.3750200258E-01  9.9118049747E-02
 0.4250  2.7925887669E-01 -1.0030777228E-01  1.4499439729E-01  1.0144138852E-01
 0.4375  2.8674098355E-01 -1.0151733349E-01  1.5282932667E-01  1.0383811397E-01
 0.4500  2.9458533110E-01 -1.0274168709E-01  1.6102949564E-01  1.0631204129E-01
 0.4625  3.0281637065E-01 -1.0398138170E-01  1.6961964073E-01  1.0886726509E-01
 0.4750  3.1146079441E-01 -1.0523699319E-01  1.7862675887E-01  1.1150818279E-01
 0.4875  3.2054779667E-01 -1.0650912371E-01  1.8808036402E-01  1.1423952553E-01
 0.5000  3.3010937204E-01 -1.0779840146E-01  1.9801278118E-01  1.1706639947E-01
 0.5125  3.4018065847E-01 -1.0910548266E-01  2.0845948847E-01  1.1999433658E-01
 0.5250  3.5080033376E-01 -1.1043105563E-01  2.1945951666E-01  1.2302935242E-01
 0.5375  3.6201107495E-01 -1.1177584657E-01  2.3105591453E-01  1.2617801018E-01
 0.5500  3.7386009194E-01 -1.1314062675E-01  2.4329629112E-01  1.2944749222E-01
 0.5625  3.8639975039E-01 -1.1452622140E-01  2.5623345087E-01  1.3284568075E-01
 0.5750  3.9968830256E-01 -1.1593352039E-01  2.6992614174E-01  1.3638124651E-01
 0.5875  4.1379074901E-01 -1.1736348956E-01  2.8443993853E-01  1.4006374209E-01
 0.6000  4.2877985735E-01 -1.1881718015E-01  2.9984828360E-01  1.4390369679E-01
 0.6125  4.4473736914E-01 -1.2029573314E-01  3.1623371039E-01  1.4791271399E-01
 0.6250  4.6175543300E-01 -1.2180037530E-01  3.3368928039E-01  1.5210357664E-01
 0.6375  4.7993831162E-01 -1.2333240463E-01  3.5232027402E-01  1.5649037342E-01
 0.6500  4.9940442334E-01 -1.2489316429E-01  3.7224618925E-01  1.6108866692E-01
 0.6625  5.2028879763E-01 -1.2648400775E-01  3.9360312356E-01  1.6591573833E-01
 0.6750  5.4274605300E-01 -1.2810626337E-01  4.1654665224E-01  1.7099095925E-01
 0.6875  5.6695405106E-01 -1.2976121491E-01  4.4125537524E-01  1.7633635462E-01
 0.7000  5.9311844889E-01 -1.3145012372E-01  4.6793539349E-01  1.8197742631E-01
 0.7125  6.2147847069E-01 -1.3317432655E-01  4.9682609856E-01  1.8794429507E-01
 0.7250  6.5231435898E-01 -1.3493544581E-01  5.2820782274E-01  1.9427317843E-01
 0.7375  6.8595715081E-01 -1.3673574082E-01  5.6241209760E-01  2.0100814042E-01
 0.7500  7.2280165894E-01 -1.3857860034E-01  5.9983549509E-01  2.0820291554E-01
 0.7625  7.6332381186E-01 -1.4046911896E-01  6.4095824757E-01  2.1592242596E-01
 0.7750  8.0810380220E-01 -1.4241460651E-01  6.8636901747E-01  2.2424340980E-01
 0.7875  8.5785678509E-01 -1.4442475277E-01  7.3679726871E-01  2.3325343854E-01
 0.8000  9.1347315299E-01 -1.4651103116E-01  7.9315466931E-01  2.4304768486E-01
 0.8125  9.7607078454E-01 -1.4868483232E-01  8.5658695530E-01  2.5372338535E-01
 0.8250  1.0470624880E+00 -1.5095388150E-01  9.2853818748E-01  2.6537343719E-01
 0.8375  1.1282441569E+00 -1.5331689277E-01  1.0108315960E+00  2.7808350013E-01
 0.8500  1.2219153639E+00 -1.5575739038E-01  1.1057780976E+00  2.9194183824E-01
 0.8625  1.3310595758E+00 -1.5823942950E-01  1.2163410786E+00  3.0707799336E-01
 0.8750  1.4596469014E+00 -1.6071062749E-01  1.3464260320E+00  3.2375395133E-01
 0.8875  1.6132002120E+00 -1.6312086987E-01  1.5014488531E+00  3.4253522474E-01
 0.9000  1.7999281969E+00 -1.6546602648E-01  1.6895097077E+00  3.6455784235E-01
 0.9125  2.0330587420E+00 -1.6785911383E-01  1.9238404971E+00  3.9185561766E-01
 0.9250  2.3356649917E+00 -1.7060328694E-01  2.2278573219E+00  4.2756971429E-01
 0.9375  2.7506045332E+00 -1.7416422390E-01  2.6454554327E+00  4.7553250559E-01
 0.9500  3.3610117347E+00 -1.7875924484E-01  3.2619128287E+00  5.3802074474E-01
 0.9625  4.3336832834E+00 -1.8289073501E-01  4.2474260287E+00  6.0907904679E-01
 0.9750  6.0209247885E+00 -1.7933383424E-01  5.9580034082E+00  6.5801060045E-01
 0.9875  9.2958636615E+00 -1.4502268683E-01  9.2670783619E+00  5.8834254457E-01
 1.0000  1.7904642436E+01  2.3613340324E-44  1.7904642436E+01  1.4373852992E-18
