lambda(um), Cext(cm^2/H), albedo, <cos>, # of angles
   0.65630  3.80576E-22   0.67312   0.49666   161
cos(theta),     S11,               S12,             S33,             S34
-1.0000  1.5722225216E-01  3.4540060734E-18 -1.5722225216E-01 -4.1608306230E-19
-0.9875  1.5447874796E-01 -4.9339584174E-04 -1.5435289208E-01  3.8853714509E-04
-0.9750  1.5200533291E-01 -9.7163117317E-04 -1.5151317569E-01  7.3382685148E-04
-0.9625  1.4978220606E-01 -1.4409815142E-03 -1.4869911059E-01  1.0440911985E-03
-0.9500  1.4779139170E-01 -1.9067416734E-03 -1.4590720187E-01  1.3265987345E-03
-0.9375  1.4601654039E-01 -2.3733572858E-03 -1.4313439483E-01  1.5877752128E-03
-0.9250  1.4444275405E-01 -2.8445392892E-03 -1.4037802392E-01  1.8333011741E-03
-0.9125  1.4305643208E-01 -3.3233634967E-03 -1.3763576702E-01  2.0681979662E-03
-0.9000  1.4184513601E-01 -3.8123571653E-03 -1.3490560464E-01  2.2969036059E-03
-0.8875  1.4079747034E-01 -4.3135742239E-03 -1.3218578332E-01  2.5233397148E-03
-0.8750  1.3990297772E-01 -4.8286606239E-03 -1.2947478290E-01  2.7509706136E-03
-0.8625  1.3915204644E-01 -5.3589110930E-03 -1.2677128710E-01  2.9828555286E-03
-0.8500  1.3853582900E-01 -5.9053184109E-03 -1.2407415706E-01  3.2216947455E-03
-0.8375  1.3804617012E-01 -6.4686161892E-03 -1.2138240764E-01  3.4698704452E-03
-0.8250  1.3767554330E-01 -7.0493160095E-03 -1.1869518603E-01  3.7294828645E-03
-0.8125  1.3741699456E-01 -7.6477396661E-03 -1.1601175246E-01  4.0023823470E-03
-0.8000  1.3726409281E-01 -8.2640471650E-03 -1.1333146284E-01  4.2901977770E-03
-0.7875  1.3721088567E-01 -8.8982610440E-03 -1.1065375308E-01  4.5943618306E-03
-0.7750  1.3725186047E-01 -9.5502875064E-03 -1.0797812488E-01  4.9161334223E-03
-0.7625  1.3738190939E-01 -1.0219934796E-02 -1.0530413295E-01  5.2566176788E-03
-0.7500  1.3759629859E-01 -1.0906929182E-02 -1.0263137334E-01  5.6167837310E-03
-0.7375  1.3789064058E-01 -1.1610928881E-02 -9.9959472967E-02  5.9974805772E-03
-0.7250  1.3826086959E-01 -1.2331536184E-02 -9.7288080002E-02  6.3994512402E-03
-0.7125  1.3870321959E-01 -1.3068308039E-02 -9.4616855225E-02  6.8233454135E-03
-0.7000  1.3921420452E-01 -1.3820765289E-02 -9.1945464113E-02  7.2697307654E-03
-0.6875  1.3979060061E-01 -1.4588400749E-02 -8.9273569644E-02  7.7391030512E-03
-0.6750  1.4042943048E-01 -1.5370686273E-02 -8.6600825734E-02  8.2318951641E-03
-0.6625  1.4112794881E-01 -1.6167078948E-02 -8.3926871240E-02  8.7484852382E-03
-0.6500  1.4188362950E-01 -1.6977026525E-02 -8.1251324467E-02  9.2892039053E-03
-0.6375  1.4269415398E-01 -1.7799972185E-02 -7.8573778130E-02  9.8543407927E-03
-0.6250  1.4355740081E-01 -1.8635358731E-02 -7.5893794725E-02  1.0444150340E-02
-0.6125  1.4447143608E-01 -1.9482632268E-02 -7.3210902252E-02  1.1058857005E-02
-0.6000  1.4543450495E-01 -2.0341245443E-02 -7.0524590272E-02  1.1698659913E-02
-0.5875  1.4644502383E-01 -2.1210660293E-02 -6.7834306240E-02  1.2363737008E-02
-0.5750  1.4750157341E-01 -2.2090350749E-02 -6.5139452090E-02  1.3054248757E-02
-0.5625  1.4860289233E-01 -2.2979804829E-02 -6.2439381048E-02  1.3770341432E-02
-0.5500  1.4974787143E-01 -2.3878526566E-02 -5.9733394631E-02  1.4512150030E-02
-0.5375  1.5093554868E-01 -2.4786037691E-02 -5.7020739818E-02  1.5279800842E-02
-0.5250  1.5216510447E-01 -2.5701879094E-02 -5.4300606364E-02  1.6073413719E-02
-0.5125  1.5343585751E-01 -2.6625612092E-02 -5.1572124236E-02  1.6893104044E-02
-0.5000  1.5474726113E-01 -2.7556819519E-02 -4.8834361156E-02  1.7738984447E-02
-0.4875  1.5609889995E-01 -2.8495106649E-02 -4.6086320219E-02  1.8611166282E-02
-0.4750  1.5749048700E-01 -2.9440101981E-02 -4.3326937585E-02  1.9509760871E-02
-0.4625  1.5892186117E-01 -3.0391457872E-02 -4.0555080223E-02  2.0434880556E-02
-0.4500  1.6039298502E-01 -3.1348851058E-02 -3.7769543686E-02  2.1386639553E-02
-0.4375  1.6190394286E-01 -3.2311983052E-02 -3.4969049914E-02  2.2365154632E-02
-0.4250  1.6345493921E-01 -3.3280580428E-02 -3.2152245038E-02  2.3370545637E-02
-0.4125  1.6504629747E-01 -3.4254395014E-02 -2.9317697196E-02  2.4402935854E-02
-0.4000  1.6667845897E-01 -3.5233203978E-02 -2.6463894321E-02  2.5462452233E-02
-0.3875  1.6835198215E-01 -3.6216809831E-02 -2.3589241910E-02  2.6549225485E-02
-0.3750  1.7006754215E-01 -3.7205040332E-02 -2.0692060765E-02  2.7663390055E-02
-0.3625  1.7182593053E-01 -3.8197748327E-02 -1.7770584680E-02  2.8805083976E-02
-0.3500  1.7362805525E-01 -3.9194811495E-02 -1.4822958081E-02  2.9974448621E-02
-0.3375  1.7547494096E-01 -4.0196132026E-02 -1.1847233602E-02  3.1171628352E-02
-0.3250  1.7736772944E-01 -4.1201636220E-02 -8.8413695942E-03  3.2396770066E-02
-0.3125  1.7930768026E-01 -4.2211274022E-02 -5.8032275522E-03  3.3650022671E-02
-0.3000  1.8129617175E-01 -4.3225018481E-02 -2.7305694596E-03  3.4931536450E-02
-0.2875  1.8333470209E-01 -4.4242865149E-02  3.7894496237E-04  3.6241462371E-02
-0.2750  1.8542489064E-01 -4.5264831408E-02  3.5277611060E-03  3.7579951303E-02
-0.2625  1.8756847953E-01 -4.6290955732E-02  6.7184324363E-03  3.8947153164E-02
-0.2500  1.8976733544E-01 -4.7321296894E-02  9.9536235660E-03  4.0343216004E-02
-0.2375  1.9202345155E-01 -4.8355933095E-02  1.3236113454E-02  4.1768285016E-02
-0.2250  1.9433894974E-01 -4.9394961045E-02  1.6568798731E-02  4.3222501485E-02
-0.2125  1.9671608304E-01 -5.0438494968E-02  1.9954697170E-02  4.4706001673E-02
-0.2000  1.9915723823E-01 -5.1486665552E-02  2.3396951291E-02  4.6218915651E-02
-0.1875  2.0166493872E-01 -5.2539618835E-02  2.6898832125E-02  4.7761366065E-02
-0.1750  2.0424184757E-01 -5.3597515019E-02  3.0463743141E-02  4.9333466849E-02
-0.1625  2.0689077086E-01 -5.4660527232E-02  3.4095224333E-02  5.0935321885E-02
-0.1500  2.0961466115E-01 -5.5728840210E-02  3.7796956488E-02  5.2567023602E-02
-0.1375  2.1241662131E-01 -5.6802648924E-02  4.1572765639E-02  5.4228651532E-02
-0.1250  2.1529990844E-01 -5.7882157133E-02  4.5426627709E-02  5.5920270804E-02
-0.1125  2.1826793822E-01 -5.8967575864E-02  4.9362673362E-02  5.7641930589E-02
-0.1000  2.2132428932E-01 -6.0059121825E-02  5.3385193059E-02  5.9393662494E-02
-0.0875  2.2447270824E-01 -6.1157015747E-02  5.7498642346E-02  6.1175478906E-02
-0.0750  2.2771711428E-01 -6.2261480639E-02  6.1707647363E-02  6.2987371276E-02
-0.0625  2.3106160490E-01 -6.3372739976E-02  6.6017010609E-02  6.4829308362E-02
-0.0500  2.3451046127E-01 -6.4491015799E-02  7.0431716953E-02  6.6701234412E-02
-0.0375  2.3806815422E-01 -6.5616526735E-02  7.4956939914E-02  6.8603067295E-02
-0.0250  2.4173935038E-01 -6.6749485929E-02  7.9598048233E-02  7.0534696583E-02
-0.0125  2.4552891875E-01 -6.7890098889E-02  8.4360612721E-02  7.2495981572E-02
-0.0000  2.4944193755E-01 -6.9038561228E-02  8.9250413435E-02  7.4486749255E-02
 0.0125  2.5348370141E-01 -7.0195056327E-02  9.4273447169E-02  7.6506792234E-02
 0.0250  2.5765972897E-01 -7.1359752878E-02  9.9435935291E-02  7.8555866575E-02
 0.0375  2.6197577081E-01 -7.2532802338E-02  1.0474433194E-01  8.0633689609E-02
 0.0500  2.6643781780E-01 -7.3714336270E-02  1.1020533262E-01  8.2739937668E-02
 0.0625  2.7105210991E-01 -7.4904463565E-02  1.1582588316E-01  8.4874243761E-02
 0.0750  2.7582514537E-01 -7.6103267556E-02  1.2161318912E-01  8.7036195191E-02
 0.0875  2.8076369039E-01 -7.7310803007E-02  1.2757472566E-01  8.9225331102E-02
 0.1000  2.8587478927E-01 -7.8527092972E-02  1.3371824789E-01  9.1441139960E-02
 0.1125  2.9116577515E-01 -7.9752125527E-02  1.4005180166E-01  9.3683056968E-02
 0.1250  2.9664428116E-01 -8.0985850361E-02  1.4658373498E-01  9.5950461408E-02
 0.1375  3.0231825227E-01 -8.2228175226E-02  1.5332270993E-01  9.8242673904E-02
 0.1500  3.0819595766E-01 -8.3478962239E-02  1.6027771524E-01  1.0055895362E-01
 0.1625  3.1428600383E-01 -8.4738024023E-02  1.6745807952E-01  1.0289849536E-01
 0.1750  3.2059734827E-01 -8.6005119701E-02  1.7487348509E-01  1.0526042662E-01
 0.1875  3.2713931404E-01 -8.7279950705E-02  1.8253398271E-01  1.0764380447E-01
 0.2000  3.3392160497E-01 -8.8562156422E-02  1.9045000699E-01  1.1004761247E-01
 0.2125  3.4095432179E-01 -8.9851309658E-02  1.9863239272E-01  1.1247075736E-01
 0.2250  3.4824797916E-01 -9.1146911905E-02  2.0709239211E-01  1.1491206575E-01
 0.2375  3.5581352365E-01 -9.2448388424E-02  2.1584169305E-01  1.1737028059E-01
 0.2500  3.6366235275E-01 -9.3755083109E-02  2.2489243844E-01  1.1984405766E-01
 0.2625  3.7180633501E-01 -9.5066253151E-02  2.3425724674E-01  1.2233196176E-01
 0.2750  3.8025783146E-01 -9.6381063469E-02  2.4394923375E-01  1.2483246292E-01
 0.2875  3.8902971821E-01 -9.7698580920E-02  2.5398203588E-01  1.2734393235E-01
 0.3000  3.9813541063E-01 -9.9017768256E-02  2.6436983484E-01  1.2986463825E-01
 0.3125  4.0758888899E-01 -1.0033747784E-01  2.7512738414E-01  1.3239274140E-01
 0.3250  4.1740472583E-01 -1.0165644509E-01  2.8627003731E-01  1.3492629059E-01
 0.3375  4.2759811520E-01 -1.0297328164E-01  2.9781377829E-01  1.3746321773E-01
 0.3500  4.3818490392E-01 -1.0428646825E-01  3.0977525396E-01  1.4000133269E-01
 0.3625  4.4918162512E-01 -1.0559434734E-01  3.2217180921E-01  1.4253831786E-01
 0.3750  4.6060553420E-01 -1.0689511526E-01  3.3502152473E-01  1.4507172219E-01
 0.3875  4.7247464762E-01 -1.0818681419E-01  3.4834325793E-01  1.4759895495E-01
 0.4000  4.8480778462E-01 -1.0946732369E-01  3.6215668720E-01  1.5011727878E-01
 0.4125  4.9762461246E-01 -1.1073435182E-01  3.7648236002E-01  1.5262380220E-01
 0.4250  5.1094569528E-01 -1.1198542588E-01  3.9134174534E-01  1.5511547127E-01
 0.4375  5.2479254737E-01 -1.1321788261E-01  4.0675729069E-01  1.5758906044E-01
 0.4500  5.3918769101E-01 -1.1442885800E-01  4.2275248473E-01  1.6004116217E-01
 0.4625  5.5415471979E-01 -1.1561527637E-01  4.3935192575E-01  1.6246817527E-01
 0.4750  5.6971836786E-01 -1.1677383895E-01  4.5658139701E-01  1.6486629165E-01
 0.4875  5.8590458609E-01 -1.1790101165E-01  4.7446794980E-01  1.6723148109E-01
 0.5000  6.0274062595E-01 -1.1899301200E-01  4.9303999504E-01  1.6955947365E-01
 0.5125  6.2025513217E-01 -1.2004579519E-01  5.1232740485E-01  1.7184573923E-01
 0.5250  6.3847824553E-01 -1.2105503893E-01  5.3236162513E-01  1.7408546371E-01
 0.5375  6.5744171713E-01 -1.2201612696E-01  5.5317580080E-01  1.7627352081E-01
 0.5500  6.7717903588E-01 -1.2292413110E-01  5.7480491542E-01  1.7840443900E-01
 0.5625  6.9772557109E-01 -1.2377379132E-01  5.9728594698E-01  1.8047236219E-01
 0.5750  7.1911873266E-01 -1.2455949360E-01  6.2065804242E-01  1.8247100298E-01
 0.5875  7.4139815128E-01 -1.2527524512E-01  6.4496271311E-01  1.8439358698E-01
 0.6000  7.6460588204E-01 -1.2591464611E-01  6.7024405448E-01  1.8623278622E-01
 0.6125  7.8878663496E-01 -1.2647085778E-01  6.9654899314E-01  1.8798063950E-01
 0.6250  8.1398803686E-01 -1.2693656542E-01  7.2392756522E-01  1.8962845685E-01
 0.6375  8.4026092958E-01 -1.2730393553E-01  7.5243323058E-01  1.9116670498E-01
 0.6500  8.6765971044E-01 -1.2756456590E-01  7.8212322783E-01  1.9258486975E-01
 0.6625  8.9624272207E-01 -1.2770942686E-01  8.1305897595E-01  1.9387129098E-01
 0.6750  9.2607269956E-01 -1.2772879189E-01  8.4530652926E-01  1.9501296409E-01
 0.6875  9.5721728472E-01 -1.2761215524E-01  8.7893709334E-01  1.9599530190E-01
 0.7000  9.8974961860E-01 -1.2734813370E-01  9.1402761054E-01  1.9680184854E-01
 0.7125  1.0237490255E+00 -1.2692434902E-01  9.5066142506E-01  1.9741393616E-01
 0.7250  1.0593018043E+00 -1.2632728696E-01  9.8892903909E-01  1.9781027304E-01
 0.7375  1.0965021446E+00 -1.2554212769E-01  1.0289289729E+00  1.9796644973E-01
 0.7500  1.1354531902E+00 -1.2455254158E-01  1.0707687437E+00  1.9785434726E-01
 0.7625  1.1762682743E+00 -1.2334044301E-01  1.1145659806E+00  1.9744142860E-01
 0.7750  1.2190723557E+00 -1.2188569315E-01  1.1604496947E+00  1.9668989076E-01
 0.7875  1.2640036920E+00 -1.2016574128E-01  1.2085617258E+00  1.9555565114E-01
 0.8000  1.3112157891E+00 -1.1815519160E-01  1.2590583933E+00  1.9398713659E-01
 0.8125  1.3608796751E+00 -1.1582528026E-01  1.3121123765E+00  1.9192383800E-01
 0.8250  1.4131865552E+00 -1.1314324412E-01  1.3679148601E+00  1.8929458654E-01
 0.8375  1.4683509122E+00 -1.1007155935E-01  1.4266779805E+00  1.8601549973E-01
 0.8500  1.5266141308E+00 -1.0656702330E-01  1.4886376159E+00  1.8198753615E-01
 0.8625  1.5882487346E+00 -1.0257964850E-01  1.5540565684E+00  1.7709358688E-01
 0.8750  1.6535633413E+00 -9.8051331192E-02  1.6232281925E+00  1.7119501880E-01
 0.8875  1.7229084616E+00 -9.2914250042E-02  1.6964805331E+00  1.6412757024E-01
 0.9000  1.7966832829E+00 -8.7088941972E-02  1.7741810430E+00  1.5569648168E-01
 0.9125  1.8753436109E+00 -8.0481992428E-02  1.8567419606E+00  1.4567072402E-01
 0.9250  1.9594111625E+00 -7.2983265549E-02  1.9446264384E+00  1.3377616305E-01
 0.9375  2.0494844451E+00 -6.4462586027E-02  2.0383555265E+00  1.1968747093E-01
 0.9500  2.1462514885E+00 -5.4765768271E-02  2.1385161262E+00  1.0301856303E-01
 0.9625  2.2505047467E+00 -4.3709869485E-02  2.2457700482E+00  8.3311300668E-02
 0.9750  2.3631585360E+00 -3.1077520965E-02  2.3608643232E+00  6.0022156406E-02
 0.9875  2.4852694385E+00 -1.6610165737E-02  2.4846429356E+00  3.2506487026E-02
 1.0000  2.6180601700E+00  0.0000000000E+00  2.6180601700E+00  2.5353453184E-17
