lambda(um), Cext(cm^2/H), albedo, <cos>, # of angles
   0.10320  2.02690E-21   0.28211   0.64981   161
cos(theta),     S11,               S12,             S33,             S34
-1.0000  1.2743112750E-01  1.6237386594E-18 -1.2743112750E-01 -3.4304202973E-18
-0.9875  1.2661462046E-01 -1.4274562204E-03 -1.2657869029E-01  4.2351263013E-04
-0.9750  1.2589317769E-01 -2.7761337089E-03 -1.2576462546E-01  8.1156324462E-04
-0.9625  1.2525648924E-01 -4.0598119923E-03 -1.2499180761E-01  1.1843281428E-03
-0.9500  1.2468981528E-01 -5.2936020463E-03 -1.2425271531E-01  1.5520285103E-03
-0.9375  1.2417882880E-01 -6.4905472706E-03 -1.2353753223E-01  1.9172437530E-03
-0.9250  1.2371289791E-01 -7.6595685629E-03 -1.2283866347E-01  2.2786721679E-03
-0.9125  1.2328562612E-01 -8.8056204817E-03 -1.2215187857E-01  2.6342319255E-03
-0.9000  1.2289380245E-01 -9.9310031606E-03 -1.2147559670E-01  2.9828777925E-03
-0.8875  1.2253580076E-01 -1.1036942761E-02 -1.2080946975E-01  3.3251785752E-03
-0.8750  1.2221017792E-01 -1.2124825258E-02 -1.2015306716E-01  3.6629525912E-03
-0.8625  1.2191490577E-01 -1.3196760865E-02 -1.1950514011E-01  3.9984329230E-03
-0.8500  1.2164729830E-01 -1.4255497147E-02 -1.1886356346E-01  4.3334543137E-03
-0.8375  1.2140440714E-01 -1.5303943507E-02 -1.1822575303E-01  4.6689830041E-03
-0.8250  1.2118356470E-01 -1.6344625226E-02 -1.1758924584E-01  5.0050718950E-03
-0.8125  1.2098281646E-01 -1.7379300337E-02 -1.1695218081E-01  5.3411476446E-03
-0.8000  1.2080110384E-01 -1.8408846844E-02 -1.1631353057E-01  5.6764606554E-03
-0.7875  1.2063817069E-01 -1.9433419397E-02 -1.1567304567E-01  6.0105234827E-03
-0.7750  1.2049425505E-01 -2.0452794806E-02 -1.1503096387E-01  6.3433970952E-03
-0.7625  1.2036968810E-01 -2.1466776449E-02 -1.1438760382E-01  6.6757470620E-03
-0.7500  1.2026454149E-01 -2.2475519525E-02 -1.1374298971E-01  7.0086735438E-03
-0.7375  1.2017843450E-01 -2.3479677900E-02 -1.1309662937E-01  7.3433955854E-03
-0.7250  1.2011054510E-01 -2.4480344696E-02 -1.1244750305E-01  7.6809122313E-03
-0.7125  1.2005979450E-01 -2.5478831596E-02 -1.1179424204E-01  8.0217565669E-03
-0.7000  1.2002512283E-01 -2.6476378299E-02 -1.1113541781E-01  8.3659138556E-03
-0.6875  1.2000575682E-01 -2.7473892777E-02 -1.1046983902E-01  8.7129152477E-03
-0.6750  1.2000138572E-01 -2.8471801305E-02 -1.0979676351E-01  9.0620657349E-03
-0.6625  1.2001219683E-01 -2.9470047807E-02 -1.0911596565E-01  9.4127307356E-03
-0.6500  1.2003876570E-01 -3.0468236703E-02 -1.0842764370E-01  9.7645936431E-03
-0.6375  1.2008183874E-01 -3.1465871983E-02 -1.0773219892E-01  1.0117807523E-02
-0.6250  1.2014207769E-01 -3.2462617158E-02 -1.0702995593E-01  1.0472996189E-02
-0.6125  1.2021984625E-01 -3.3458494874E-02 -1.0632091198E-01  1.0831106016E-02
-0.6000  1.2031510491E-01 -3.4453964747E-02 -1.0560459285E-01  1.1193156558E-02
-0.5875  1.2042744410E-01 -3.5449857672E-02 -1.0488005900E-01  1.1559969414E-02
-0.5750  1.2055624119E-01 -3.6447190733E-02 -1.0414605688E-01  1.1931960139E-02
-0.5625  1.2070088900E-01 -3.7446923220E-02 -1.0340126623E-01  1.2309056416E-02
-0.5500  1.2086102363E-01 -3.8449730160E-02 -1.0264456631E-01  1.2690765962E-02
-0.5375  1.2103668218E-01 -3.9455862275E-02 -1.0187524036E-01  1.3076372764E-02
-0.5250  1.2122834343E-01 -4.0465134315E-02 -1.0109305656E-01  1.3465203069E-02
-0.5125  1.2143683934E-01 -4.1477045604E-02 -1.0029820017E-01  1.3856881999E-02
-0.5000  1.2166316378E-01 -4.2490997333E-02 -9.9491074532E-02  1.4251503247E-02
-0.4875  1.2190823621E-01 -4.3506541252E-02 -9.8672028824E-02  1.4649658096E-02
-0.4750  1.2217269310E-01 -4.4523583143E-02 -9.7841094508E-02  1.5052311126E-02
-0.4625  1.2245677307E-01 -4.5542476434E-02 -9.6997812607E-02  1.5460557021E-02
-0.4500  1.2276033322E-01 -4.6563974396E-02 -9.6141208135E-02  1.5875331399E-02
-0.4375  1.2308299345E-01 -4.7589053658E-02 -9.5269923214E-02  1.6297165480E-02
-0.4250  1.2342436448E-01 -4.8618663066E-02 -9.4382470561E-02  1.6726063125E-02
-0.4125  1.2378428832E-01 -4.9653476677E-02 -9.3477530091E-02  1.7161542398E-02
-0.4000  1.2416301490E-01 -5.0693729914E-02 -9.2554195777E-02  1.7602833284E-02
-0.3875  1.2456125751E-01 -5.1739193231E-02 -9.1612092741E-02  1.8049173901E-02
-0.3750  1.2498010696E-01 -5.2789295389E-02 -9.0651322611E-02  1.8500114388E-02
-0.3625  1.2542082899E-01 -5.3843360835E-02 -8.9672247946E-02  1.8955731374E-02
-0.3500  1.2588460807E-01 -5.4900887333E-02 -8.8675178732E-02  1.9416679909E-02
-0.3375  1.2637232069E-01 -5.5961773575E-02 -8.7660059046E-02  1.9884058735E-02
-0.3250  1.2688441495E-01 -5.7026418997E-02 -8.6626257308E-02  2.0359125028E-02
-0.3125  1.2742094055E-01 -5.8095657468E-02 -8.5572534605E-02  2.0842947073E-02
-0.3000  1.2798172414E-01 -5.9170541362E-02 -8.4497209559E-02  2.1336109373E-02
-0.2875  1.2856663466E-01 -6.0252044842E-02 -8.3398472143E-02  2.1838573237E-02
-0.2750  1.2917585028E-01 -6.1340786413E-02 -8.2274745018E-02  2.2349748276E-02
-0.2625  1.2981003385E-01 -6.2436868716E-02 -8.1124968867E-02  2.2868760271E-02
-0.2500  1.3047035286E-01 -6.3539896931E-02 -7.9948707697E-02  2.3394831520E-02
-0.2375  1.3115833145E-01 -6.4649176563E-02 -7.8746027336E-02  2.3927645082E-02
-0.2250  1.3187558251E-01 -6.5764026957E-02 -7.7517178237E-02  2.4467562025E-02
-0.2125  1.3262351316E-01 -6.6884101193E-02 -7.6262186197E-02  2.5015605293E-02
-0.2000  1.3340311186E-01 -6.8009594403E-02 -7.4980495171E-02  2.5573203219E-02
-0.1875  1.3421490054E-01 -6.9141257373E-02 -7.3670796932E-02  2.6141774371E-02
-0.1750  1.3505907713E-01 -7.0280201137E-02 -7.2331121523E-02  2.6722300846E-02
-0.1625  1.3593580252E-01 -7.1427557898E-02 -7.0959168291E-02  2.7315052119E-02
-0.1500  1.3684552725E-01 -7.2584123655E-02 -6.9552762915E-02  2.7919575174E-02
-0.1375  1.3778923176E-01 -7.3750123005E-02 -6.8110268160E-02  2.8534970827E-02
-0.1250  1.3876848203E-01 -7.4925196477E-02 -6.6630781811E-02  2.9160364145E-02
-0.1125  1.3978527114E-01 -7.6108626786E-02 -6.5114028338E-02  2.9795391902E-02
-0.1000  1.4084170391E-01 -7.7299723092E-02 -6.3559968534E-02  3.0440509670E-02
-0.0875  1.4193965023E-01 -7.8498210970E-02 -6.1968269735E-02  3.1096980503E-02
-0.0750  1.4308051327E-01 -7.9704463131E-02 -6.0337848802E-02  3.1766530145E-02
-0.0625  1.4426521864E-01 -8.0919463288E-02 -5.8666685731E-02  3.2450794750E-02
-0.0500  1.4549444033E-01 -8.2144505002E-02 -5.6952004261E-02  3.3150787342E-02
-0.0375  1.4676897571E-01 -8.3380745404E-02 -5.5190761993E-02  3.3866619408E-02
-0.0250  1.4809010956E-01 -8.4628807902E-02 -5.3380249096E-02  3.4597619234E-02
-0.0125  1.4945980215E-01 -8.5888619245E-02 -5.1518528593E-02  3.5342819606E-02
-0.0000  1.5088060879E-01 -8.7159569963E-02 -4.9604502195E-02  3.6101614154E-02
 0.0125  1.5235535961E-01 -8.8440939711E-02 -4.7637543708E-02  3.6874285359E-02
 0.0250  1.5388674580E-01 -8.9732396576E-02 -4.5616844057E-02  3.7662143771E-02
 0.0375  1.5547701386E-01 -9.1034329055E-02 -4.3540764459E-02  3.8467185624E-02
 0.0500  1.5712792766E-01 -9.2347835806E-02 -4.1406515169E-02  3.9291407392E-02
 0.0625  1.5884103238E-01 -9.3674360364E-02 -3.9210339486E-02  4.0136101246E-02
 0.0750  1.6061810014E-01 -9.5015141975E-02 -3.6948137598E-02  4.1001493009E-02
 0.0875  1.6246153443E-01 -9.6370763887E-02 -3.4616228164E-02  4.1886935330E-02
 0.1000  1.6437451953E-01 -9.7741048344E-02 -3.2211845599E-02  4.2791589787E-02
 0.1125  1.6636082881E-01 -9.9125374484E-02 -2.9733080454E-02  4.3715259016E-02
 0.1250  1.6842439215E-01 -1.0052326293E-01 -2.7178254707E-02  4.4658917597E-02
 0.1375  1.7056886664E-01 -1.0193490638E-01 -2.4545043432E-02  4.5624623337E-02
 0.1500  1.7279746702E-01 -1.0336133423E-01 -2.1829827081E-02  4.6614823186E-02
 0.1625  1.7511317287E-01 -1.0480409593E-01 -1.9027662332E-02  4.7631427842E-02
 0.1750  1.7751920732E-01 -1.0626463402E-01 -1.6132917466E-02  4.8675200305E-02
 0.1875  1.8001950902E-01 -1.0774372340E-01 -1.3140211043E-02  4.9745854878E-02
 0.2000  1.8261890955E-01 -1.0924133727E-01 -1.0045070773E-02  5.0842847065E-02
 0.2125  1.8532290687E-01 -1.1075704614E-01 -6.8438615592E-03  5.1966387477E-02
 0.2250  1.8813718899E-01 -1.1229070811E-01 -3.5329763822E-03  5.3118028091E-02
 0.2375  1.9106724024E-01 -1.1384299387E-01 -1.0777900565E-04  5.4300407269E-02
 0.2500  1.9411832079E-01 -1.1541537686E-01  3.4380049807E-03  5.5516289602E-02
 0.2625  1.9729585857E-01 -1.1700957822E-01  7.1120180931E-03  5.6767545675E-02
 0.2750  2.0060599571E-01 -1.1862685473E-01  1.0922297090E-02  5.8054807699E-02
 0.2875  2.0405590972E-01 -1.2026765824E-01  1.4876306654E-02  5.9378088502E-02
 0.3000  2.0765369242E-01 -1.2193193917E-01  1.8980738304E-02  6.0737939972E-02
 0.3125  2.1140791250E-01 -1.2361987469E-01  2.3242291141E-02  6.2136279869E-02
 0.3250  2.1532724852E-01 -1.2533244906E-01  2.7668886094E-02  6.3576225846E-02
 0.3375  2.1942053284E-01 -1.2707140944E-01  3.2270381660E-02  6.5061048096E-02
 0.3500  2.2369721045E-01 -1.2883862933E-01  3.7058227524E-02  6.6593097874E-02
 0.3625  2.2816786214E-01 -1.3063542886E-01  4.2044380203E-02  6.8173635987E-02
 0.3750  2.3284438862E-01 -1.3246245921E-01  4.7240478454E-02  6.9803737054E-02
 0.3875  2.3773976875E-01 -1.3432026133E-01  5.2658094435E-02  7.1485479730E-02
 0.4000  2.4286771399E-01 -1.3620997828E-01  5.8309919149E-02  7.3222336830E-02
 0.4125  2.4824264803E-01 -1.3813354137E-01  6.4210853651E-02  7.5018406943E-02
 0.4250  2.5388012264E-01 -1.4009316186E-01  7.0378049448E-02  7.6877256549E-02
 0.4375  2.5979734789E-01 -1.4209066679E-01  7.6829989593E-02  7.8801554025E-02
 0.4500  2.6601342179E-01 -1.4412738360E-01  8.3585713354E-02  8.0793879401E-02
 0.4625  2.7254920518E-01 -1.4620468666E-01  9.0665168002E-02  8.2857849295E-02
 0.4750  2.7942720784E-01 -1.4832458670E-01  9.8090466840E-02  8.4998352830E-02
 0.4875  2.8667184680E-01 -1.5048970800E-01  1.0588684177E-01  8.7220704644E-02
 0.5000  2.9431001028E-01 -1.5270273352E-01  1.1408247884E-01  8.9529781176E-02
 0.5125  3.0237153731E-01 -1.5496603776E-01  1.2270781107E-01  9.1930208116E-02
 0.5250  3.1088941229E-01 -1.5728196578E-01  1.3179554043E-01  9.4427353633E-02
 0.5375  3.1989992235E-01 -1.5965337272E-01  1.4138175357E-01  9.7027887227E-02
 0.5500  3.2944312326E-01 -1.6208372713E-01  1.5150713555E-01  9.9739303307E-02
 0.5625  3.3956358901E-01 -1.6457672786E-01  1.6221730819E-01  1.0256923873E-01
 0.5750  3.5031113767E-01 -1.6713606924E-01  1.7356270549E-01  1.0552564549E-01
 0.5875  3.6174144862E-01 -1.6976572014E-01  1.8559915643E-01  1.0861759525E-01
 0.6000  3.7391684289E-01 -1.7247029590E-01  1.9838937658E-01  1.1185562115E-01
 0.6125  3.8690742453E-01 -1.7525502833E-01  2.1200441004E-01  1.1525134900E-01
 0.6250  4.0079245065E-01 -1.7812554712E-01  2.2652454379E-01  1.1881732185E-01
 0.6375  4.1566180681E-01 -1.8108796559E-01  2.4204047103E-01  1.2256751153E-01
 0.6500  4.3161777339E-01 -1.8414919108E-01  2.5865539165E-01  1.2651785267E-01
 0.6625  4.4877730787E-01 -1.8731703464E-01  2.7648761087E-01  1.3068627078E-01
 0.6750  4.6727483803E-01 -1.9060015306E-01  2.9567315017E-01  1.3509271220E-01
 0.6875  4.8726559016E-01 -1.9400816804E-01  3.1636889017E-01  1.3975964690E-01
 0.7000  5.0892972451E-01 -1.9755192873E-01  3.3875686514E-01  1.4471266995E-01
 0.7125  5.3247756850E-01 -2.0124368337E-01  3.6304959595E-01  1.4998094076E-01
 0.7250  5.5815617957E-01 -2.0509726926E-01  3.8949652362E-01  1.5559786952E-01
 0.7375  5.8625769791E-01 -2.0912851196E-01  4.1839235874E-01  1.6160224513E-01
 0.7500  6.1713022265E-01 -2.1335575515E-01  4.5008814947E-01  1.6803956137E-01
 0.7625  6.5119211214E-01 -2.1780046652E-01  4.8500579306E-01  1.7496355591E-01
 0.7750  6.8895097049E-01 -2.2248797320E-01  5.2365732751E-01  1.8243808129E-01
 0.7875  7.3102911081E-01 -2.2744822919E-01  5.6667077221E-01  1.9053918025E-01
 0.8000  7.7819787792E-01 -2.3271652495E-01  6.1482457534E-01  1.9935752075E-01
 0.8125  8.3142431292E-01 -2.3833435188E-01  6.6909386233E-01  2.0900205390E-01
 0.8250  8.9193591785E-01 -2.4435112620E-01  7.3071417129E-01  2.1960669941E-01
 0.8375  9.6131405513E-01 -2.5082829094E-01  8.0127382495E-01  2.3134309476E-01
 0.8500  1.0416362611E+00 -2.5784795959E-01  8.8285733388E-01  2.4444265846E-01
 0.8625  1.1357053452E+00 -2.6552733709E-01  9.7828150101E-01  2.5922794652E-01
 0.8750  1.2474302172E+00 -2.7403553998E-01  1.0914929481E+00  2.7614379987E-01
 0.8875  1.3824570710E+00 -2.8359973466E-01  1.2282237304E+00  2.9576396254E-01
 0.9000  1.5491834792E+00 -2.9447794320E-01  1.3970194286E+00  3.1874492461E-01
 0.9125  1.7603462917E+00 -3.0689068238E-01  1.6107879491E+00  3.4575795063E-01
 0.9250  2.0356796041E+00 -3.2100110797E-01  1.8893188169E+00  3.7765796406E-01
 0.9375  2.4077281080E+00 -3.3728804831E-01  2.2649183567E+00  4.1664291493E-01
 0.9500  2.9396087278E+00 -3.5796717078E-01  2.8003959841E+00  4.6961556885E-01
 0.9625  3.7881663662E+00 -3.8939419026E-01  3.6540237540E+00  5.5317424663E-01
 0.9750  5.4324000754E+00 -4.3886727650E-01  5.3127232441E+00  6.8685850195E-01
 0.9875  9.5509349898E+00 -4.7017952409E-01  9.4738447837E+00  8.0816314124E-01
 1.0000  2.6465513375E+01  6.6300588622E-42  2.6465513375E+01 -6.3215564679E-18
