lambda(um), Cext(cm^2/H), albedo, <cos>, # of angles
   0.58920  4.43378E-22   0.67412   0.52325   161
cos(theta),     S11,               S12,             S33,             S34
-1.0000  1.4336709486E-01  7.9875205547E-19 -1.4336709486E-01 -1.5281733817E-18
-0.9875  1.4075933675E-01  4.5801318863E-04 -1.4059666507E-01  4.4880577123E-04
-0.9750  1.3843858973E-01  8.3631792675E-04 -1.3780408831E-01  8.6019182095E-04
-0.9625  1.3638414623E-01  1.1353990134E-03 -1.3499166126E-01  1.2395113317E-03
-0.9500  1.3457694969E-01  1.3563312919E-03 -1.3216175331E-01  1.5915455258E-03
-0.9375  1.3299942574E-01  1.5006664268E-03 -1.2931677207E-01  1.9205724490E-03
-0.9250  1.3163533533E-01  1.5703371243E-03 -1.2645913378E-01  2.2304268917E-03
-0.9125  1.3046964679E-01  1.5675762690E-03 -1.2359123829E-01  2.5245526304E-03
-0.9000  1.2948842416E-01  1.4948488011E-03 -1.2071544785E-01  2.8060480158E-03
-0.8875  1.2867872955E-01  1.3547944620E-03 -1.1783406912E-01  3.0777058000E-03
-0.8750  1.2802853761E-01  1.1501797971E-03 -1.1494933816E-01  3.3420479764E-03
-0.8625  1.2752666031E-01  8.8385803370E-04 -1.1206340786E-01  3.6013563016E-03
-0.8500  1.2716268082E-01  5.5873564776E-04 -1.0917833744E-01  3.8576990799E-03
-0.8375  1.2692689490E-01  1.7774460401E-04 -1.0629608395E-01  4.1129547127E-03
-0.8250  1.2681025909E-01 -2.5618060078E-04 -1.0341849522E-01  4.3688324461E-03
-0.8125  1.2680434454E-01 -7.4012183355E-04 -1.0054730431E-01  4.6268906908E-03
-0.8000  1.2690129579E-01 -1.2711927940E-03 -9.7684125156E-02  4.8885532383E-03
-0.7875  1.2709379381E-01 -1.8465515970E-03 -9.4830449159E-02  5.1551236514E-03
-0.7750  1.2737502274E-01 -2.4634109277E-03 -9.1987642801E-02  5.4277980686E-03
-0.7625  1.2773863981E-01 -3.1190461606E-03 -8.9156945948E-02  5.7076766293E-03
-0.7500  1.2817874801E-01 -3.8108017720E-03 -8.6339470864E-02  5.9957736974E-03
-0.7375  1.2868987124E-01 -4.5360963287E-03 -8.3536201781E-02  6.2930270355E-03
-0.7250  1.2926693146E-01 -5.2924262877E-03 -8.0747994971E-02  6.6003060617E-03
-0.7125  1.2990522780E-01 -6.0773688081E-03 -7.7975579234E-02  6.9184193006E-03
-0.7000  1.3060041720E-01 -6.8885837432E-03 -7.5219556746E-02  7.2481211263E-03
-0.6875  1.3134849653E-01 -7.7238149553E-03 -7.2480404209E-02  7.5901178800E-03
-0.6750  1.3214578598E-01 -8.5808910700E-03 -6.9758474244E-02  7.9450734335E-03
-0.6625  1.3298891354E-01 -9.4577257726E-03 -6.7053996999E-02  8.3136142608E-03
-0.6500  1.3387480059E-01 -1.0352317727E-02 -6.4367081923E-02  8.6963340693E-03
-0.6375  1.3480064827E-01 -1.1262750186E-02 -6.1697719663E-02  9.0937980375E-03
-0.6250  1.3576392483E-01 -1.2187190358E-02 -5.9045784073E-02  9.5065466972E-03
-0.6125  1.3676235366E-01 -1.3123888563E-02 -5.6411034283E-02  9.9350994951E-03
-0.6000  1.3779390201E-01 -1.4071177240E-02 -5.3793116816E-02  1.0379958062E-02
-0.5875  1.3885677041E-01 -1.5027469810E-02 -5.1191567729E-02  1.0841609216E-02
-0.5750  1.3994938268E-01 -1.5991259454E-02 -4.8605814744E-02  1.1320527721E-02
-0.5625  1.4107037646E-01 -1.6961117803E-02 -4.6035179369E-02  1.1817178822E-02
-0.5500  1.4221859436E-01 -1.7935693564E-02 -4.3478878969E-02  1.2332020567E-02
-0.5375  1.4339307555E-01 -1.8913711117E-02 -4.0936028787E-02  1.2865505946E-02
-0.5250  1.4459304786E-01 -1.9893969061E-02 -3.8405643889E-02  1.3418084834E-02
-0.5125  1.4581792032E-01 -2.0875338749E-02 -3.5886641027E-02  1.3990205780E-02
-0.5000  1.4706727619E-01 -2.1856762809E-02 -3.3377840391E-02  1.4582317632E-02
-0.4875  1.4834086640E-01 -2.2837253651E-02 -3.0877967263E-02  1.5194871005E-02
-0.4750  1.4963860337E-01 -2.3815891983E-02 -2.8385653528E-02  1.5828319620E-02
-0.4625  1.5096055532E-01 -2.4791825321E-02 -2.5899439062E-02  1.6483121499E-02
-0.4500  1.5230694088E-01 -2.5764266514E-02 -2.3417772966E-02  1.7159740036E-02
-0.4375  1.5367812420E-01 -2.6732492272E-02 -2.0939014638E-02  1.7858644944E-02
-0.4250  1.5507461029E-01 -2.7695841711E-02 -1.8461434687E-02  1.8580313084E-02
-0.4125  1.5649704096E-01 -2.8653714913E-02 -1.5983215657E-02  1.9325229184E-02
-0.4000  1.5794619086E-01 -2.9605571500E-02 -1.3502452573E-02  2.0093886444E-02
-0.3875  1.5942296415E-01 -3.0550929224E-02 -1.1017153287E-02  2.0886787042E-02
-0.3750  1.6092839135E-01 -3.1489362576E-02 -8.5252386204E-03  2.1704442531E-02
-0.3625  1.6246362664E-01 -3.2420501415E-02 -6.0245422892E-03  2.2547374138E-02
-0.3500  1.6402994551E-01 -3.3344029611E-02 -3.5128106129E-03  2.3416112971E-02
-0.3375  1.6562874273E-01 -3.4259683710E-02 -9.8770198833E-04  2.4311200121E-02
-0.3250  1.6726153077E-01 -3.5167251613E-02  1.5532138738E-03  2.5233186676E-02
-0.3125  1.6892993848E-01 -3.6066571277E-02  4.1124569600E-03  2.6182633643E-02
-0.3000  1.7063571021E-01 -3.6957529425E-02  6.6926382218E-03  2.7160111771E-02
-0.2875  1.7238070524E-01 -3.7840060279E-02  9.2964611067E-03  2.8166201287E-02
-0.2750  1.7416689761E-01 -3.8714144299E-02  1.1926723364E-02  2.9201491545E-02
-0.2625  1.7599637634E-01 -3.9579806944E-02  1.4586319131E-02  3.0266580573E-02
-0.2500  1.7787134597E-01 -4.0437117428E-02  1.7278241313E-02  3.1362074535E-02
-0.2375  1.7979412751E-01 -4.1286187504E-02  2.0005584262E-02  3.2488587101E-02
-0.2250  1.8176715979E-01 -4.2127170232E-02  2.2771546763E-02  3.3646738721E-02
-0.2125  1.8379300115E-01 -4.2960258772E-02  2.5579435348E-02  3.4837155803E-02
-0.2000  1.8587433162E-01 -4.3785685158E-02  2.8432667932E-02  3.6060469798E-02
-0.1875  1.8801395537E-01 -4.4603719084E-02  3.1334777792E-02  3.7317316190E-02
-0.1750  1.9021480372E-01 -4.5414666674E-02  3.4289417902E-02  3.8608333376E-02
-0.1625  1.9247993844E-01 -4.6218869249E-02  3.7300365628E-02  3.9934161455E-02
-0.1500  1.9481255559E-01 -4.7016702075E-02  4.0371527795E-02  4.1295440910E-02
-0.1375  1.9721598969E-01 -4.7808573096E-02  4.3506946147E-02  4.2692811174E-02
-0.1250  1.9969371848E-01 -4.8594921646E-02  4.6710803206E-02  4.4126909105E-02
-0.1125  2.0224936799E-01 -4.9376217129E-02  4.9987428541E-02  4.5598367325E-02
-0.1000  2.0488671825E-01 -5.0152957672E-02  5.3341305476E-02  4.7107812467E-02
-0.0875  2.0760970931E-01 -5.0925668737E-02  5.6777078227E-02  4.8655863278E-02
-0.0750  2.1042244795E-01 -5.1694901689E-02  6.0299559511E-02  5.0243128624E-02
-0.0625  2.1332921477E-01 -5.2461232317E-02  6.3913738623E-02  5.1870205342E-02
-0.0500  2.1633447188E-01 -5.3225259300E-02  6.7624790013E-02  5.3537675985E-02
-0.0375  2.1944287117E-01 -5.3987602605E-02  7.1438082366E-02  5.5246106412E-02
-0.0250  2.2265926307E-01 -5.4748901823E-02  7.5359188222E-02  5.6996043250E-02
-0.0125  2.2598870602E-01 -5.5509814422E-02  7.9393894144E-02  5.8788011205E-02
-0.0000  2.2943647646E-01 -5.6271013921E-02  8.3548211457E-02  6.0622510227E-02
 0.0125  2.3300807950E-01 -5.7033187965E-02  8.7828387590E-02  6.2500012520E-02
 0.0250  2.3670926026E-01 -5.7797036302E-02  9.2240918032E-02  6.4420959387E-02
 0.0375  2.4054601589E-01 -5.8563268656E-02  9.6792558943E-02  6.6385757916E-02
 0.0500  2.4452460833E-01 -5.9332602469E-02  1.0149034043E-01  6.8394777490E-02
 0.0625  2.4865157778E-01 -6.0105760526E-02  1.0634158054E-01  7.0448346125E-02
 0.0750  2.5293375698E-01 -6.0883468431E-02  1.1135389999E-01  7.2546746618E-02
 0.0875  2.5737828629E-01 -6.1666451942E-02  1.1653523761E-01  7.4690212513E-02
 0.1000  2.6199262965E-01 -6.2455434142E-02  1.2189386673E-01  7.6878923861E-02
 0.1125  2.6678459139E-01 -6.3251132435E-02  1.2743841221E-01  7.9113002790E-02
 0.1250  2.7176233398E-01 -6.4054255366E-02  1.3317786858E-01  8.1392508854E-02
 0.1375  2.7693439679E-01 -6.4865499238E-02  1.3912161890E-01  8.3717434168E-02
 0.1500  2.8230971584E-01 -6.5685544522E-02  1.4527945475E-01  8.6087698321E-02
 0.1625  2.8789764460E-01 -6.6515052045E-02  1.5166159719E-01  8.8503143051E-02
 0.1750  2.9370797601E-01 -6.7354658938E-02  1.5827871879E-01  9.0963526686E-02
 0.1875  2.9975096562E-01 -6.8204974337E-02  1.6514196684E-01  9.3468518327E-02
 0.2000  3.0603735597E-01 -6.9066574809E-02  1.7226298777E-01  9.6017691775E-02
 0.2125  3.1257840239E-01 -6.9939999503E-02  1.7965395285E-01  9.8610519198E-02
 0.2250  3.1938590011E-01 -7.0825744992E-02  1.8732758522E-01  1.0124636450E-01
 0.2375  3.2647221291E-01 -7.1724259802E-02  1.9529718848E-01  1.0392447644E-01
 0.2500  3.3385030336E-01 -7.2635938600E-02  2.0357667666E-01  1.0664398138E-01
 0.2625  3.4153376468E-01 -7.3561116031E-02  2.1218060602E-01  1.0940387582E-01
 0.2750  3.4953685450E-01 -7.4500060171E-02  2.2112420848E-01  1.1220301851E-01
 0.2875  3.5787453042E-01 -7.5452965585E-02  2.3042342701E-01  1.1504012231E-01
 0.3000  3.6656248769E-01 -7.6419945969E-02  2.4009495308E-01  1.1791374561E-01
 0.3125  3.7561719908E-01 -7.7401026340E-02  2.5015626623E-01  1.2082228349E-01
 0.3250  3.8505595709E-01 -7.8396134760E-02  2.6062567607E-01  1.2376395837E-01
 0.3375  3.9489691875E-01 -7.9405093573E-02  2.7152236687E-01  1.2673681035E-01
 0.3500  4.0515915312E-01 -8.0427610109E-02  2.8286644489E-01  1.2973868705E-01
 0.3625  4.1586269183E-01 -8.1463266848E-02  2.9467898880E-01  1.3276723308E-01
 0.3750  4.2702858282E-01 -8.2511511000E-02  3.0698210342E-01  1.3581987892E-01
 0.3875  4.3867894764E-01 -8.3571643473E-02  3.1979897717E-01  1.3889382934E-01
 0.4000  4.5083704264E-01 -8.4642807199E-02  3.3315394341E-01  1.4198605124E-01
 0.4125  4.6352732438E-01 -8.5723974778E-02  3.4707254642E-01  1.4509326087E-01
 0.4250  4.7677551971E-01 -8.6813935401E-02  3.6158161219E-01  1.4821191035E-01
 0.4375  4.9060870103E-01 -8.7911281015E-02  3.7670932473E-01  1.5133817347E-01
 0.4500  5.0505536732E-01 -8.9014391679E-02  3.9248530854E-01  1.5446793057E-01
 0.4625  5.2014553151E-01 -9.0121420065E-02  4.0894071791E-01  1.5759675253E-01
 0.4750  5.3591081502E-01 -9.1230275047E-02  4.2610833402E-01  1.6071988352E-01
 0.4875  5.5238455026E-01 -9.2338604305E-02  4.4402267070E-01  1.6383222251E-01
 0.5000  5.6960189229E-01 -9.3443775889E-02  4.6272009012E-01  1.6692830319E-01
 0.5125  5.8759994058E-01 -9.4542858631E-02  4.8223892974E-01  1.7000227202E-01
 0.5250  6.0641787245E-01 -9.5632601316E-02  5.0261964205E-01  1.7304786401E-01
 0.5375  6.2609708987E-01 -9.6709410480E-02  5.2390494902E-01  1.7605837575E-01
 0.5500  6.4668138136E-01 -9.7769326669E-02  5.4614001339E-01  1.7902663512E-01
 0.5625  6.6821710149E-01 -9.8807998970E-02  5.6937262936E-01  1.8194496670E-01
 0.5750  6.9075337069E-01 -9.9820657554E-02  5.9365343575E-01  1.8480515216E-01
 0.5875  7.1434229857E-01 -1.0080208392E-01  6.1903615498E-01  1.8759838405E-01
 0.6000  7.3903923467E-01 -1.0174657842E-01  6.4557786230E-01  1.9031521161E-01
 0.6125  7.6490305139E-01 -1.0264792455E-01  6.7333928995E-01  1.9294547643E-01
 0.6250  7.9199646460E-01 -1.0349934933E-01  7.0238517218E-01  1.9547823536E-01
 0.6375  8.2038639871E-01 -1.0429347889E-01  7.3278463795E-01  1.9790166754E-01
 0.6500  8.5014440439E-01 -1.0502228817E-01  7.6461165941E-01  2.0020296124E-01
 0.6625  8.8134713858E-01 -1.0567704318E-01  7.9794556574E-01  2.0236817559E-01
 0.6750  9.1407691875E-01 -1.0624823417E-01  8.3287163370E-01  2.0438207042E-01
 0.6875  9.4842236565E-01 -1.0672549705E-01  8.6948176822E-01  2.0622789637E-01
 0.7000  9.8447915195E-01 -1.0709752015E-01  9.0787528902E-01  2.0788713488E-01
 0.7125  1.0223508776E+00 -1.0735193232E-01  9.4815984185E-01  2.0933917540E-01
 0.7250  1.0621500975E+00 -1.0747516735E-01  9.9045245668E-01  2.1056091396E-01
 0.7375  1.1039995326E+00 -1.0745229824E-01  1.0348807790E+00  2.1152625330E-01
 0.7500  1.1480335013E+00 -1.0726683310E-01  1.0815845053E+00  2.1220547995E-01
 0.7625  1.1943996176E+00 -1.0690046237E-01  1.1307170594E+00  2.1256448769E-01
 0.7750  1.2432608106E+00 -1.0633274408E-01  1.1824475529E+00  2.1256380952E-01
 0.7875  1.2947977332E+00 -1.0554071054E-01  1.2369630815E+00  2.1215741116E-01
 0.8000  1.3492116415E+00 -1.0449837539E-01  1.2944714164E+00  2.1129118814E-01
 0.8125  1.4067278444E+00 -1.0317611452E-01  1.3552041642E+00  2.0990109474E-01
 0.8250  1.4675998443E+00 -1.0153988770E-01  1.4194204771E+00  2.0791081650E-01
 0.8375  1.5321143149E+00 -9.9550259077E-02  1.4874114153E+00  2.0522887758E-01
 0.8500  1.6005970960E+00 -9.7161164496E-02  1.5595050759E+00  2.0174504913E-01
 0.8625  1.6734204193E+00 -9.4318360495E-02  1.6360726293E+00  1.9732589464E-01
 0.8750  1.7510116297E+00 -9.0957473757E-02  1.7175354217E+00  1.9180925071E-01
 0.8875  1.8338637203E+00 -8.7001550113E-02  1.8043733382E+00  1.8499739670E-01
 0.9000  1.9225480670E+00 -8.2357977702E-02  1.8971346478E+00  1.7664861158E-01
 0.9125  2.0177298317E+00 -7.6914628903E-02  1.9964475960E+00  1.6646674916E-01
 0.9250  2.1201866011E+00 -7.0535028765E-02  2.1030340522E+00  1.5408838208E-01
 0.9375  2.2308309491E+00 -6.3052312384E-02  2.2177255770E+00  1.3906696600E-01
 0.9500  2.3507377537E+00 -5.4261678273E-02  2.3414823324E+00  1.2085335647E-01
 0.9625  2.4811772748E+00 -4.3910976940E-02  2.4754153335E+00  9.8771866405E-02
 0.9750  2.6236552090E+00 -3.1688991088E-02  2.6208126256E+00  7.1990877924E-02
 0.9875  2.7799611894E+00 -1.7210862799E-02  2.7791700656E+00  3.9486811301E-02
 1.0000  2.9522275059E+00  0.0000000000E+00  2.9522275059E+00  1.4368942174E-17
