6663.6970  -16.56000   12.44000
6664.9409   -2.74000   11.06000
6666.1849  -19.32000   15.20000
6667.4288  -10.34000   14.51000
6668.6728   -9.65000   11.75000
6669.9167    3.48000   11.75000
6671.1607  -16.56000   12.44000
6672.4046  -11.72000    8.98000
6673.6486  -11.72000    8.98000
6674.8925  -25.54000   13.82000
6676.1365   -6.19000   12.44000
6677.3804   44.94000   11.75000
6678.6244   51.86000   11.05000
6679.8683  133.40000   15.89000
6681.1123  326.20000   29.02000
6682.3562  496.88000   21.08000
6683.6002  597.77000   14.51000
6684.8441  548.02000   16.58000
6686.0881  492.73000   15.21000
6687.3320  438.83000   15.55000
6688.5759  357.29000   20.39000
6689.8199  292.33000   16.24000
6691.0638  243.27000   15.90000
6692.3078  181.08000   13.13000
6693.5517  169.33000   12.78000
6694.7957  117.50000   16.24000
6696.0396   81.57000   14.86000
6697.2836   51.86000   13.47000
6698.5275   32.51000   12.09000
6699.7715   15.23000   13.13000
6701.0154   19.38000   11.40000
6702.2594   25.60000   13.13000
6703.5033   14.54000   12.44000
6704.7473    3.48000   12.79000
6705.9912   -2.74000   12.10000
6707.2352    2.10000   11.75000
6708.4791   -3.43000   12.44000
6709.7231    0.72000   12.44000
6710.9670   -5.50000   11.75000
