6033.8549   -0.04400   11.60700
6035.1028    3.16500   11.60700
6036.3506   -2.01900   12.14300
6037.5985    9.93900    7.50200
6038.8463   22.79200   10.71300
6040.0942   35.10700    7.85900
6041.3420   45.99500   10.89200
6042.5899   44.38200   10.53500
6043.8377   42.05400   10.89300
6045.0856   25.26300   10.35600
6046.3334   17.22100   10.35600
6047.5813   10.43000   10.89300
6048.8291   10.24700   11.06900
6050.0770    3.09800   10.35600
6051.3248   -2.62100   11.42700
6052.5727    0.58700   10.35700
6053.8205    5.40300   10.71400
6055.0684    5.39700   10.71400
6056.3162   -0.68000   11.07100
6057.5641   -2.65000   10.71400
