7002.3626  -18.38000    8.27000
7003.6138    0.92000    6.43000
7004.8650   -7.35000    7.35000
7006.1161   -7.35000    7.35000
7007.3673   -3.68000    5.52000
7008.6185   -0.92000    6.89000
7009.8697   -9.19000    7.81000
7011.1209  -17.46000   10.57000
7012.3721   -0.92000    6.89000
7013.6233    0.92000    5.51000
7014.8744  -11.95000   10.11000
7016.1256   -9.19000    8.27000
7017.3768   -7.35000    7.35000
7018.6280   24.82000   10.11000
7019.8792  167.28000   25.73000
7021.1304  386.95000   22.06000
7022.3815  485.29000    5.98000
7023.6327  457.72000    5.97000
7024.8839  388.79000   11.49000
7026.1351  321.69000   11.49000
7027.3863  250.92000   14.25000
7028.6375  209.56000   11.03000
7029.8886  181.99000    9.19000
7031.1398  137.87000   10.11000
7032.3910  113.97000    9.19000
7033.6422   93.75000    7.35000
7034.8934   64.34000    8.73000
7036.1446   49.63000    8.27000
7037.3958   39.52000    6.90000
7038.6469   32.17000    6.89000
7039.8981   13.79000    9.19000
7041.1493   17.46000    6.90000
7042.4005   11.95000    7.35000
7043.6517    9.19000    7.35000
7044.9029    5.51000    6.90000
7046.1540    6.43000    8.28000
7047.4052    2.76000    8.73000
7048.6564    4.60000    9.19000
