5582.4762   -2.08000   13.43400
5583.7266   -4.85300   13.15000
5584.9769    6.23900   11.22800
5586.2273   -8.66600    9.53900
5587.4777  -14.90500   11.84800
5588.7280   -9.70500   12.76200
5589.9784   -7.97200   11.90200
5591.2288   -0.69300   11.17300
5592.4791    1.73300    9.18400
5593.7295   10.39900   10.12500
5594.9799  -13.17200   12.29900
5596.2302   -6.58600   11.38900
5597.4806   26.34300    9.02800
5598.7310  141.07500   15.25700
5599.9813  196.53400   10.45300
5601.2317  196.88000   10.98000
5602.4821  187.52200   12.04100
5603.7324  149.39300   14.36200
5604.9828  111.61200   13.27900
5606.2332  110.22500   12.04600
5607.4836   82.84200   11.04400
5608.7339   58.23200   12.07400
5609.9843   31.54200   10.37900
5611.2347   23.57000   10.92800
5612.4850   24.26300   11.54500
5613.7354   -7.97200   13.21200
5614.9858    4.15900    9.81500
5616.2361   -7.97200   11.90200
5617.4865   -0.69300    9.86300
5618.7369  -14.90500   14.46800
5619.9872   -6.93200   10.86200
5621.2376   -1.73300   10.03000
5622.4880   -4.85300   12.71300
5623.7383  -18.02400   13.22100
5624.9887    4.15900   11.12500
5626.2391   -9.01200   11.19500
5627.4894   -9.01200   11.19500
5628.7398   -0.69300    9.86300
