5926.3801   -0.20300    8.52800
5927.6242   -1.21800    7.71500
5928.8683   -9.94900    7.71500
5930.1125  -11.77700    7.91900
5931.3566  -15.02500    9.13700
5932.6007    0.81200    9.74600
5933.8448   18.88300   10.15300
5935.0890   42.84300    8.52800
5936.3331   45.27900    7.51300
5937.5772   69.84800    7.91800
5938.8214   70.45700    7.51300
5940.0655   49.94900    9.74600
5941.3096   34.72100    8.73100
5942.5538   21.32000    7.91900
5943.7979   23.14700    7.91900
5945.0420    9.94900    8.52800
5946.2862    2.84300    8.93400
5947.5303   -2.43700    8.93400
5948.7744    5.48200    7.91900
5950.0185    2.03000    7.31000
5951.2627   -7.91900    7.91900
5952.5068  -14.01000   10.15200
5953.7509  -13.19800   10.96400
