0.1010 -17.67057   0.05682
0.3030 -17.80716   0.04545
0.4949 -17.93806   0.04545
0.7071 -18.16558   0.06819
0.8990 -18.39875   0.10227
1.1111 -18.59784   0.13635
1.3030 -18.79694   0.19319
1.4848 -18.72897   0.16478
1.6970 -18.94511   0.22159
1.8889 -18.93965   0.21591
2.1010 -18.86034   0.17613
2.2929 -18.91738   0.19318
2.5051 -19.08806   0.26135
2.6869 -19.25875   0.32388
2.8990 -30.00000   0.00000
3.1010 -19.31601   0.34090
3.3030 -19.04353   0.20455
3.4949 -19.03806   0.19886
3.6768 -30.00000   0.00000
3.9091 -30.00000   0.00000
4.1616 -30.00000   0.00000
4.3737 -30.00000   0.00000
4.5556 -30.00000   0.00000
4.6970 -19.34056   0.30681
4.8889 -19.18737   0.23295
