4971.2967   -1.92000   18.94000
4972.5461    3.46000   17.14000
4973.7954   -5.59000   18.04000
4975.0448   -2.91000   16.24000
4976.2942  -30.90000   19.84000
4977.5435   -7.48000   13.53000
4978.7929   -4.80000   17.14000
4980.0423    5.10000   18.04000
4981.2916   45.66000   23.45000
4982.5410  158.39000   41.49000
4983.7904  283.75000   16.24000
4985.0398  303.57000   16.23000
4986.2891  271.97000   18.94000
4987.5385  246.68000   16.23000
4988.7879  196.14000   25.25000
4990.0372  132.96000   29.77000
4991.2866   64.38000   17.14000
4992.5360   56.23000   14.43000
4993.7854   30.95000   14.43000
4995.0347   13.78000   18.04000
4996.2841    8.34000   18.04000
4997.5335   11.02000   17.13000
4998.7828  -28.70000   18.04000
5000.0322  -12.49000   15.33000
5001.2816  -19.74000   17.14000
5002.5309   -9.84000   16.24000
5003.7803   -8.06000   15.33000
