0.1100 -16.49798   0.02953
0.3043 -16.58676   0.03798
0.4988 -16.71773   0.03376
0.7010 -16.89089   0.02954
0.9180 -17.06828   0.04219
1.0977 -17.22456   0.03798
1.3073 -17.39351   0.03798
1.5092 -17.50760   0.03375
1.7038 -17.63857   0.02954
1.8982 -17.75267   0.04221
2.1077 -17.90474   0.03798
2.3020 -17.98928   0.05063
2.5039 -18.11604   0.06751
2.7056 -18.18794   0.07595
2.9149 -18.28094   0.09705
3.1098 -18.59756   0.16034
3.3045 -18.83824   0.24051
3.5135 -18.85950   0.23628
3.6998 -18.73309   0.19410
3.8939 -18.75856   0.19409
4.1030 -18.82625   0.21941
4.3047 -18.91924   0.25316
4.5073 -30.00000   0.00000
4.7079 -18.95757   0.25318
4.9012 -18.65393   0.13925
