0.1006 -16.71060   0.03860
0.2950 -16.84570   0.03860
0.5126 -17.04500   0.02570
0.7190 -17.30230   0.03860
0.9027 -17.56590   0.05790
1.1090 -17.81030   0.07720
1.3035 -17.97750   0.09000
1.4983 -18.27970   0.17360
1.7038 -18.37620   0.19290
1.8983 -18.62700   0.28290
2.1024 -18.36330   0.18000
2.2970 -18.60130   0.25080
2.5033 -19.15430   0.57230
2.6961 -18.74280   0.30870
2.8906 -19.07070   0.48870
3.1075 -19.40510   0.72660
3.3073 -30.00000   0.00000
3.5049 -18.74280   0.27660
3.6993 -19.00640   0.41800
3.9109 -30.00000   0.00000
4.1501 -30.00000   0.00000
4.3210 -30.00000   0.00000
4.5146 -30.00000   0.00000
4.7196 -30.00000   0.00000
4.9067 -18.98710   0.37300
