2786.0000  0.99560100
2786.0844  0.99537308
2786.1688  0.99514516
2786.2532  0.99493300
2786.3377  0.99510614
2786.4221  0.99496596
2786.5065  0.99441263
2786.5909  0.99761536
2786.6753  1.00064394
2786.7597  1.00238004
2786.8442  0.99775561
2786.9286  0.98642934
2787.0130  0.95710252
2787.0974  0.92088022
2787.1818  0.90546525
2787.2662  0.89507088
2787.3506  0.89038428
2787.4351  0.88587273
2787.5195  0.88169317
2787.6039  0.87763015
2787.6883  0.87387692
2787.7727  0.87193148
2787.8571  0.87011144
2787.9416  0.86840660
2788.0260  0.86453300
2788.1104  0.86152839
2788.1948  0.86186650
2788.2792  0.86218455
2788.3636  0.86196636
2788.4481  0.85635809
2788.5325  0.85153087
2788.6169  0.84766875
2788.7013  0.84548613
2788.7857  0.84405967
2788.8701  0.84405277
2788.9545  0.84192290
2789.0390  0.83873726
2789.1234  0.83656213
2789.2078  0.83665216
2789.2922  0.84141946
2789.3766  0.83021238
2789.4610  0.81859296
2789.5455  0.81269394
2789.6299  0.81272930
2789.7143  0.81321028
2789.7987  0.80850827
2789.8831  0.80402178
2789.9675  0.79974675
2790.0519  0.79665181
2790.1364  0.79427404
2790.2208  0.79301025
2790.3052  0.79166719
2790.3896  0.78965590
2790.4740  0.77934215
2790.5584  0.77272698
2790.6429  0.76921060
2790.7273  0.76928947
2790.8117  0.76718122
2790.8961  0.75664507
2790.9805  0.74814130
2791.0649  0.74034384
2791.1494  0.73485355
2791.2338  0.72670623
2791.3182  0.71497268
2791.4026  0.71105240
2791.4870  0.70725979
2791.5714  0.70353396
2791.6558  0.69800966
2791.7403  0.69154506
2791.8247  0.68546496
2791.9091  0.67010956
2791.9935  0.66080267
2792.0779  0.65836622
2792.1623  0.64777727
2792.2468  0.63790517
2792.3312  0.62896763
2792.4156  0.61690159
2792.5000  0.60869328
2792.5844  0.59887306
2792.6688  0.58558544
2792.7532  0.57937675
2792.8377  0.56567202
2792.9221  0.56126144
2793.0065  0.55493854
2793.0909  0.54213747
2793.1753  0.51920941
2793.2597  0.51236943
2793.3442  0.49426636
2793.4286  0.48834135
2793.5130  0.47448702
2793.5974  0.46362398
2793.6818  0.45531056
2793.7662  0.44452337
2793.8506  0.43605998
2793.9351  0.42922775
2794.0195  0.42189678
2794.1039  0.40917394
2794.1883  0.39636234
2794.2727  0.39254513
2794.3571  0.39148991
2794.4416  0.39281807
2794.5260  0.39700454
2794.6104  0.40286145
2794.6948  0.40840231
2794.7792  0.41197006
2794.8636  0.42162805
2794.9481  0.43740129
2795.0325  0.46005761
2795.1169  0.47412536
2795.2013  0.49841921
2795.2857  0.52159553
2795.3701  0.53631581
2795.4545  0.57830493
2795.5390  0.59836692
2795.6234  0.63650668
2795.7078  0.65301577
2795.7922  0.71888361
2795.8766  0.77847903
2795.9610  0.89066287
2796.0455  1.10226366
2796.1299  1.50409777
2796.2143  1.59433849
2796.2987  1.86773140
2796.3831  1.99104724
2796.4675  2.04960967
2796.5519  2.36006297
2796.6364  2.47934539
2796.7208  2.47514288
2796.8052  2.39218525
2796.8896  2.36078601
2796.9740  2.17150823
2797.0584  2.02790789
2797.1429  1.88912269
2797.2273  1.71722944
2797.3117  1.68065199
2797.3961  1.63322446
2797.4805  1.55889285
2797.5649  1.51154450
2797.6494  1.46923360
2797.7338  1.42734635
2797.8182  1.42385181
2797.9026  1.37257904
2797.9870  1.34170570
2798.0714  1.30152307
2798.1558  1.26540032
2798.2403  1.24590537
2798.3247  1.20875088
2798.4091  1.20441419
2798.4935  1.16485401
2798.5779  1.14368813
2798.6623  1.12249044
2798.7468  1.10174094
2798.8312  1.08022504
2798.9156  1.06892993
2799.0000  1.04808252
2799.0844  1.03374837
2799.1688  1.02678308
2799.2532  0.99731480
2799.3377  0.98934055
2799.4221  0.96378086
2799.5065  0.94417456
2799.5909  0.93044814
2799.6753  0.91726334
2799.7597  0.90078234
2799.8442  0.89167715
2799.9286  0.88211927
2800.0130  0.86308829
2800.0974  0.84691973
2800.1818  0.83561652
2800.2662  0.81988101
2800.3506  0.80444508
2800.4351  0.78788050
2800.5195  0.77943610
2800.6039  0.75995612
2800.6883  0.74008155
2800.7727  0.72801344
2800.8571  0.69522849
2800.9416  0.69128575
2801.0260  0.66333685
2801.1104  0.64573561
2801.1948  0.62673706
2801.2792  0.61134391
2801.3636  0.59703564
2801.4481  0.56673897
2801.5325  0.54837410
2801.6169  0.53787503
2801.7013  0.52134850
2801.7857  0.50788182
2801.8701  0.49874756
2801.9545  0.48562919
2802.0390  0.48283881
2802.1234  0.46714994
2802.2078  0.47103828
2802.2922  0.47762008
2802.3766  0.48965440
2802.4610  0.50252785
2802.5455  0.51469903
2802.6299  0.54847300
2802.7143  0.56206523
2802.7987  0.61289774
2802.8831  0.65715336
2802.9675  0.71980000
2803.0519  0.79993281
2803.1364  0.88255573
2803.2208  1.04595529
2803.3052  1.52990630
2803.3896  1.90160354
2803.4740  1.98058885
2803.5584  2.09880197
2803.6429  2.23142988
2803.7273  2.39704629
2803.8117  2.44694075
2803.8961  2.53805533
2803.9805  2.51677904
2804.0649  2.36836196
2804.1494  2.11454247
2804.2338  1.93326975
2804.3182  1.92587418
2804.4026  1.74146635
2804.4870  1.71653617
2804.5714  1.65014659
2804.6558  1.58048546
2804.7403  1.53814434
2804.8247  1.49504237
2804.9091  1.46611162
2804.9935  1.41230744
2805.0779  1.39603683
2805.1623  1.36005106
2805.2468  1.34198795
2805.3312  1.30932672
2805.4156  1.29539336
2805.5000  1.27511971
2805.5844  1.25638424
2805.6688  1.24177274
2805.7532  1.22842632
2805.8377  1.21183155
2805.9221  1.19853557
2806.0065  1.19070394
2806.0909  1.18397388
2806.1753  1.17749558
2806.2597  1.16705420
2806.3442  1.15346065
2806.4286  1.13645964
2806.5130  1.13520123
2806.5974  1.13468129
2806.6818  1.13389239
2806.7662  1.12893150
2806.8506  1.12285441
2806.9351  1.11696926
2807.0195  1.11251997
2807.1039  1.10909480
2807.1883  1.10080351
2807.2727  1.09518647
2807.3571  1.09264601
2807.4416  1.08612607
2807.5260  1.07922234
2807.6104  1.07523106
2807.6948  1.07505751
2807.7792  1.07808907
2807.8636  1.07668671
2807.9481  1.05937479
2808.0325  1.06114239
2808.1169  1.05819728
2808.2013  1.05289270
2808.2857  1.05769782
2808.3701  1.05929244
2808.4545  1.05698954
2808.5390  1.05267762
2808.6234  1.04886729
2808.7078  1.04730642
2808.7922  1.04508135
2808.8766  1.04253714
2808.9610  1.04373726
2809.0455  1.04222897
2809.1299  1.03491060
2809.2143  1.03481815
2809.2987  1.03545057
2809.3831  1.03714850
2809.4675  1.03138575
2809.5519  1.02480107
2809.6364  1.02649926
2809.7208  1.02461874
2809.8052  1.02126141
2809.8896  1.02409806
2809.9740  1.02420297
2810.0584  1.02134771
2810.1429  1.02533638
2810.2273  1.00972548
2810.3117  1.01142157
2810.3961  1.01341889
2810.4805  1.01537801
2810.5649  1.01294016
2810.6494  1.01024817
2810.7338  1.01263354
2810.8182  1.01189802
2810.9026  1.00870328
2810.9870  0.99988252
2811.0714  0.99702874
2811.1558  1.00056160
2811.2403  1.00065528
2811.3247  1.00051704
2811.4091  0.99991786
2811.4935  0.99861402
2811.5779  0.99694202
2811.6623  0.99572213
2811.7468  0.99513517
2811.8312  0.99515470
2811.9156  0.99514679
2812.0000  0.99513592
