2 4 29 // magic number - today's date
#
# this file gives the vibration, rotation, and trans prob, of all 
# levels within the C minus electronic state of molecular hydrogen
# data are taken from
#>>refer	H2	As	Abgrall, H., Roueff, E., & Drira, I. 2000, A&AS, 141, 297-300
#
# Any line starting with a #
# is interpreted as a comment and ignored.  The same magic number
# appears at the start and end of the file.
#
#EU	VU	JU	EL	VL	JL	A (s-1) TR.
3	0	1	0	0	1	1.56E+08
3	0	1	0	1	1	3.94E+08
3	0	1	0	2	1	3.87E+08
3	0	1	0	3	1	1.89E+08
3	0	1	0	4	1	4.80E+07
3	0	1	0	5	1	6.05E+06
3	0	1	0	6	1	3.04E+05
3	0	1	0	7	1	2.52E+03
3	0	1	0	8	1	3.74E+01
3	0	1	0	9	1	1.18E-01
3	0	1	0	10	1	5.99E-02
3	0	1	0	11	1	6.55E-03
3	0	1	0	12	1	2.71E-03
3	0	1	0	13	1	2.18E-03
3	0	1	0	14	1	1.09E-03
3	0	2	0	0	2	1.55E+08
3	0	2	0	1	2	3.94E+08
3	0	2	0	2	2	3.87E+08
3	0	2	0	3	2	1.89E+08
3	0	2	0	4	2	4.79E+07
3	0	2	0	5	2	6.01E+06
3	0	2	0	6	2	2.99E+05
3	0	2	0	7	2	2.36E+03
3	0	2	0	8	2	3.95E+01
3	0	2	0	9	2	8.51E-02
3	0	2	0	10	2	5.67E-02
3	0	2	0	11	2	5.86E-03
3	0	2	0	12	2	2.21E-03
3	0	2	0	13	2	1.80E-03
3	0	2	0	14	2	8.69E-04
3	0	3	0	0	3	1.55E+08
3	0	3	0	1	3	3.93E+08
3	0	3	0	2	3	3.86E+08
3	0	3	0	3	3	1.88E+08
3	0	3	0	4	3	4.78E+07
3	0	3	0	5	3	5.95E+06
3	0	3	0	6	3	2.91E+05
3	0	3	0	7	3	2.12E+03
3	0	3	0	8	3	4.27E+01
3	0	3	0	9	3	4.50E-02
3	0	3	0	10	3	5.22E-02
3	0	3	0	11	3	4.94E-03
3	0	3	0	12	3	1.56E-03
3	0	3	0	13	3	1.28E-03
3	0	3	0	14	3	5.63E-04
3	0	4	0	0	4	1.55E+08
3	0	4	0	1	4	3.92E+08
3	0	4	0	2	4	3.86E+08
3	0	4	0	3	4	1.88E+08
3	0	4	0	4	4	4.75E+07
3	0	4	0	5	4	5.88E+06
3	0	4	0	6	4	2.81E+05
3	0	4	0	7	4	1.83E+03
3	0	4	0	8	4	4.68E+01
3	0	4	0	9	4	1.10E-02
3	0	4	0	10	4	4.64E-02
3	0	4	0	11	4	3.96E-03
3	0	4	0	12	4	8.82E-04
3	0	4	0	13	4	7.01E-04
3	0	4	0	14	4	2.39E-04
3	0	5	0	0	5	1.54E+08
3	0	5	0	1	5	3.91E+08
3	0	5	0	2	5	3.85E+08
3	0	5	0	3	5	1.88E+08
3	0	5	0	4	5	4.73E+07
3	0	5	0	5	5	5.78E+06
3	0	5	0	6	5	2.68E+05
3	0	5	0	7	5	1.50E+03
3	0	5	0	8	5	5.16E+01
3	0	5	0	9	5	1.06E-03
3	0	5	0	10	5	3.97E-02
3	0	5	0	11	5	3.09E-03
3	0	5	0	12	5	3.48E-04
3	0	5	0	13	5	2.33E-04
3	0	6	0	0	6	1.53E+08
3	0	6	0	1	6	3.90E+08
3	0	6	0	2	6	3.85E+08
3	0	6	0	3	6	1.87E+08
3	0	6	0	4	6	4.69E+07
3	0	6	0	5	6	5.67E+06
3	0	6	0	6	6	2.53E+05
3	0	6	0	7	6	1.15E+03
3	0	6	0	8	6	5.69E+01
3	0	6	0	9	6	4.04E-02
3	0	6	0	10	6	3.22E-02
3	0	6	0	11	6	2.51E-03
3	0	6	0	12	6	6.83E-05
3	0	6	0	13	6	1.53E-05
3	0	7	0	0	7	1.52E+08
3	0	7	0	1	7	3.89E+08
3	0	7	0	2	7	3.84E+08
3	0	7	0	3	7	1.87E+08
3	0	7	0	4	7	4.66E+07
3	0	7	0	5	7	5.53E+06
3	0	7	0	6	7	2.36E+05
3	0	7	0	7	7	8.07E+02
3	0	7	0	8	7	6.20E+01
3	0	7	0	9	7	1.63E-01
3	0	7	0	10	7	2.40E-02
3	0	7	0	11	7	2.33E-03
3	0	7	0	12	7	1.98E-06
3	0	7	0	13	7	2.16E-05
3	0	8	0	0	8	1.51E+08
3	0	8	0	1	8	3.87E+08
3	0	8	0	2	8	3.83E+08
3	0	8	0	3	8	1.86E+08
3	0	8	0	4	8	4.61E+07
3	0	8	0	5	8	5.38E+06
3	0	8	0	6	8	2.17E+05
3	0	8	0	7	8	4.91E+02
3	0	8	0	8	8	6.64E+01
3	0	8	0	9	8	4.13E-01
3	0	8	0	10	8	1.50E-02
3	0	8	0	11	8	2.64E-03
3	0	8	0	12	8	1.19E-06
3	0	9	0	0	9	1.50E+08
3	0	9	0	1	9	3.85E+08
3	0	9	0	2	9	3.83E+08
3	0	9	0	3	9	1.86E+08
3	0	9	0	4	9	4.57E+07
3	0	9	0	5	9	5.21E+06
3	0	9	0	6	9	1.97E+05
3	0	9	0	7	9	2.34E+02
3	0	9	0	8	9	6.92E+01
3	0	9	0	9	9	8.48E-01
3	0	9	0	10	9	5.70E-03
3	0	9	0	11	9	3.39E-03
3	0	9	0	12	9	7.93E-05
3	0	10	0	0	10	1.48E+08
3	0	10	0	1	10	3.84E+08
3	0	10	0	2	10	3.82E+08
3	0	10	0	3	10	1.85E+08
3	0	10	0	4	10	4.52E+07
3	0	10	0	5	10	5.02E+06
3	0	10	0	6	10	1.75E+05
3	0	10	0	7	10	6.11E+01
3	0	10	0	8	10	6.92E+01
3	0	10	0	9	10	1.54E+00
3	0	10	0	10	10	1.61E-05
3	0	10	0	11	10	4.00E-03
3	0	10	0	12	10	5.06E-04
3	0	11	0	0	11	1.47E+08
3	0	11	0	1	11	3.82E+08
3	0	11	0	2	11	3.81E+08
3	0	11	0	3	11	1.85E+08
3	0	11	0	4	11	4.46E+07
3	0	11	0	5	11	4.81E+06
3	0	11	0	6	11	1.51E+05
3	0	11	0	7	11	2.61E-02
3	0	11	0	8	11	6.52E+01
3	0	11	0	9	11	2.54E+00
3	0	11	0	10	11	1.12E-02
3	0	11	0	11	11	3.06E-03
3	0	12	0	0	12	1.45E+08
3	0	12	0	1	12	3.80E+08
3	0	12	0	2	12	3.80E+08
3	0	12	0	3	12	1.84E+08
3	0	12	0	4	12	4.39E+07
3	0	12	0	5	12	4.57E+06
3	0	12	0	6	12	1.27E+05
3	0	12	0	7	12	7.27E+01
3	0	12	0	8	12	5.64E+01
3	0	12	0	9	12	3.87E+00
3	0	12	0	10	12	7.21E-02
3	0	12	0	11	12	3.01E-04
3	0	13	0	0	13	1.43E+08
3	0	13	0	1	13	3.77E+08
3	0	13	0	2	13	3.79E+08
3	0	13	0	3	13	1.83E+08
3	0	13	0	4	13	4.32E+07
3	0	13	0	5	13	4.31E+06
3	0	13	0	6	13	1.03E+05
3	0	13	0	7	13	2.93E+02
3	0	13	0	8	13	4.22E+01
3	0	13	0	9	13	5.39E+00
3	0	13	0	10	13	2.44E-01
3	0	14	0	0	14	1.42E+08
3	0	14	0	1	14	3.75E+08
3	0	14	0	2	14	3.79E+08
3	0	14	0	3	14	1.82E+08
3	0	14	0	4	14	4.24E+07
3	0	14	0	5	14	4.03E+06
3	0	14	0	6	14	7.93E+04
3	0	14	0	7	14	6.60E+02
3	0	14	0	8	14	2.42E+01
3	0	14	0	9	14	6.70E+00
3	0	14	0	10	14	6.02E-01
3	0	15	0	0	15	1.40E+08
3	0	15	0	1	15	3.73E+08
3	0	15	0	2	15	3.78E+08
3	0	15	0	3	15	1.82E+08
3	0	15	0	4	15	4.14E+07
3	0	15	0	5	15	3.71E+06
3	0	15	0	6	15	5.65E+04
3	0	15	0	7	15	1.15E+03
3	0	15	0	8	15	6.90E+00
3	0	15	0	9	15	7.01E+00
3	0	15	0	10	15	1.13E+00
3	0	16	0	0	16	1.38E+08
3	0	16	0	1	16	3.71E+08
3	0	16	0	2	16	3.78E+08
3	0	16	0	3	16	1.81E+08
3	0	16	0	4	16	4.03E+07
3	0	16	0	5	16	3.37E+06
3	0	16	0	6	16	3.58E+04
3	0	16	0	7	16	1.70E+03
3	0	16	0	8	16	2.42E-01
3	0	16	0	9	16	5.34E+00
3	0	17	0	0	17	1.36E+08
3	0	17	0	1	17	3.69E+08
3	0	17	0	2	17	3.77E+08
3	0	17	0	3	17	1.80E+08
3	0	17	0	4	17	3.91E+07
3	0	17	0	5	17	2.99E+06
3	0	17	0	6	17	1.86E+04
3	0	17	0	7	17	2.19E+03
3	0	17	0	8	17	2.02E+01
3	0	17	0	9	17	1.74E+00
3	0	18	0	0	18	1.34E+08
3	0	18	0	1	18	3.67E+08
3	0	18	0	2	18	3.77E+08
3	0	18	0	3	18	1.79E+08
3	0	18	0	4	18	3.76E+07
3	0	18	0	5	18	2.59E+06
3	0	18	0	6	18	6.24E+03
3	0	18	0	7	18	2.48E+03
3	0	18	0	8	18	8.61E+01
3	0	19	0	0	19	1.32E+08
3	0	19	0	1	19	3.65E+08
3	0	19	0	2	19	3.77E+08
3	0	19	0	3	19	1.77E+08
3	0	19	0	4	19	3.60E+07
3	0	19	0	5	19	2.15E+06
3	0	19	0	6	19	3.12E+02
3	0	19	0	7	19	2.37E+03
3	0	19	0	8	19	2.04E+02
3	0	20	0	0	20	1.30E+08
3	0	20	0	1	20	3.64E+08
3	0	20	0	2	20	3.77E+08
3	0	20	0	3	20	1.75E+08
3	0	20	0	4	20	3.40E+07
3	0	20	0	5	20	1.70E+06
3	0	20	0	6	20	2.14E+03
3	0	20	0	7	20	1.71E+03
3	0	21	0	0	21	1.28E+08
3	0	21	0	1	21	3.62E+08
3	0	21	0	2	21	3.77E+08
3	0	21	0	3	21	1.73E+08
3	0	21	0	4	21	3.17E+07
3	0	21	0	5	21	1.25E+06
3	0	21	0	6	21	1.22E+04
3	0	22	0	0	22	1.26E+08
3	0	22	0	1	22	3.62E+08
3	0	22	0	2	22	3.78E+08
3	0	22	0	3	22	1.71E+08
3	0	22	0	4	22	2.91E+07
3	0	22	0	5	22	8.11E+05
3	0	22	0	6	22	2.90E+04
3	0	23	0	0	23	1.25E+08
3	0	23	0	1	23	3.62E+08
3	0	23	0	2	23	3.79E+08
3	0	23	0	3	23	1.67E+08
3	0	23	0	4	23	2.60E+07
3	0	23	0	5	23	4.22E+05
3	0	24	0	0	24	1.23E+08
3	0	24	0	1	24	3.62E+08
3	0	24	0	2	24	3.80E+08
3	0	24	0	3	24	1.63E+08
3	0	24	0	4	24	2.25E+07
3	0	24	0	5	24	1.31E+05
3	0	25	0	0	25	1.22E+08
3	0	25	0	1	25	3.64E+08
3	0	25	0	2	25	3.82E+08
3	0	25	0	3	25	1.58E+08
3	0	25	0	4	25	1.84E+07
3	1	1	0	0	1	2.50E+08
3	1	1	0	1	1	1.76E+08
3	1	1	0	2	1	4.08E+06
3	1	1	0	3	1	2.42E+08
3	1	1	0	4	1	3.20E+08
3	1	1	0	5	1	1.40E+08
3	1	1	0	6	1	2.44E+07
3	1	1	0	7	1	1.39E+06
3	1	1	0	8	1	5.64E+03
3	1	1	0	9	1	5.74E+02
3	1	1	0	10	1	2.06E+00
3	1	1	0	11	1	5.94E-01
3	1	1	0	12	1	2.09E-01
3	1	1	0	13	1	4.45E-02
3	1	1	0	14	1	9.37E-03
3	1	2	0	0	2	2.49E+08
3	1	2	0	1	2	1.76E+08
3	1	2	0	2	2	4.08E+06
3	1	2	0	3	2	2.42E+08
3	1	2	0	4	2	3.20E+08
3	1	2	0	5	2	1.40E+08
3	1	2	0	6	2	2.43E+07
3	1	2	0	7	2	1.36E+06
3	1	2	0	8	2	4.95E+03
3	1	2	0	9	2	5.85E+02
3	1	2	0	10	2	2.82E+00
3	1	2	0	11	2	5.19E-01
3	1	2	0	12	2	2.08E-01
3	1	2	0	13	2	4.66E-02
3	1	2	0	14	2	9.63E-03
3	1	3	0	0	3	2.49E+08
3	1	3	0	1	3	1.76E+08
3	1	3	0	2	3	4.07E+06
3	1	3	0	3	3	2.42E+08
3	1	3	0	4	3	3.20E+08
3	1	3	0	5	3	1.39E+08
3	1	3	0	6	3	2.40E+07
3	1	3	0	7	3	1.31E+06
3	1	3	0	8	3	4.02E+03
3	1	3	0	9	3	6.00E+02
3	1	3	0	10	3	4.18E+00
3	1	3	0	11	3	4.07E-01
3	1	3	0	12	3	2.03E-01
3	1	3	0	13	3	4.91E-02
3	1	3	0	14	3	9.54E-03
3	1	4	0	0	4	2.48E+08
3	1	4	0	1	4	1.76E+08
3	1	4	0	2	4	4.05E+06
3	1	4	0	3	4	2.42E+08
3	1	4	0	4	4	3.20E+08
3	1	4	0	5	4	1.39E+08
3	1	4	0	6	4	2.36E+07
3	1	4	0	7	4	1.25E+06
3	1	4	0	8	4	2.93E+03
3	1	4	0	9	4	6.16E+02
3	1	4	0	10	4	6.44E+00
3	1	4	0	11	4	2.64E-01
3	1	4	0	12	4	1.92E-01
3	1	4	0	13	4	5.09E-02
3	1	4	0	14	4	8.01E-03
3	1	5	0	0	5	2.47E+08
3	1	5	0	1	5	1.76E+08
3	1	5	0	2	5	4.03E+06
3	1	5	0	3	5	2.42E+08
3	1	5	0	4	5	3.20E+08
3	1	5	0	5	5	1.38E+08
3	1	5	0	6	5	2.32E+07
3	1	5	0	7	5	1.17E+06
3	1	5	0	8	5	1.83E+03
3	1	5	0	9	5	6.27E+02
3	1	5	0	10	5	9.97E+00
3	1	5	0	11	5	1.14E-01
3	1	5	0	12	5	1.68E-01
3	1	5	0	13	5	5.04E-02
3	1	6	0	0	6	2.45E+08
3	1	6	0	1	6	1.75E+08
3	1	6	0	2	6	4.00E+06
3	1	6	0	3	6	2.43E+08
3	1	6	0	4	6	3.19E+08
3	1	6	0	5	6	1.37E+08
3	1	6	0	6	6	2.26E+07
3	1	6	0	7	6	1.09E+06
3	1	6	0	8	6	8.60E+02
3	1	6	0	9	6	6.28E+02
3	1	6	0	10	6	1.52E+01
3	1	6	0	11	6	8.80E-03
3	1	6	0	12	6	1.28E-01
3	1	6	0	13	6	4.55E-02
3	1	7	0	0	7	2.44E+08
3	1	7	0	1	7	1.75E+08
3	1	7	0	2	7	3.96E+06
3	1	7	0	3	7	2.43E+08
3	1	7	0	4	7	3.19E+08
3	1	7	0	5	7	1.36E+08
3	1	7	0	6	7	2.20E+07
3	1	7	0	7	7	9.89E+05
3	1	7	0	8	7	1.97E+02
3	1	7	0	9	7	6.12E+02
3	1	7	0	10	7	2.26E+01
3	1	7	0	11	7	5.40E-02
3	1	7	0	12	7	7.28E-02
3	1	7	0	13	7	3.38E-02
3	1	8	0	0	8	2.42E+08
3	1	8	0	1	8	1.75E+08
3	1	8	0	2	8	3.92E+06
3	1	8	0	3	8	2.43E+08
3	1	8	0	4	8	3.19E+08
3	1	8	0	5	8	1.35E+08
3	1	8	0	6	8	2.13E+07
3	1	8	0	7	8	8.82E+05
3	1	8	0	8	8	8.90E+00
3	1	8	0	9	8	5.70E+02
3	1	8	0	10	8	3.22E+01
3	1	8	0	11	8	4.33E-01
3	1	8	0	12	8	1.71E-02
3	1	9	0	0	9	2.40E+08
3	1	9	0	1	9	1.74E+08
3	1	9	0	2	9	3.86E+06
3	1	9	0	3	9	2.43E+08
3	1	9	0	4	9	3.19E+08
3	1	9	0	5	9	1.33E+08
3	1	9	0	6	9	2.04E+07
3	1	9	0	7	9	7.67E+05
3	1	9	0	8	9	4.59E+02
3	1	9	0	9	9	4.96E+02
3	1	9	0	10	9	4.39E+01
3	1	9	0	11	9	1.44E+00
3	1	9	0	12	9	6.73E-03
3	1	10	0	0	10	2.38E+08
3	1	10	0	1	10	1.74E+08
3	1	10	0	2	10	3.79E+06
3	1	10	0	3	10	2.43E+08
3	1	10	0	4	10	3.19E+08
3	1	10	0	5	10	1.32E+08
3	1	10	0	6	10	1.95E+07
3	1	10	0	7	10	6.47E+05
3	1	10	0	8	10	1.68E+03
3	1	10	0	9	10	3.87E+02
3	1	10	0	10	10	5.64E+01
3	1	10	0	11	10	3.47E+00
3	1	10	0	12	10	1.52E-01
3	1	11	0	0	11	2.35E+08
3	1	11	0	1	11	1.73E+08
3	1	11	0	2	11	3.73E+06
3	1	11	0	3	11	2.44E+08
3	1	11	0	4	11	3.19E+08
3	1	11	0	5	11	1.30E+08
3	1	11	0	6	11	1.85E+07
3	1	11	0	7	11	5.24E+05
3	1	11	0	8	11	3.73E+03
3	1	11	0	9	11	2.50E+02
3	1	11	0	10	11	6.67E+01
3	1	11	0	11	11	6.89E+00
3	1	12	0	0	12	2.33E+08
3	1	12	0	1	12	1.73E+08
3	1	12	0	2	12	3.66E+06
3	1	12	0	3	12	2.44E+08
3	1	12	0	4	12	3.19E+08
3	1	12	0	5	12	1.28E+08
3	1	12	0	6	12	1.73E+07
3	1	12	0	7	12	4.02E+05
3	1	12	0	8	12	6.56E+03
3	1	12	0	9	12	1.07E+02
3	1	12	0	10	12	6.98E+01
3	1	12	0	11	12	1.15E+01
3	1	13	0	0	13	2.30E+08
3	1	13	0	1	13	1.73E+08
3	1	13	0	2	13	3.59E+06
3	1	13	0	3	13	2.45E+08
3	1	13	0	4	13	3.19E+08
3	1	13	0	5	13	1.26E+08
3	1	13	0	6	13	1.61E+07
3	1	13	0	7	13	2.86E+05
3	1	13	0	8	13	9.97E+03
3	1	13	0	9	13	8.60E+00
3	1	13	0	10	13	5.93E+01
3	1	14	0	0	14	2.27E+08
3	1	14	0	1	14	1.72E+08
3	1	14	0	2	14	3.53E+06
3	1	14	0	3	14	2.46E+08
3	1	14	0	4	14	3.20E+08
3	1	14	0	5	14	1.24E+08
3	1	14	0	6	14	1.47E+07
3	1	14	0	7	14	1.80E+05
3	1	14	0	8	14	1.35E+04
3	1	14	0	9	14	4.33E+01
3	1	14	0	10	14	3.19E+01
3	1	15	0	0	15	2.24E+08
3	1	15	0	1	15	1.72E+08
3	1	15	0	2	15	3.50E+06
3	1	15	0	3	15	2.47E+08
3	1	15	0	4	15	3.20E+08
3	1	15	0	5	15	1.21E+08
3	1	15	0	6	15	1.32E+07
3	1	15	0	7	15	9.15E+04
3	1	15	0	8	15	1.64E+04
3	1	15	0	9	15	3.30E+02
3	1	15	0	10	15	2.40E+00
3	1	16	0	0	16	2.21E+08
3	1	16	0	1	16	1.71E+08
3	1	16	0	2	16	3.48E+06
3	1	16	0	3	16	2.49E+08
3	1	16	0	4	16	3.21E+08
3	1	16	0	5	16	1.17E+08
3	1	16	0	6	16	1.15E+07
3	1	16	0	7	16	2.91E+04
3	1	16	0	8	16	1.76E+04
3	1	16	0	9	16	9.75E+02
3	1	17	0	0	17	2.17E+08
3	1	17	0	1	17	1.70E+08
3	1	17	0	2	17	3.51E+06
3	1	17	0	3	17	2.52E+08
3	1	17	0	4	17	3.21E+08
3	1	17	0	5	17	1.13E+08
3	1	17	0	6	17	9.71E+06
3	1	17	0	7	17	8.46E+02
3	1	17	0	8	17	1.59E+04
3	1	17	0	9	17	1.92E+03
3	1	18	0	0	18	2.14E+08
3	1	18	0	1	18	1.70E+08
3	1	18	0	2	18	3.58E+06
3	1	18	0	3	18	2.55E+08
3	1	18	0	4	18	3.22E+08
3	1	18	0	5	18	1.09E+08
3	1	18	0	6	18	7.82E+06
3	1	18	0	7	18	1.42E+04
3	1	18	0	8	18	1.09E+04
3	1	19	0	0	19	2.10E+08
3	1	19	0	1	19	1.69E+08
3	1	19	0	2	19	3.72E+06
3	1	19	0	3	19	2.59E+08
3	1	19	0	4	19	3.23E+08
3	1	19	0	5	19	1.03E+08
3	1	19	0	6	19	5.88E+06
3	1	19	0	7	19	7.18E+04
3	1	19	0	8	19	3.69E+03
3	1	20	0	0	20	2.06E+08
3	1	20	0	1	20	1.68E+08
3	1	20	0	2	20	3.96E+06
3	1	20	0	3	20	2.65E+08
3	1	20	0	4	20	3.24E+08
3	1	20	0	5	20	9.62E+07
3	1	20	0	6	20	3.95E+06
3	1	20	0	7	20	1.66E+05
3	1	21	0	0	21	2.03E+08
3	1	21	0	1	21	1.67E+08
3	1	21	0	2	21	4.32E+06
3	1	21	0	3	21	2.72E+08
3	1	21	0	4	21	3.25E+08
3	1	21	0	5	21	8.81E+07
3	1	21	0	6	21	2.19E+06
3	1	22	0	0	22	1.99E+08
3	1	22	0	1	22	1.65E+08
3	1	22	0	2	22	4.87E+06
3	1	22	0	3	22	2.80E+08
3	1	22	0	4	22	3.25E+08
3	1	22	0	5	22	7.84E+07
3	1	22	0	6	22	7.84E+05
3	1	23	0	0	23	1.95E+08
3	1	23	0	1	23	1.64E+08
3	1	23	0	2	23	5.66E+06
3	1	23	0	3	23	2.91E+08
3	1	23	0	4	23	3.24E+08
3	1	23	0	5	23	6.67E+07
3	1	24	0	0	24	1.91E+08
3	1	24	0	1	24	1.62E+08
3	1	24	0	2	24	6.82E+06
3	1	24	0	3	24	3.06E+08
3	1	24	0	4	24	3.22E+08
3	1	24	0	5	24	5.28E+07
3	1	25	0	0	25	1.87E+08
3	1	25	0	1	25	1.59E+08
3	1	25	0	2	25	8.52E+06
3	1	25	0	3	25	3.23E+08
3	1	25	0	4	25	3.17E+08
3	2	1	0	0	1	2.50E+08
3	2	1	0	1	1	1.63E+07
3	2	1	0	2	1	1.38E+08
3	2	1	0	3	1	9.08E+07
3	2	1	0	4	1	4.21E+07
3	2	1	0	5	1	3.03E+08
3	2	1	0	6	1	2.39E+08
3	2	1	0	7	1	5.64E+07
3	2	1	0	8	1	3.31E+06
3	2	1	0	9	1	4.51E+02
3	2	1	0	10	1	2.97E+03
3	2	1	0	11	1	1.52E+02
3	2	1	0	12	1	1.12E+00
3	2	1	0	13	1	3.88E-01
3	2	1	0	14	1	2.51E-01
3	2	2	0	0	2	2.50E+08
3	2	2	0	1	2	1.63E+07
3	2	2	0	2	2	1.38E+08
3	2	2	0	3	2	9.07E+07
3	2	2	0	4	2	4.23E+07
3	2	2	0	5	2	3.04E+08
3	2	2	0	6	2	2.38E+08
3	2	2	0	7	2	5.59E+07
3	2	2	0	8	2	3.21E+06
3	2	2	0	9	2	1.35E+02
3	2	2	0	10	2	2.91E+03
3	2	2	0	11	2	1.68E+02
3	2	2	0	12	2	1.86E+00
3	2	2	0	13	2	2.66E-01
3	2	2	0	14	2	2.07E-01
3	2	3	0	0	3	2.49E+08
3	2	3	0	1	3	1.64E+07
3	2	3	0	2	3	1.37E+08
3	2	3	0	3	3	9.05E+07
3	2	3	0	4	3	4.26E+07
3	2	3	0	5	3	3.04E+08
3	2	3	0	6	3	2.38E+08
3	2	3	0	7	3	5.52E+07
3	2	3	0	8	3	3.06E+06
3	2	3	0	9	3	6.58E+00
3	2	3	0	10	3	2.80E+03
3	2	3	0	11	3	1.91E+02
3	2	3	0	12	3	3.41E+00
3	2	3	0	13	3	1.11E-01
3	2	3	0	14	3	1.37E-01
3	2	4	0	0	4	2.48E+08
3	2	4	0	1	4	1.65E+07
3	2	4	0	2	4	1.37E+08
3	2	4	0	3	4	9.02E+07
3	2	4	0	4	4	4.29E+07
3	2	4	0	5	4	3.05E+08
3	2	4	0	6	4	2.37E+08
3	2	4	0	7	4	5.42E+07
3	2	4	0	8	4	2.87E+06
3	2	4	0	9	4	4.47E+02
3	2	4	0	10	4	2.63E+03
3	2	4	0	11	4	2.23E+02
3	2	4	0	12	4	6.38E+00
3	2	4	0	13	4	2.30E-03
3	2	4	0	14	4	5.06E-02
3	2	5	0	0	5	2.47E+08
3	2	5	0	1	5	1.66E+07
3	2	5	0	2	5	1.36E+08
3	2	5	0	3	5	8.99E+07
3	2	5	0	4	5	4.34E+07
3	2	5	0	5	5	3.06E+08
3	2	5	0	6	5	2.36E+08
3	2	5	0	7	5	5.30E+07
3	2	5	0	8	5	2.63E+06
3	2	5	0	9	5	1.91E+03
3	2	5	0	10	5	2.37E+03
3	2	5	0	11	5	2.63E+02
3	2	5	0	12	5	1.17E+01
3	2	5	0	13	5	1.40E-01
3	2	6	0	0	6	2.46E+08
3	2	6	0	1	6	1.68E+07
3	2	6	0	2	6	1.35E+08
3	2	6	0	3	6	8.95E+07
3	2	6	0	4	6	4.39E+07
3	2	6	0	5	6	3.08E+08
3	2	6	0	6	6	2.35E+08
3	2	6	0	7	6	5.15E+07
3	2	6	0	8	6	2.36E+06
3	2	6	0	9	6	4.89E+03
3	2	6	0	10	6	2.01E+03
3	2	6	0	11	6	3.08E+02
3	2	6	0	12	6	2.08E+01
3	2	6	0	13	6	9.31E-01
3	2	7	0	0	7	2.44E+08
3	2	7	0	1	7	1.70E+07
3	2	7	0	2	7	1.35E+08
3	2	7	0	3	7	8.91E+07
3	2	7	0	4	7	4.46E+07
3	2	7	0	5	7	3.09E+08
3	2	7	0	6	7	2.34E+08
3	2	7	0	7	7	4.98E+07
3	2	7	0	8	7	2.06E+06
3	2	7	0	9	7	9.83E+03
3	2	7	0	10	7	1.55E+03
3	2	7	0	11	7	3.51E+02
3	2	7	0	12	7	3.50E+01
3	2	7	0	13	7	2.95E+00
3	2	8	0	0	8	2.43E+08
3	2	8	0	1	8	1.72E+07
3	2	8	0	2	8	1.34E+08
3	2	8	0	3	8	8.87E+07
3	2	8	0	4	8	4.54E+07
3	2	8	0	5	8	3.11E+08
3	2	8	0	6	8	2.32E+08
3	2	8	0	7	8	4.78E+07
3	2	8	0	8	8	1.74E+06
3	2	8	0	9	8	1.70E+04
3	2	8	0	10	8	1.00E+03
3	2	8	0	11	8	3.81E+02
3	2	8	0	12	8	5.47E+01
3	2	9	0	0	9	2.41E+08
3	2	9	0	1	9	1.75E+07
3	2	9	0	2	9	1.33E+08
3	2	9	0	3	9	8.82E+07
3	2	9	0	4	9	4.62E+07
3	2	9	0	5	9	3.14E+08
3	2	9	0	6	9	2.31E+08
3	2	9	0	7	9	4.55E+07
3	2	9	0	8	9	1.40E+06
3	2	9	0	9	9	2.66E+04
3	2	9	0	10	9	4.53E+02
3	2	9	0	11	9	3.76E+02
3	2	9	0	12	9	7.66E+01
3	2	10	0	0	10	2.39E+08
3	2	10	0	1	10	1.78E+07
3	2	10	0	2	10	1.31E+08
3	2	10	0	3	10	8.76E+07
3	2	10	0	4	10	4.73E+07
3	2	10	0	5	10	3.16E+08
3	2	10	0	6	10	2.29E+08
3	2	10	0	7	10	4.29E+07
3	2	10	0	8	10	1.07E+06
3	2	10	0	9	10	3.80E+04
3	2	10	0	10	10	5.81E+01
3	2	10	0	11	10	3.14E+02
3	2	10	0	12	10	8.95E+01
3	2	11	0	0	11	2.37E+08
3	2	11	0	1	11	1.82E+07
3	2	11	0	2	11	1.30E+08
3	2	11	0	3	11	8.70E+07
3	2	11	0	4	11	4.85E+07
3	2	11	0	5	11	3.19E+08
3	2	11	0	6	11	2.26E+08
3	2	11	0	7	11	4.01E+07
3	2	11	0	8	11	7.45E+05
3	2	11	0	9	11	5.04E+04
3	2	11	0	10	11	9.39E+01
3	2	11	0	11	11	1.87E+02
3	2	12	0	0	12	2.34E+08
3	2	12	0	1	12	1.86E+07
3	2	12	0	2	12	1.28E+08
3	2	12	0	3	12	8.63E+07
3	2	12	0	4	12	4.99E+07
3	2	12	0	5	12	3.23E+08
3	2	12	0	6	12	2.24E+08
3	2	12	0	7	12	3.68E+07
3	2	12	0	8	12	4.54E+05
3	2	12	0	9	12	6.17E+04
3	2	12	0	10	12	9.45E+02
3	2	12	0	11	12	3.79E+01
3	2	13	0	0	13	2.32E+08
3	2	13	0	1	13	1.91E+07
3	2	13	0	2	13	1.27E+08
3	2	13	0	3	13	8.56E+07
3	2	13	0	4	13	5.17E+07
3	2	13	0	5	13	3.28E+08
3	2	13	0	6	13	2.20E+08
3	2	13	0	7	13	3.33E+07
3	2	13	0	8	13	2.16E+05
3	2	13	0	9	13	6.90E+04
3	2	13	0	10	13	3.01E+03
3	2	14	0	0	14	2.29E+08
3	2	14	0	1	14	1.96E+07
3	2	14	0	2	14	1.25E+08
3	2	14	0	3	14	8.47E+07
3	2	14	0	4	14	5.38E+07
3	2	14	0	5	14	3.33E+08
3	2	14	0	6	14	2.16E+08
3	2	14	0	7	14	2.94E+07
3	2	14	0	8	14	5.60E+04
3	2	14	0	9	14	6.88E+04
3	2	14	0	10	14	6.37E+03
3	2	15	0	0	15	2.26E+08
3	2	15	0	1	15	2.01E+07
3	2	15	0	2	15	1.24E+08
3	2	15	0	3	15	8.36E+07
3	2	15	0	4	15	5.64E+07
3	2	15	0	5	15	3.39E+08
3	2	15	0	6	15	2.12E+08
3	2	15	0	7	15	2.51E+07
3	2	15	0	8	15	6.83E+01
3	2	15	0	9	15	5.75E+04
3	2	15	0	10	15	1.01E+04
3	2	16	0	0	16	2.23E+08
3	2	16	0	1	16	2.07E+07
3	2	16	0	2	16	1.22E+08
3	2	16	0	3	16	8.24E+07
3	2	16	0	4	16	5.96E+07
3	2	16	0	5	16	3.45E+08
3	2	16	0	6	16	2.06E+08
3	2	16	0	7	16	2.05E+07
3	2	16	0	8	16	7.02E+04
3	2	16	0	9	16	3.48E+04
3	2	17	0	0	17	2.20E+08
3	2	17	0	1	17	2.12E+07
3	2	17	0	2	17	1.20E+08
3	2	17	0	3	17	8.09E+07
3	2	17	0	4	17	6.36E+07
3	2	17	0	5	17	3.53E+08
3	2	17	0	6	17	1.98E+08
3	2	17	0	7	17	1.57E+07
3	2	17	0	8	17	2.74E+05
3	2	17	0	9	17	8.61E+03
3	2	18	0	0	18	2.16E+08
3	2	18	0	1	18	2.18E+07
3	2	18	0	2	18	1.18E+08
3	2	18	0	3	18	7.91E+07
3	2	18	0	4	18	6.87E+07
3	2	18	0	5	18	3.63E+08
3	2	18	0	6	18	1.89E+08
3	2	18	0	7	18	1.08E+07
3	2	18	0	8	18	5.82E+05
3	2	19	0	0	19	2.12E+08
3	2	19	0	1	19	2.24E+07
3	2	19	0	2	19	1.17E+08
3	2	19	0	3	19	7.69E+07
3	2	19	0	4	19	7.52E+07
3	2	19	0	5	19	3.73E+08
3	2	19	0	6	19	1.77E+08
3	2	19	0	7	19	6.18E+06
3	2	19	0	8	19	8.99E+05
3	2	20	0	0	20	2.08E+08
3	2	20	0	1	20	2.29E+07
3	2	20	0	2	20	1.15E+08
3	2	20	0	3	20	7.43E+07
3	2	20	0	4	20	8.34E+07
3	2	20	0	5	20	3.85E+08
3	2	20	0	6	20	1.62E+08
3	2	20	0	7	20	2.39E+06
3	2	21	0	0	21	2.04E+08
3	2	21	0	1	21	2.34E+07
3	2	21	0	2	21	1.13E+08
3	2	21	0	3	21	7.10E+07
3	2	21	0	4	21	9.42E+07
3	2	21	0	5	21	3.99E+08
3	2	21	0	6	21	1.43E+08
3	2	22	0	0	22	2.00E+08
3	2	22	0	1	22	2.38E+07
3	2	22	0	2	22	1.12E+08
3	2	22	0	3	22	6.70E+07
3	2	22	0	4	22	1.08E+08
3	2	22	0	5	22	4.13E+08
3	2	22	0	6	22	1.18E+08
3	2	23	0	0	23	1.95E+08
3	2	23	0	1	23	2.42E+07
3	2	23	0	2	23	1.11E+08
3	2	23	0	3	23	6.21E+07
3	2	23	0	4	23	1.27E+08
3	2	23	0	5	23	4.27E+08
3	2	24	0	0	24	1.91E+08
3	2	24	0	1	24	2.44E+07
3	2	24	0	2	24	1.10E+08
3	2	24	0	3	24	5.60E+07
3	2	24	0	4	24	1.53E+08
3	2	24	0	5	24	4.37E+08
3	2	25	0	0	25	1.86E+08
3	2	25	0	1	25	2.44E+07
3	2	25	0	2	25	1.09E+08
3	2	25	0	3	25	4.85E+07
3	2	25	0	4	25	1.89E+08
3	3	1	0	0	1	2.04E+08
3	3	1	0	1	1	9.16E+06
3	3	1	0	2	1	1.32E+08
3	3	1	0	3	1	4.38E+06
3	3	1	0	4	1	1.53E+08
3	3	1	0	5	1	4.60E+06
3	3	1	0	6	1	1.99E+08
3	3	1	0	7	1	3.12E+08
3	3	1	0	8	1	9.75E+07
3	3	1	0	9	1	5.15E+06
3	3	1	0	10	1	3.62E+04
3	3	1	0	11	1	4.69E+03
3	3	1	0	12	1	1.51E+03
3	3	1	0	13	1	2.17E+02
3	3	1	0	14	1	2.82E+01
3	3	2	0	0	2	2.04E+08
3	3	2	0	1	2	9.08E+06
3	3	2	0	2	2	1.32E+08
3	3	2	0	3	2	4.37E+06
3	3	2	0	4	2	1.53E+08
3	3	2	0	5	2	4.48E+06
3	3	2	0	6	2	2.00E+08
3	3	2	0	7	2	3.12E+08
3	3	2	0	8	2	9.65E+07
3	3	2	0	9	2	4.92E+06
3	3	2	0	10	2	4.22E+04
3	3	2	0	11	2	4.13E+03
3	3	2	0	12	2	1.52E+03
3	3	2	0	13	2	2.40E+02
3	3	2	0	14	2	3.28E+01
3	3	3	0	0	3	2.03E+08
3	3	3	0	1	3	8.96E+06
3	3	3	0	2	3	1.31E+08
3	3	3	0	3	3	4.35E+06
3	3	3	0	4	3	1.53E+08
3	3	3	0	5	3	4.31E+06
3	3	3	0	6	3	2.01E+08
3	3	3	0	7	3	3.12E+08
3	3	3	0	8	3	9.50E+07
3	3	3	0	9	3	4.58E+06
3	3	3	0	10	3	5.18E+04
3	3	3	0	11	3	3.32E+03
3	3	3	0	12	3	1.53E+03
3	3	3	0	13	3	2.74E+02
3	3	3	0	14	3	3.84E+01
3	3	4	0	0	4	2.03E+08
3	3	4	0	1	4	8.79E+06
3	3	4	0	2	4	1.31E+08
3	3	4	0	3	4	4.31E+06
3	3	4	0	4	4	1.52E+08
3	3	4	0	5	4	4.09E+06
3	3	4	0	6	4	2.03E+08
3	3	4	0	7	4	3.12E+08
3	3	4	0	8	4	9.31E+07
3	3	4	0	9	4	4.15E+06
3	3	4	0	10	4	6.55E+04
3	3	4	0	11	4	2.31E+03
3	3	4	0	12	4	1.51E+03
3	3	4	0	13	4	3.15E+02
3	3	4	0	14	4	3.94E+01
3	3	5	0	0	5	2.02E+08
3	3	5	0	1	5	8.59E+06
3	3	5	0	2	5	1.31E+08
3	3	5	0	3	5	4.27E+06
3	3	5	0	4	5	1.52E+08
3	3	5	0	5	5	3.82E+06
3	3	5	0	6	5	2.06E+08
3	3	5	0	7	5	3.12E+08
3	3	5	0	8	5	9.05E+07
3	3	5	0	9	5	3.64E+06
3	3	5	0	10	5	8.37E+04
3	3	5	0	11	5	1.23E+03
3	3	5	0	12	5	1.41E+03
3	3	5	0	13	5	3.54E+02
3	3	6	0	0	6	2.01E+08
3	3	6	0	1	6	8.33E+06
3	3	6	0	2	6	1.30E+08
3	3	6	0	3	6	4.21E+06
3	3	6	0	4	6	1.51E+08
3	3	6	0	5	6	3.50E+06
3	3	6	0	6	6	2.09E+08
3	3	6	0	7	6	3.12E+08
3	3	6	0	8	6	8.75E+07
3	3	6	0	9	6	3.06E+06
3	3	6	0	10	6	1.06E+05
3	3	6	0	11	6	3.22E+02
3	3	6	0	12	6	1.21E+03
3	3	6	0	13	6	3.71E+02
3	3	7	0	0	7	2.00E+08
3	3	7	0	1	7	8.04E+06
3	3	7	0	2	7	1.30E+08
3	3	7	0	3	7	4.14E+06
3	3	7	0	4	7	1.51E+08
3	3	7	0	5	7	3.15E+06
3	3	7	0	6	7	2.14E+08
3	3	7	0	7	7	3.12E+08
3	3	7	0	8	7	8.39E+07
3	3	7	0	9	7	2.45E+06
3	3	7	0	10	7	1.33E+05
3	3	7	0	11	7	1.46E+01
3	3	7	0	12	7	8.79E+02
3	3	7	0	13	7	3.33E+02
3	3	8	0	0	8	1.99E+08
3	3	8	0	1	8	7.70E+06
3	3	8	0	2	8	1.29E+08
3	3	8	0	3	8	4.05E+06
3	3	8	0	4	8	1.50E+08
3	3	8	0	5	8	2.77E+06
3	3	8	0	6	8	2.18E+08
3	3	8	0	7	8	3.12E+08
3	3	8	0	8	8	7.97E+07
3	3	8	0	9	8	1.82E+06
3	3	8	0	10	8	1.61E+05
3	3	8	0	11	8	9.46E+02
3	3	8	0	12	8	4.37E+02
3	3	9	0	0	9	1.98E+08
3	3	9	0	1	9	7.31E+06
3	3	9	0	2	9	1.28E+08
3	3	9	0	3	9	3.95E+06
3	3	9	0	4	9	1.49E+08
3	3	9	0	5	9	2.35E+06
3	3	9	0	6	9	2.24E+08
3	3	9	0	7	9	3.11E+08
3	3	9	0	8	9	7.48E+07
3	3	9	0	9	9	1.22E+06
3	3	9	0	10	9	1.87E+05
3	3	9	0	11	9	3.96E+03
3	3	9	0	12	9	5.44E+01
3	3	10	0	0	10	1.96E+08
3	3	10	0	1	10	6.89E+06
3	3	10	0	2	10	1.28E+08
3	3	10	0	3	10	3.84E+06
3	3	10	0	4	10	1.48E+08
3	3	10	0	5	10	1.92E+06
3	3	10	0	6	10	2.31E+08
3	3	10	0	7	10	3.11E+08
3	3	10	0	8	10	6.93E+07
3	3	10	0	9	10	6.84E+05
3	3	10	0	10	10	2.05E+05
3	3	10	0	11	10	9.91E+03
3	3	10	0	12	10	1.37E+02
3	3	11	0	0	11	1.95E+08
3	3	11	0	1	11	6.43E+06
3	3	11	0	2	11	1.27E+08
3	3	11	0	3	11	3.71E+06
3	3	11	0	4	11	1.47E+08
3	3	11	0	5	11	1.47E+06
3	3	11	0	6	11	2.38E+08
3	3	11	0	7	11	3.09E+08
3	3	11	0	8	11	6.30E+07
3	3	11	0	9	11	2.70E+05
3	3	11	0	10	11	2.08E+05
3	3	11	0	11	11	1.91E+04
3	3	12	0	0	12	1.93E+08
3	3	12	0	1	12	5.95E+06
3	3	12	0	2	12	1.26E+08
3	3	12	0	3	12	3.58E+06
3	3	12	0	4	12	1.46E+08
3	3	12	0	5	12	1.02E+06
3	3	12	0	6	12	2.47E+08
3	3	12	0	7	12	3.08E+08
3	3	12	0	8	12	5.60E+07
3	3	12	0	9	12	3.31E+04
3	3	12	0	10	12	1.87E+05
3	3	12	0	11	12	2.97E+04
3	3	13	0	0	13	1.91E+08
3	3	13	0	1	13	5.44E+06
3	3	13	0	2	13	1.25E+08
3	3	13	0	3	13	3.45E+06
3	3	13	0	4	13	1.45E+08
3	3	13	0	5	13	6.03E+05
3	3	13	0	6	13	2.58E+08
3	3	13	0	7	13	3.05E+08
3	3	13	0	8	13	4.83E+07
3	3	13	0	9	13	3.28E+04
3	3	13	0	10	13	1.37E+05
3	3	14	0	0	14	1.89E+08
3	3	14	0	1	14	4.91E+06
3	3	14	0	2	14	1.24E+08
3	3	14	0	3	14	3.32E+06
3	3	14	0	4	14	1.44E+08
3	3	14	0	5	14	2.51E+05
3	3	14	0	6	14	2.70E+08
3	3	14	0	7	14	3.01E+08
3	3	14	0	8	14	3.98E+07
3	3	14	0	9	14	3.15E+05
3	3	14	0	10	14	6.59E+04
3	3	15	0	0	15	1.87E+08
3	3	15	0	1	15	4.38E+06
3	3	15	0	2	15	1.23E+08
3	3	15	0	3	15	3.21E+06
3	3	15	0	4	15	1.42E+08
3	3	15	0	5	15	3.02E+04
3	3	15	0	6	15	2.85E+08
3	3	15	0	7	15	2.96E+08
3	3	15	0	8	15	3.07E+07
3	3	15	0	9	15	8.84E+05
3	3	15	0	10	15	5.95E+03
3	3	16	0	0	16	1.85E+08
3	3	16	0	1	16	3.85E+06
3	3	16	0	2	16	1.21E+08
3	3	16	0	3	16	3.11E+06
3	3	16	0	4	16	1.41E+08
3	3	16	0	5	16	4.69E+04
3	3	16	0	6	16	3.02E+08
3	3	16	0	7	16	2.87E+08
3	3	16	0	8	16	2.13E+07
3	3	16	0	9	16	1.65E+06
3	3	17	0	0	17	1.82E+08
3	3	17	0	1	17	3.33E+06
3	3	17	0	2	17	1.20E+08
3	3	17	0	3	17	3.04E+06
3	3	17	0	4	17	1.39E+08
3	3	17	0	5	17	4.70E+05
3	3	17	0	6	17	3.23E+08
3	3	17	0	7	17	2.76E+08
3	3	17	0	8	17	1.24E+07
3	3	17	0	9	17	2.34E+06
3	3	18	0	0	18	1.79E+08
3	3	18	0	1	18	2.82E+06
3	3	18	0	2	18	1.18E+08
3	3	18	0	3	18	3.00E+06
3	3	18	0	4	18	1.37E+08
3	3	18	0	5	18	1.57E+06
3	3	18	0	6	18	3.47E+08
3	3	18	0	7	18	2.59E+08
3	3	18	0	8	18	4.83E+06
3	3	19	0	0	19	1.76E+08
3	3	19	0	1	19	2.34E+06
3	3	19	0	2	19	1.17E+08
3	3	19	0	3	19	3.01E+06
3	3	19	0	4	19	1.34E+08
3	3	19	0	5	19	3.80E+06
3	3	19	0	6	19	3.76E+08
3	3	19	0	7	19	2.35E+08
3	3	19	0	8	19	4.07E+05
3	3	20	0	0	20	1.73E+08
3	3	20	0	1	20	1.89E+06
3	3	20	0	2	20	1.15E+08
3	3	20	0	3	20	3.08E+06
3	3	20	0	4	20	1.31E+08
3	3	20	0	5	20	7.89E+06
3	3	20	0	6	20	4.09E+08
3	3	20	0	7	20	2.01E+08
3	3	21	0	0	21	1.70E+08
3	3	21	0	1	21	1.48E+06
3	3	21	0	2	21	1.13E+08
3	3	21	0	3	21	3.24E+06
3	3	21	0	4	21	1.28E+08
3	3	21	0	5	21	1.50E+07
3	3	21	0	6	21	4.47E+08
3	3	22	0	0	22	1.66E+08
3	3	22	0	1	22	1.12E+06
3	3	22	0	2	22	1.10E+08
3	3	22	0	3	22	3.50E+06
3	3	22	0	4	22	1.23E+08
3	3	22	0	5	22	2.73E+07
3	3	22	0	6	22	4.87E+08
3	3	23	0	0	23	1.62E+08
3	3	23	0	1	23	8.01E+05
3	3	23	0	2	23	1.08E+08
3	3	23	0	3	23	3.92E+06
3	3	23	0	4	23	1.16E+08
3	3	23	0	5	23	4.84E+07
3	3	24	0	0	24	1.57E+08
3	3	24	0	1	24	5.34E+05
3	3	24	0	2	24	1.05E+08
3	3	24	0	3	24	4.53E+06
3	3	24	0	4	24	1.07E+08
3	3	24	0	5	24	8.49E+07
3	3	25	0	0	25	1.52E+08
3	3	25	0	1	25	3.20E+05
3	3	25	0	2	25	1.02E+08
3	3	25	0	3	25	5.41E+06
3	3	25	0	4	25	9.46E+07
3	4	1	0	0	1	1.50E+08
3	4	1	0	1	1	5.23E+07
3	4	1	0	2	1	5.10E+07
3	4	1	0	3	1	7.27E+07
3	4	1	0	4	1	3.73E+07
3	4	1	0	5	1	8.62E+07
3	4	1	0	6	1	6.40E+07
3	4	1	0	7	1	9.22E+07
3	4	1	0	8	1	3.54E+08
3	4	1	0	9	1	1.40E+08
3	4	1	0	10	1	5.00E+06
3	4	1	0	11	1	3.63E+05
3	4	1	0	12	1	8.51E+02
3	4	1	0	13	1	1.89E+03
3	4	1	0	14	1	9.06E+02
3	4	2	0	0	2	1.49E+08
3	4	2	0	1	2	5.20E+07
3	4	2	0	2	2	5.11E+07
3	4	2	0	3	2	7.25E+07
3	4	2	0	4	2	3.72E+07
3	4	2	0	5	2	8.62E+07
3	4	2	0	6	2	6.34E+07
3	4	2	0	7	2	9.36E+07
3	4	2	0	8	2	3.55E+08
3	4	2	0	9	2	1.38E+08
3	4	2	0	10	2	4.62E+06
3	4	2	0	11	2	3.83E+05
3	4	2	0	12	2	1.76E+03
3	4	2	0	13	2	1.50E+03
3	4	2	0	14	2	7.79E+02
3	4	3	0	0	3	1.49E+08
3	4	3	0	1	3	5.16E+07
3	4	3	0	2	3	5.11E+07
3	4	3	0	3	3	7.22E+07
3	4	3	0	4	3	3.71E+07
3	4	3	0	5	3	8.63E+07
3	4	3	0	6	3	6.27E+07
3	4	3	0	7	3	9.57E+07
3	4	3	0	8	3	3.56E+08
3	4	3	0	9	3	1.36E+08
3	4	3	0	10	3	4.08E+06
3	4	3	0	11	3	4.10E+05
3	4	3	0	12	3	3.76E+03
3	4	3	0	13	3	9.57E+02
3	4	3	0	14	3	5.70E+02
3	4	4	0	0	4	1.49E+08
3	4	4	0	1	4	5.11E+07
3	4	4	0	2	4	5.12E+07
3	4	4	0	3	4	7.18E+07
3	4	4	0	4	4	3.70E+07
3	4	4	0	5	4	8.64E+07
3	4	4	0	6	4	6.16E+07
3	4	4	0	7	4	9.86E+07
3	4	4	0	8	4	3.58E+08
3	4	4	0	9	4	1.32E+08
3	4	4	0	10	4	3.41E+06
3	4	4	0	11	4	4.44E+05
3	4	4	0	12	4	7.70E+03
3	4	4	0	13	4	3.67E+02
3	4	4	0	14	4	2.84E+02
3	4	5	0	0	5	1.48E+08
3	4	5	0	1	5	5.05E+07
3	4	5	0	2	5	5.12E+07
3	4	5	0	3	5	7.13E+07
3	4	5	0	4	5	3.68E+07
3	4	5	0	5	5	8.65E+07
3	4	5	0	6	5	6.03E+07
3	4	5	0	7	5	1.02E+08
3	4	5	0	8	5	3.60E+08
3	4	5	0	9	5	1.28E+08
3	4	5	0	10	5	2.65E+06
3	4	5	0	11	5	4.79E+05
3	4	5	0	12	5	1.47E+04
3	4	5	0	13	5	6.01E+00
3	4	6	0	0	6	1.48E+08
3	4	6	0	1	6	4.97E+07
3	4	6	0	2	6	5.14E+07
3	4	6	0	3	6	7.06E+07
3	4	6	0	4	6	3.66E+07
3	4	6	0	5	6	8.67E+07
3	4	6	0	6	6	5.88E+07
3	4	6	0	7	6	1.07E+08
3	4	6	0	8	6	3.63E+08
3	4	6	0	9	6	1.22E+08
3	4	6	0	10	6	1.86E+06
3	4	6	0	11	6	5.09E+05
3	4	6	0	12	6	2.60E+04
3	4	6	0	13	6	3.99E+02
3	4	7	0	0	7	1.47E+08
3	4	7	0	1	7	4.88E+07
3	4	7	0	2	7	5.15E+07
3	4	7	0	3	7	6.99E+07
3	4	7	0	4	7	3.64E+07
3	4	7	0	5	7	8.68E+07
3	4	7	0	6	7	5.69E+07
3	4	7	0	7	7	1.13E+08
3	4	7	0	8	7	3.66E+08
3	4	7	0	9	7	1.15E+08
3	4	7	0	10	7	1.11E+06
3	4	7	0	11	7	5.23E+05
3	4	7	0	12	7	4.26E+04
3	4	7	0	13	7	2.26E+03
3	4	8	0	0	8	1.47E+08
3	4	8	0	1	8	4.78E+07
3	4	8	0	2	8	5.17E+07
3	4	8	0	3	8	6.90E+07
3	4	8	0	4	8	3.62E+07
3	4	8	0	5	8	8.69E+07
3	4	8	0	6	8	5.48E+07
3	4	8	0	7	8	1.19E+08
3	4	8	0	8	8	3.69E+08
3	4	8	0	9	8	1.08E+08
3	4	8	0	10	8	4.82E+05
3	4	8	0	11	8	5.10E+05
3	4	8	0	12	8	6.39E+04
3	4	9	0	0	9	1.46E+08
3	4	9	0	1	9	4.66E+07
3	4	9	0	2	9	5.19E+07
3	4	9	0	3	9	6.80E+07
3	4	9	0	4	9	3.59E+07
3	4	9	0	5	9	8.71E+07
3	4	9	0	6	9	5.23E+07
3	4	9	0	7	9	1.28E+08
3	4	9	0	8	9	3.72E+08
3	4	9	0	9	9	9.84E+07
3	4	9	0	10	9	8.46E+04
3	4	9	0	11	9	4.56E+05
3	4	9	0	12	9	8.56E+04
3	4	10	0	0	10	1.45E+08
3	4	10	0	1	10	4.52E+07
3	4	10	0	2	10	5.21E+07
3	4	10	0	3	10	6.69E+07
3	4	10	0	4	10	3.56E+07
3	4	10	0	5	10	8.73E+07
3	4	10	0	6	10	4.95E+07
3	4	10	0	7	10	1.37E+08
3	4	10	0	8	10	3.75E+08
3	4	10	0	9	10	8.79E+07
3	4	10	0	10	10	2.38E+04
3	4	10	0	11	10	3.49E+05
3	4	10	0	12	10	9.66E+04
3	4	11	0	0	11	1.44E+08
3	4	11	0	1	11	4.38E+07
3	4	11	0	2	11	5.24E+07
3	4	11	0	3	11	6.57E+07
3	4	11	0	4	11	3.53E+07
3	4	11	0	5	11	8.75E+07
3	4	11	0	6	11	4.63E+07
3	4	11	0	7	11	1.49E+08
3	4	11	0	8	11	3.77E+08
3	4	11	0	9	11	7.60E+07
3	4	11	0	10	11	4.01E+05
3	4	11	0	11	11	1.99E+05
3	4	12	0	0	12	1.43E+08
3	4	12	0	1	12	4.22E+07
3	4	12	0	2	12	5.27E+07
3	4	12	0	3	12	6.43E+07
3	4	12	0	4	12	3.50E+07
3	4	12	0	5	12	8.77E+07
3	4	12	0	6	12	4.27E+07
3	4	12	0	7	12	1.63E+08
3	4	12	0	8	12	3.79E+08
3	4	12	0	9	12	6.28E+07
3	4	12	0	10	12	1.28E+06
3	4	12	0	11	12	4.97E+04
3	4	13	0	0	13	1.42E+08
3	4	13	0	1	13	4.05E+07
3	4	13	0	2	13	5.31E+07
3	4	13	0	3	13	6.29E+07
3	4	13	0	4	13	3.46E+07
3	4	13	0	5	13	8.81E+07
3	4	13	0	6	13	3.86E+07
3	4	13	0	7	13	1.81E+08
3	4	13	0	8	13	3.78E+08
3	4	13	0	9	13	4.84E+07
3	4	13	0	10	13	2.60E+06
3	4	14	0	0	14	1.41E+08
3	4	14	0	1	14	3.86E+07
3	4	14	0	2	14	5.34E+07
3	4	14	0	3	14	6.13E+07
3	4	14	0	4	14	3.41E+07
3	4	14	0	5	14	8.85E+07
3	4	14	0	6	14	3.40E+07
3	4	14	0	7	14	2.02E+08
3	4	14	0	8	14	3.75E+08
3	4	14	0	9	14	3.34E+07
3	4	14	0	10	14	4.10E+06
3	4	15	0	0	15	1.39E+08
3	4	15	0	1	15	3.67E+07
3	4	15	0	2	15	5.37E+07
3	4	15	0	3	15	5.97E+07
3	4	15	0	4	15	3.34E+07
3	4	15	0	5	15	8.90E+07
3	4	15	0	6	15	2.89E+07
3	4	15	0	7	15	2.27E+08
3	4	15	0	8	15	3.68E+08
3	4	15	0	9	15	1.89E+07
3	4	15	0	10	15	5.10E+06
3	4	16	0	0	16	1.38E+08
3	4	16	0	1	16	3.47E+07
3	4	16	0	2	16	5.41E+07
3	4	16	0	3	16	5.80E+07
3	4	16	0	4	16	3.27E+07
3	4	16	0	5	16	8.96E+07
3	4	16	0	6	16	2.31E+07
3	4	16	0	7	16	2.59E+08
3	4	16	0	8	16	3.53E+08
3	4	16	0	9	16	6.83E+06
3	4	17	0	0	17	1.36E+08
3	4	17	0	1	17	3.25E+07
3	4	17	0	2	17	5.43E+07
3	4	17	0	3	17	5.62E+07
3	4	17	0	4	17	3.18E+07
3	4	17	0	5	17	9.03E+07
3	4	17	0	6	17	1.70E+07
3	4	17	0	7	17	2.98E+08
3	4	17	0	8	17	3.28E+08
3	4	17	0	9	17	3.14E+05
3	4	18	0	0	18	1.35E+08
3	4	18	0	1	18	3.03E+07
3	4	18	0	2	18	5.45E+07
3	4	18	0	3	18	5.44E+07
3	4	18	0	4	18	3.06E+07
3	4	18	0	5	18	9.10E+07
3	4	18	0	6	18	1.06E+07
3	4	18	0	7	18	3.46E+08
3	4	18	0	8	18	2.88E+08
3	4	19	0	0	19	1.32E+08
3	4	19	0	1	19	2.81E+07
3	4	19	0	2	19	5.47E+07
3	4	19	0	3	19	5.26E+07
3	4	19	0	4	19	2.93E+07
3	4	19	0	5	19	9.17E+07
3	4	19	0	6	19	4.67E+06
3	4	19	0	7	19	4.04E+08
3	4	19	0	8	19	2.27E+08
3	4	20	0	0	20	1.30E+08
3	4	20	0	1	20	2.58E+07
3	4	20	0	2	20	5.47E+07
3	4	20	0	3	20	5.07E+07
3	4	20	0	4	20	2.76E+07
3	4	20	0	5	20	9.22E+07
3	4	20	0	6	20	5.65E+05
3	4	20	0	7	20	4.71E+08
3	4	21	0	0	21	1.28E+08
3	4	21	0	1	21	2.34E+07
3	4	21	0	2	21	5.45E+07
3	4	21	0	3	21	4.88E+07
3	4	21	0	4	21	2.55E+07
3	4	21	0	5	21	9.21E+07
3	4	21	0	6	21	1.20E+06
3	4	22	0	0	22	1.25E+08
3	4	22	0	1	22	2.10E+07
3	4	22	0	2	22	5.42E+07
3	4	22	0	3	22	4.68E+07
3	4	22	0	4	22	2.31E+07
3	4	22	0	5	22	9.07E+07
3	4	22	0	6	22	1.28E+07
3	4	23	0	0	23	1.21E+08
3	4	23	0	1	23	1.86E+07
3	4	23	0	2	23	5.36E+07
3	4	23	0	3	23	4.49E+07
3	4	23	0	4	23	2.02E+07
3	4	23	0	5	23	8.67E+07
3	4	24	0	0	24	1.17E+08
3	4	24	0	1	24	1.61E+07
3	4	24	0	2	24	5.26E+07
3	4	24	0	3	24	4.29E+07
3	4	24	0	4	24	1.69E+07
3	4	24	0	5	24	7.77E+07
3	5	1	0	0	1	1.04E+08
3	5	1	0	1	1	8.44E+07
3	5	1	0	2	1	5.33E+06
3	5	1	0	3	1	9.29E+07
3	5	1	0	4	1	2.15E+06
3	5	1	0	5	1	9.23E+07
3	5	1	0	6	1	1.37E+07
3	5	1	0	7	1	1.13E+08
3	5	1	0	8	1	2.80E+07
3	5	1	0	9	1	3.77E+08
3	5	1	0	10	1	1.75E+08
3	5	1	0	11	1	1.78E+06
3	5	1	0	12	1	1.16E+06
3	5	1	0	13	1	1.34E+05
3	5	1	0	14	1	1.22E+04
3	5	2	0	0	2	1.04E+08
3	5	2	0	1	2	8.41E+07
3	5	2	0	2	2	5.39E+06
3	5	2	0	3	2	9.27E+07
3	5	2	0	4	2	2.13E+06
3	5	2	0	5	2	9.21E+07
3	5	2	0	6	2	1.39E+07
3	5	2	0	7	2	1.13E+08
3	5	2	0	8	2	2.92E+07
3	5	2	0	9	2	3.79E+08
3	5	2	0	10	2	1.72E+08
3	5	2	0	11	2	1.43E+06
3	5	2	0	12	2	1.14E+06
3	5	2	0	13	2	1.48E+05
3	5	2	0	14	2	1.49E+04
3	5	3	0	0	3	1.03E+08
3	5	3	0	1	3	8.36E+07
3	5	3	0	2	3	5.47E+06
3	5	3	0	3	3	9.24E+07
3	5	3	0	4	3	2.10E+06
3	5	3	0	5	3	9.18E+07
3	5	3	0	6	3	1.41E+07
3	5	3	0	7	3	1.12E+08
3	5	3	0	8	3	3.11E+07
3	5	3	0	9	3	3.83E+08
3	5	3	0	10	3	1.67E+08
3	5	3	0	11	3	9.85E+05
3	5	3	0	12	3	1.12E+06
3	5	3	0	13	3	1.69E+05
3	5	3	0	14	3	1.86E+04
3	5	4	0	0	4	1.03E+08
3	5	4	0	1	4	8.29E+07
3	5	4	0	2	4	5.58E+06
3	5	4	0	3	4	9.20E+07
3	5	4	0	4	4	2.06E+06
3	5	4	0	5	4	9.14E+07
3	5	4	0	6	4	1.44E+07
3	5	4	0	7	4	1.11E+08
3	5	4	0	8	4	3.37E+07
3	5	4	0	9	4	3.88E+08
3	5	4	0	10	4	1.61E+08
3	5	4	0	11	4	5.19E+05
3	5	4	0	12	4	1.06E+06
3	5	4	0	13	4	1.94E+05
3	5	4	0	14	4	2.03E+04
3	5	5	0	0	5	1.03E+08
3	5	5	0	1	5	8.21E+07
3	5	5	0	2	5	5.72E+06
3	5	5	0	3	5	9.15E+07
3	5	5	0	4	5	2.01E+06
3	5	5	0	5	5	9.09E+07
3	5	5	0	6	5	1.47E+07
3	5	5	0	7	5	1.09E+08
3	5	5	0	8	5	3.72E+07
3	5	5	0	9	5	3.94E+08
3	5	5	0	10	5	1.53E+08
3	5	5	0	11	5	1.45E+05
3	5	5	0	12	5	9.58E+05
3	5	5	0	13	5	2.17E+05
3	5	6	0	0	6	1.03E+08
3	5	6	0	1	6	8.11E+07
3	5	6	0	2	6	5.90E+06
3	5	6	0	3	6	9.08E+07
3	5	6	0	4	6	1.95E+06
3	5	6	0	5	6	9.03E+07
3	5	6	0	6	6	1.51E+07
3	5	6	0	7	6	1.07E+08
3	5	6	0	8	6	4.18E+07
3	5	6	0	9	6	4.01E+08
3	5	6	0	10	6	1.43E+08
3	5	6	0	11	6	6.18E+02
3	5	6	0	12	6	7.98E+05
3	5	6	0	13	6	2.29E+05
3	5	7	0	0	7	1.02E+08
3	5	7	0	1	7	7.99E+07
3	5	7	0	2	7	6.12E+06
3	5	7	0	3	7	9.01E+07
3	5	7	0	4	7	1.87E+06
3	5	7	0	5	7	8.96E+07
3	5	7	0	6	7	1.56E+07
3	5	7	0	7	7	1.05E+08
3	5	7	0	8	7	4.76E+07
3	5	7	0	9	7	4.09E+08
3	5	7	0	10	7	1.31E+08
3	5	7	0	11	7	2.41E+05
3	5	7	0	12	7	5.74E+05
3	5	7	0	13	7	2.09E+05
3	5	8	0	0	8	1.02E+08
3	5	8	0	1	8	7.85E+07
3	5	8	0	2	8	6.39E+06
3	5	8	0	3	8	8.93E+07
3	5	8	0	4	8	1.78E+06
3	5	8	0	5	8	8.87E+07
3	5	8	0	6	8	1.62E+07
3	5	8	0	7	8	1.02E+08
3	5	8	0	8	8	5.50E+07
3	5	8	0	9	8	4.18E+08
3	5	8	0	10	8	1.17E+08
3	5	8	0	11	8	1.02E+06
3	5	8	0	12	8	3.08E+05
3	5	9	0	0	9	1.02E+08
3	5	9	0	1	9	7.69E+07
3	5	9	0	2	9	6.70E+06
3	5	9	0	3	9	8.83E+07
3	5	9	0	4	9	1.68E+06
3	5	9	0	5	9	8.78E+07
3	5	9	0	6	9	1.69E+07
3	5	9	0	7	9	9.90E+07
3	5	9	0	8	9	6.44E+07
3	5	9	0	9	9	4.26E+08
3	5	9	0	10	9	1.01E+08
3	5	9	0	11	9	2.45E+06
3	5	9	0	12	9	7.19E+04
3	5	10	0	0	10	1.01E+08
3	5	10	0	1	10	7.52E+07
3	5	10	0	2	10	7.07E+06
3	5	10	0	3	10	8.72E+07
3	5	10	0	4	10	1.57E+06
3	5	10	0	5	10	8.68E+07
3	5	10	0	6	10	1.77E+07
3	5	10	0	7	10	9.51E+07
3	5	10	0	8	10	7.64E+07
3	5	10	0	9	10	4.35E+08
3	5	10	0	10	10	8.26E+07
3	5	10	0	11	10	4.50E+06
3	5	10	0	12	10	1.15E+04
3	5	11	0	0	11	1.01E+08
3	5	11	0	1	11	7.32E+07
3	5	11	0	2	11	7.48E+06
3	5	11	0	3	11	8.60E+07
3	5	11	0	4	11	1.44E+06
3	5	11	0	5	11	8.56E+07
3	5	11	0	6	11	1.86E+07
3	5	11	0	7	11	9.05E+07
3	5	11	0	8	11	9.16E+07
3	5	11	0	9	11	4.42E+08
3	5	11	0	10	11	6.24E+07
3	5	11	0	11	11	6.91E+06
3	5	12	0	0	12	1.00E+08
3	5	12	0	1	12	7.11E+07
3	5	12	0	2	12	7.96E+06
3	5	12	0	3	12	8.47E+07
3	5	12	0	4	12	1.31E+06
3	5	12	0	5	12	8.43E+07
3	5	12	0	6	12	1.97E+07
3	5	12	0	7	12	8.49E+07
3	5	12	0	8	12	1.11E+08
3	5	12	0	9	12	4.47E+08
3	5	12	0	10	12	4.14E+07
3	5	12	0	11	12	8.92E+06
3	5	13	0	0	13	9.98E+07
3	5	13	0	1	13	6.88E+07
3	5	13	0	2	13	8.50E+06
3	5	13	0	3	13	8.32E+07
3	5	13	0	4	13	1.18E+06
3	5	13	0	5	13	8.28E+07
3	5	13	0	6	13	2.09E+07
3	5	13	0	7	13	7.82E+07
3	5	13	0	8	13	1.36E+08
3	5	13	0	9	13	4.46E+08
3	5	13	0	10	13	2.15E+07
3	5	14	0	0	14	9.92E+07
3	5	14	0	1	14	6.62E+07
3	5	14	0	2	14	9.09E+06
3	5	14	0	3	14	8.16E+07
3	5	14	0	4	14	1.06E+06
3	5	14	0	5	14	8.11E+07
3	5	14	0	6	14	2.24E+07
3	5	14	0	7	14	7.03E+07
3	5	14	0	8	14	1.69E+08
3	5	14	0	9	14	4.36E+08
3	5	14	0	10	14	6.06E+06
3	5	15	0	0	15	9.84E+07
3	5	15	0	1	15	6.35E+07
3	5	15	0	2	15	9.75E+06
3	5	15	0	3	15	7.98E+07
3	5	15	0	4	15	9.31E+05
3	5	15	0	5	15	7.93E+07
3	5	15	0	6	15	2.41E+07
3	5	15	0	7	15	6.08E+07
3	5	15	0	8	15	2.11E+08
3	5	15	0	9	15	4.13E+08
3	5	15	0	10	15	9.87E+03
3	5	16	0	0	16	9.76E+07
3	5	16	0	1	16	6.06E+07
3	5	16	0	2	16	1.05E+07
3	5	16	0	3	16	7.78E+07
3	5	16	0	4	16	8.15E+05
3	5	16	0	5	16	7.71E+07
3	5	16	0	6	16	2.61E+07
3	5	16	0	7	16	4.96E+07
3	5	16	0	8	16	2.66E+08
3	5	16	0	9	16	3.67E+08
3	5	17	0	0	17	9.66E+07
3	5	17	0	1	17	5.75E+07
3	5	17	0	2	17	1.12E+07
3	5	17	0	3	17	7.57E+07
3	5	17	0	4	17	7.11E+05
3	5	17	0	5	17	7.47E+07
3	5	17	0	6	17	2.85E+07
3	5	17	0	7	17	3.67E+07
3	5	17	0	8	17	3.36E+08
3	5	17	0	9	17	2.91E+08
3	5	18	0	0	18	9.54E+07
3	5	18	0	1	18	5.42E+07
3	5	18	0	2	18	1.21E+07
3	5	18	0	3	18	7.33E+07
3	5	18	0	4	18	6.21E+05
3	5	18	0	5	18	7.18E+07
3	5	18	0	6	18	3.12E+07
3	5	18	0	7	18	2.25E+07
3	5	18	0	8	18	4.23E+08
3	5	19	0	0	19	9.40E+07
3	5	19	0	1	19	5.06E+07
3	5	19	0	2	19	1.29E+07
3	5	19	0	3	19	7.07E+07
3	5	19	0	4	19	5.47E+05
3	5	19	0	5	19	6.85E+07
3	5	19	0	6	19	3.42E+07
3	5	19	0	7	19	8.71E+06
3	5	19	0	8	19	5.24E+08
3	5	20	0	0	20	9.24E+07
3	5	20	0	1	20	4.69E+07
3	5	20	0	2	20	1.38E+07
3	5	20	0	3	20	6.79E+07
3	5	20	0	4	20	4.91E+05
3	5	20	0	5	20	6.46E+07
3	5	20	0	6	20	3.71E+07
3	5	20	0	7	20	2.10E+05
3	5	21	0	0	21	9.04E+07
3	5	21	0	1	21	4.29E+07
3	5	21	0	2	21	1.47E+07
3	5	21	0	3	21	6.47E+07
3	5	21	0	4	21	4.55E+05
3	5	21	0	5	21	6.00E+07
3	5	21	0	6	21	3.91E+07
3	5	22	0	0	22	8.78E+07
3	5	22	0	1	22	3.87E+07
3	5	22	0	2	22	1.56E+07
3	5	22	0	3	22	6.11E+07
3	5	22	0	4	22	4.39E+05
3	5	22	0	5	22	5.46E+07
3	5	22	0	6	22	3.86E+07
3	5	23	0	0	23	8.46E+07
3	5	23	0	1	23	3.43E+07
3	5	23	0	2	23	1.64E+07
3	5	23	0	3	23	5.71E+07
3	5	23	0	4	23	4.44E+05
3	5	23	0	5	23	4.81E+07
3	6	1	0	0	1	6.97E+07
3	6	1	0	1	1	9.39E+07
3	6	1	0	2	1	2.45E+06
3	6	1	0	3	1	6.06E+07
3	6	1	0	4	1	3.78E+07
3	6	1	0	5	1	2.27E+07
3	6	1	0	6	1	7.54E+07
3	6	1	0	7	1	2.93E+06
3	6	1	0	8	1	1.15E+08
3	6	1	0	9	1	4.13E+06
3	6	1	0	10	1	4.06E+08
3	6	1	0	11	1	1.86E+08
3	6	1	0	12	1	7.74E+05
3	6	1	0	13	1	8.48E+05
3	6	1	0	14	1	3.78E+05
3	6	2	0	0	2	6.96E+07
3	6	2	0	1	2	9.36E+07
3	6	2	0	2	2	2.39E+06
3	6	2	0	3	2	6.06E+07
3	6	2	0	4	2	3.76E+07
3	6	2	0	5	2	2.26E+07
3	6	2	0	6	2	7.53E+07
3	6	2	0	7	2	2.82E+06
3	6	2	0	8	2	1.15E+08
3	6	2	0	9	2	4.82E+06
3	6	2	0	10	2	4.11E+08
3	6	2	0	11	2	1.80E+08
3	6	2	0	12	2	1.14E+06
3	6	2	0	13	2	7.02E+05
3	6	2	0	14	2	3.34E+05
3	6	3	0	0	3	6.96E+07
3	6	3	0	1	3	9.31E+07
3	6	3	0	2	3	2.30E+06
3	6	3	0	3	3	6.05E+07
3	6	3	0	4	3	3.73E+07
3	6	3	0	5	3	2.26E+07
3	6	3	0	6	3	7.51E+07
3	6	3	0	7	3	2.64E+06
3	6	3	0	8	3	1.14E+08
3	6	3	0	9	3	5.98E+06
3	6	3	0	10	3	4.18E+08
3	6	3	0	11	3	1.72E+08
3	6	3	0	12	3	1.82E+06
3	6	3	0	13	3	4.97E+05
3	6	3	0	14	3	2.59E+05
3	6	4	0	0	4	6.95E+07
3	6	4	0	1	4	9.25E+07
3	6	4	0	2	4	2.19E+06
3	6	4	0	3	4	6.04E+07
3	6	4	0	4	4	3.69E+07
3	6	4	0	5	4	2.25E+07
3	6	4	0	6	4	7.49E+07
3	6	4	0	7	4	2.42E+06
3	6	4	0	8	4	1.14E+08
3	6	4	0	9	4	7.76E+06
3	6	4	0	10	4	4.27E+08
3	6	4	0	11	4	1.62E+08
3	6	4	0	12	4	2.92E+06
3	6	4	0	13	4	2.62E+05
3	6	4	0	14	4	1.46E+05
3	6	5	0	0	5	6.94E+07
3	6	5	0	1	5	9.16E+07
3	6	5	0	2	5	2.05E+06
3	6	5	0	3	5	6.03E+07
3	6	5	0	4	5	3.65E+07
3	6	5	0	5	5	2.24E+07
3	6	5	0	6	5	7.46E+07
3	6	5	0	7	5	2.16E+06
3	6	5	0	8	5	1.13E+08
3	6	5	0	9	5	1.04E+07
3	6	5	0	10	5	4.38E+08
3	6	5	0	11	5	1.48E+08
3	6	5	0	12	5	4.59E+06
3	6	5	0	13	5	6.05E+04
3	6	6	0	0	6	6.93E+07
3	6	6	0	1	6	9.06E+07
3	6	6	0	2	6	1.88E+06
3	6	6	0	3	6	6.02E+07
3	6	6	0	4	6	3.59E+07
3	6	6	0	5	6	2.23E+07
3	6	6	0	6	6	7.42E+07
3	6	6	0	7	6	1.86E+06
3	6	6	0	8	6	1.12E+08
3	6	6	0	9	6	1.42E+07
3	6	6	0	10	6	4.51E+08
3	6	6	0	11	6	1.31E+08
3	6	6	0	12	6	6.90E+06
3	6	6	0	13	6	9.47E+03
3	6	7	0	0	7	6.92E+07
3	6	7	0	1	7	8.94E+07
3	6	7	0	2	7	1.69E+06
3	6	7	0	3	7	6.01E+07
3	6	7	0	4	7	3.52E+07
3	6	7	0	5	7	2.22E+07
3	6	7	0	6	7	7.38E+07
3	6	7	0	7	7	1.54E+06
3	6	7	0	8	7	1.10E+08
3	6	7	0	9	7	1.96E+07
3	6	7	0	10	7	4.66E+08
3	6	7	0	11	7	1.11E+08
3	6	7	0	12	7	9.76E+06
3	6	7	0	13	7	2.55E+05
3	6	8	0	0	8	6.91E+07
3	6	8	0	1	8	8.81E+07
3	6	8	0	2	8	1.47E+06
3	6	8	0	3	8	5.99E+07
3	6	8	0	4	8	3.43E+07
3	6	8	0	5	8	2.21E+07
3	6	8	0	6	8	7.33E+07
3	6	8	0	7	8	1.21E+06
3	6	8	0	8	8	1.09E+08
3	6	8	0	9	8	2.72E+07
3	6	8	0	10	8	4.80E+08
3	6	8	0	11	8	8.74E+07
3	6	8	0	12	8	1.28E+07
3	6	9	0	0	9	6.89E+07
3	6	9	0	1	9	8.65E+07
3	6	9	0	2	9	1.25E+06
3	6	9	0	3	9	5.97E+07
3	6	9	0	4	9	3.34E+07
3	6	9	0	5	9	2.20E+07
3	6	9	0	6	9	7.26E+07
3	6	9	0	7	9	8.72E+05
3	6	9	0	8	9	1.06E+08
3	6	9	0	9	9	3.79E+07
3	6	9	0	10	9	4.95E+08
3	6	9	0	11	9	6.24E+07
3	6	9	0	12	9	1.52E+07
3	6	10	0	0	10	6.88E+07
3	6	10	0	1	10	8.48E+07
3	6	10	0	2	10	1.02E+06
3	6	10	0	3	10	5.95E+07
3	6	10	0	4	10	3.24E+07
3	6	10	0	5	10	2.19E+07
3	6	10	0	6	10	7.19E+07
3	6	10	0	7	10	5.57E+05
3	6	10	0	8	10	1.03E+08
3	6	10	0	9	10	5.28E+07
3	6	10	0	10	10	5.06E+08
3	6	10	0	11	10	3.72E+07
3	6	10	0	12	10	1.51E+07
3	6	11	0	0	11	6.86E+07
3	6	11	0	1	11	8.28E+07
3	6	11	0	2	11	7.82E+05
3	6	11	0	3	11	5.92E+07
3	6	11	0	4	11	3.12E+07
3	6	11	0	5	11	2.18E+07
3	6	11	0	6	11	7.11E+07
3	6	11	0	7	11	2.83E+05
3	6	11	0	8	11	9.80E+07
3	6	11	0	9	11	7.38E+07
3	6	11	0	10	11	5.11E+08
3	6	11	0	11	11	1.51E+07
3	6	12	0	0	12	6.84E+07
3	6	12	0	1	12	8.06E+07
3	6	12	0	2	12	5.60E+05
3	6	12	0	3	12	5.89E+07
3	6	12	0	4	12	2.99E+07
3	6	12	0	5	12	2.16E+07
3	6	12	0	6	12	7.02E+07
3	6	12	0	7	12	8.33E+04
3	6	12	0	8	12	9.20E+07
3	6	12	0	9	12	1.03E+08
3	6	12	0	10	12	5.05E+08
3	6	12	0	11	12	1.56E+06
3	6	13	0	0	13	6.81E+07
3	6	13	0	1	13	7.82E+07
3	6	13	0	2	13	3.58E+05
3	6	13	0	3	13	5.86E+07
3	6	13	0	4	13	2.86E+07
3	6	13	0	5	13	2.14E+07
3	6	13	0	6	13	6.91E+07
3	6	13	0	7	13	1.30E+02
3	6	13	0	8	13	8.41E+07
3	6	13	0	9	13	1.44E+08
3	6	13	0	10	13	4.80E+08
3	6	14	0	0	14	6.78E+07
3	6	14	0	1	14	7.56E+07
3	6	14	0	2	14	1.88E+05
3	6	14	0	3	14	5.81E+07
3	6	14	0	4	14	2.71E+07
3	6	14	0	5	14	2.12E+07
3	6	14	0	6	14	6.79E+07
3	6	14	0	7	14	9.19E+04
3	6	14	0	8	14	7.38E+07
3	6	14	0	9	14	2.00E+08
3	6	14	0	10	14	4.24E+08
3	6	15	0	0	15	6.74E+07
3	6	15	0	1	15	7.27E+07
3	6	15	0	2	15	6.59E+04
3	6	15	0	3	15	5.75E+07
3	6	15	0	4	15	2.56E+07
3	6	15	0	5	15	2.08E+07
3	6	15	0	6	15	6.66E+07
3	6	15	0	7	15	4.33E+05
3	6	15	0	8	15	6.05E+07
3	6	15	0	9	15	2.76E+08
3	6	15	0	10	15	3.24E+08
3	6	16	0	0	16	6.69E+07
3	6	16	0	1	16	6.95E+07
3	6	16	0	2	16	4.34E+03
3	6	16	0	3	16	5.68E+07
3	6	16	0	4	16	2.39E+07
3	6	16	0	5	16	2.04E+07
3	6	16	0	6	16	6.50E+07
3	6	16	0	7	16	1.11E+06
3	6	16	0	8	16	4.40E+07
3	6	16	0	9	16	3.76E+08
3	6	17	0	0	17	6.63E+07
3	6	17	0	1	17	6.60E+07
3	6	17	0	2	17	1.91E+04
3	6	17	0	3	17	5.58E+07
3	6	17	0	4	17	2.22E+07
3	6	17	0	5	17	1.98E+07
3	6	17	0	6	17	6.32E+07
3	6	17	0	7	17	2.22E+06
3	6	17	0	8	17	2.48E+07
3	6	17	0	9	17	4.96E+08
3	6	18	0	0	18	6.55E+07
3	6	18	0	1	18	6.22E+07
3	6	18	0	2	18	1.26E+05
3	6	18	0	3	18	5.46E+07
3	6	18	0	4	18	2.04E+07
3	6	18	0	5	18	1.91E+07
3	6	18	0	6	18	6.10E+07
3	6	18	0	7	18	3.76E+06
3	6	18	0	8	18	6.60E+06
3	6	19	0	0	19	6.44E+07
3	6	19	0	1	19	5.80E+07
3	6	19	0	2	19	3.42E+05
3	6	19	0	3	19	5.32E+07
3	6	19	0	4	19	1.86E+07
3	6	19	0	5	19	1.82E+07
3	6	19	0	6	19	5.83E+07
3	6	19	0	7	19	5.56E+06
3	6	19	0	8	19	1.12E+06
3	6	20	0	0	20	6.29E+07
3	6	20	0	1	20	5.34E+07
3	6	20	0	2	20	6.83E+05
3	6	20	0	3	20	5.13E+07
3	6	20	0	4	20	1.66E+07
3	6	20	0	5	20	1.70E+07
3	6	20	0	6	20	5.50E+07
3	6	20	0	7	20	6.87E+06
3	6	21	0	0	21	6.09E+07
3	6	21	0	1	21	4.83E+07
3	6	21	0	2	21	1.16E+06
3	6	21	0	3	21	4.89E+07
3	6	21	0	4	21	1.46E+07
3	6	21	0	5	21	1.56E+07
3	6	21	0	6	21	5.09E+07
3	7	1	0	0	1	4.62E+07
3	7	1	0	1	1	8.76E+07
3	7	1	0	2	1	1.74E+07
3	7	1	0	3	1	2.43E+07
3	7	1	0	4	1	6.00E+07
3	7	1	0	5	1	1.44E+05
3	7	1	0	6	1	6.04E+07
3	7	1	0	7	1	2.61E+07
3	7	1	0	8	1	3.05E+07
3	7	1	0	9	1	8.43E+07
3	7	1	0	10	1	1.67E+05
3	7	1	0	11	1	4.68E+08
3	7	1	0	12	1	1.44E+08
3	7	1	0	13	1	1.78E+07
3	7	1	0	14	1	9.90E+05
3	7	2	0	0	2	4.62E+07
3	7	2	0	1	2	8.73E+07
3	7	2	0	2	2	1.72E+07
3	7	2	0	3	2	2.43E+07
3	7	2	0	4	2	5.98E+07
3	7	2	0	5	2	1.37E+05
3	7	2	0	6	2	6.03E+07
3	7	2	0	7	2	2.62E+07
3	7	2	0	8	2	3.00E+07
3	7	2	0	9	2	8.46E+07
3	7	2	0	10	2	4.13E+05
3	7	2	0	11	2	4.76E+08
3	7	2	0	12	2	1.35E+08
3	7	2	0	13	2	1.91E+07
3	7	2	0	14	2	1.28E+06
3	7	3	0	0	3	4.62E+07
3	7	3	0	1	3	8.69E+07
3	7	3	0	2	3	1.69E+07
3	7	3	0	3	3	2.44E+07
3	7	3	0	4	3	5.94E+07
3	7	3	0	5	3	1.26E+05
3	7	3	0	6	3	6.00E+07
3	7	3	0	7	3	2.63E+07
3	7	3	0	8	3	2.92E+07
3	7	3	0	9	3	8.49E+07
3	7	3	0	10	3	1.00E+06
3	7	3	0	11	3	4.86E+08
3	7	3	0	12	3	1.23E+08
3	7	3	0	13	3	2.08E+07
3	7	3	0	14	3	1.70E+06
3	7	4	0	0	4	4.62E+07
3	7	4	0	1	4	8.63E+07
3	7	4	0	2	4	1.65E+07
3	7	4	0	3	4	2.46E+07
3	7	4	0	4	4	5.89E+07
3	7	4	0	5	4	1.12E+05
3	7	4	0	6	4	5.96E+07
3	7	4	0	7	4	2.64E+07
3	7	4	0	8	4	2.83E+07
3	7	4	0	9	4	8.53E+07
3	7	4	0	10	4	2.23E+06
3	7	4	0	11	4	5.00E+08
3	7	4	0	12	4	1.05E+08
3	7	4	0	13	4	2.27E+07
3	7	4	0	14	4	1.94E+06
3	7	5	0	0	5	4.62E+07
3	7	5	0	1	5	8.56E+07
3	7	5	0	2	5	1.60E+07
3	7	5	0	3	5	2.48E+07
3	7	5	0	4	5	5.83E+07
3	7	5	0	5	5	9.45E+04
3	7	5	0	6	5	5.91E+07
3	7	5	0	7	5	2.66E+07
3	7	5	0	8	5	2.71E+07
3	7	5	0	9	5	8.56E+07
3	7	5	0	10	5	4.54E+06
3	7	5	0	11	5	5.16E+08
3	7	5	0	12	5	8.45E+07
3	7	5	0	13	5	2.40E+07
3	7	6	0	0	6	4.62E+07
3	7	6	0	1	6	8.48E+07
3	7	6	0	2	6	1.54E+07
3	7	6	0	3	6	2.50E+07
3	7	6	0	4	6	5.75E+07
3	7	6	0	5	6	7.49E+04
3	7	6	0	6	6	5.86E+07
3	7	6	0	7	6	2.67E+07
3	7	6	0	8	6	2.57E+07
3	7	6	0	9	6	8.58E+07
3	7	6	0	10	6	8.60E+06
3	7	6	0	11	6	5.33E+08
3	7	6	0	12	6	6.10E+07
3	7	6	0	13	6	2.38E+07
3	7	7	0	0	7	4.62E+07
3	7	7	0	1	7	8.38E+07
3	7	7	0	2	7	1.47E+07
3	7	7	0	3	7	2.53E+07
3	7	7	0	4	7	5.65E+07
3	7	7	0	5	7	5.42E+04
3	7	7	0	6	7	5.79E+07
3	7	7	0	7	7	2.69E+07
3	7	7	0	8	7	2.40E+07
3	7	7	0	9	7	8.56E+07
3	7	7	0	10	7	1.54E+07
3	7	7	0	11	7	5.49E+08
3	7	7	0	12	7	3.68E+07
3	7	7	0	13	7	2.04E+07
3	7	8	0	0	8	4.61E+07
3	7	8	0	1	8	8.26E+07
3	7	8	0	2	8	1.39E+07
3	7	8	0	3	8	2.56E+07
3	7	8	0	4	8	5.55E+07
3	7	8	0	5	8	3.38E+04
3	7	8	0	6	8	5.71E+07
3	7	8	0	7	8	2.71E+07
3	7	8	0	8	8	2.21E+07
3	7	8	0	9	8	8.49E+07
3	7	8	0	10	8	2.62E+07
3	7	8	0	11	8	5.62E+08
3	7	8	0	12	8	1.54E+07
3	7	9	0	0	9	4.61E+07
3	7	9	0	1	9	8.12E+07
3	7	9	0	2	9	1.30E+07
3	7	9	0	3	9	2.60E+07
3	7	9	0	4	9	5.42E+07
3	7	9	0	5	9	1.62E+04
3	7	9	0	6	9	5.63E+07
3	7	9	0	7	9	2.72E+07
3	7	9	0	8	9	2.00E+07
3	7	9	0	9	9	8.34E+07
3	7	9	0	10	9	4.31E+07
3	7	9	0	11	9	5.67E+08
3	7	9	0	12	9	1.79E+06
3	7	10	0	0	10	4.61E+07
3	7	10	0	1	10	7.97E+07
3	7	10	0	2	10	1.21E+07
3	7	10	0	3	10	2.64E+07
3	7	10	0	4	10	5.28E+07
3	7	10	0	5	10	3.85E+03
3	7	10	0	6	10	5.53E+07
3	7	10	0	7	10	2.74E+07
3	7	10	0	8	10	1.78E+07
3	7	10	0	9	10	8.06E+07
3	7	10	0	10	10	6.90E+07
3	7	10	0	11	10	5.55E+08
3	7	10	0	12	10	2.51E+06
3	7	11	0	0	11	4.60E+07
3	7	11	0	1	11	7.79E+07
3	7	11	0	2	11	1.10E+07
3	7	11	0	3	11	2.69E+07
3	7	11	0	4	11	5.12E+07
3	7	11	0	5	11	1.22E+02
3	7	11	0	6	11	5.42E+07
3	7	11	0	7	11	2.76E+07
3	7	11	0	8	11	1.53E+07
3	7	11	0	9	11	7.61E+07
3	7	11	0	10	11	1.08E+08
3	7	11	0	11	11	5.16E+08
3	7	12	0	0	12	4.59E+07
3	7	12	0	1	12	7.59E+07
3	7	12	0	2	12	9.91E+06
3	7	12	0	3	12	2.74E+07
3	7	12	0	4	12	4.94E+07
3	7	12	0	5	12	8.44E+03
3	7	12	0	6	12	5.29E+07
3	7	12	0	7	12	2.78E+07
3	7	12	0	8	12	1.27E+07
3	7	12	0	9	12	6.92E+07
3	7	12	0	10	12	1.65E+08
3	7	12	0	11	12	4.35E+08
3	7	13	0	0	13	4.58E+07
3	7	13	0	1	13	7.37E+07
3	7	13	0	2	13	8.74E+06
3	7	13	0	3	13	2.79E+07
3	7	13	0	4	13	4.75E+07
3	7	13	0	5	13	3.23E+04
3	7	13	0	6	13	5.15E+07
3	7	13	0	7	13	2.80E+07
3	7	13	0	8	13	1.00E+07
3	7	13	0	9	13	5.90E+07
3	7	13	0	10	13	2.46E+08
3	7	14	0	0	14	4.56E+07
3	7	14	0	1	14	7.12E+07
3	7	14	0	2	14	7.53E+06
3	7	14	0	3	14	2.84E+07
3	7	14	0	4	14	4.53E+07
3	7	14	0	5	14	7.52E+04
3	7	14	0	6	14	4.98E+07
3	7	14	0	7	14	2.82E+07
3	7	14	0	8	14	7.38E+06
3	7	14	0	9	14	4.48E+07
3	7	14	0	10	14	3.55E+08
3	7	15	0	0	15	4.53E+07
3	7	15	0	1	15	6.84E+07
3	7	15	0	2	15	6.31E+06
3	7	15	0	3	15	2.88E+07
3	7	15	0	4	15	4.29E+07
3	7	15	0	5	15	1.40E+05
3	7	15	0	6	15	4.80E+07
3	7	15	0	7	15	2.84E+07
3	7	15	0	8	15	4.92E+06
3	7	15	0	9	15	2.67E+07
3	7	15	0	10	15	4.82E+08
3	7	16	0	0	16	4.50E+07
3	7	16	0	1	16	6.52E+07
3	7	16	0	2	16	5.09E+06
3	7	16	0	3	16	2.92E+07
3	7	16	0	4	16	4.02E+07
3	7	16	0	5	16	2.28E+05
3	7	16	0	6	16	4.59E+07
3	7	16	0	7	16	2.85E+07
3	7	16	0	8	16	2.84E+06
3	7	16	0	9	16	7.86E+06
3	7	17	0	0	17	4.44E+07
3	7	17	0	1	17	6.15E+07
3	7	17	0	2	17	3.91E+06
3	7	17	0	3	17	2.95E+07
3	7	17	0	4	17	3.73E+07
3	7	17	0	5	17	3.42E+05
3	7	17	0	6	17	4.34E+07
3	7	17	0	7	17	2.85E+07
3	7	17	0	8	17	1.35E+06
3	7	17	0	9	17	8.38E+05
3	7	18	0	0	18	4.35E+07
3	7	18	0	1	18	5.74E+07
3	7	18	0	2	18	2.79E+06
3	7	18	0	3	18	2.96E+07
3	7	18	0	4	18	3.40E+07
3	7	18	0	5	18	4.80E+05
3	7	18	0	6	18	4.05E+07
3	7	18	0	7	18	2.82E+07
3	7	18	0	8	18	6.14E+05
3	7	19	0	0	19	4.23E+07
3	7	19	0	1	19	5.26E+07
3	7	19	0	2	19	1.79E+06
3	7	19	0	3	19	2.93E+07
3	7	19	0	4	19	3.05E+07
3	7	19	0	5	19	6.42E+05
3	7	19	0	6	19	3.72E+07
3	7	19	0	7	19	2.76E+07
3	7	19	0	8	19	8.10E+05
3	8	1	0	0	1	3.06E+07
3	8	1	0	1	1	7.40E+07
3	8	1	0	2	1	3.20E+07
3	8	1	0	3	1	4.67E+06
3	8	1	0	4	1	5.37E+07
3	8	1	0	5	1	1.51E+07
3	8	1	0	6	1	1.96E+07
3	8	1	0	7	1	5.44E+07
3	8	1	0	8	1	7.29E+05
3	8	1	0	9	1	5.36E+07
3	8	1	0	10	1	4.93E+07
3	8	1	0	11	1	9.34E+05
3	8	1	0	12	1	5.74E+08
3	8	1	0	13	1	3.67E+07
3	8	1	0	14	1	2.49E+07
3	8	2	0	0	2	3.06E+07
3	8	2	0	1	2	7.38E+07
3	8	2	0	2	2	3.17E+07
3	8	2	0	3	2	4.74E+06
3	8	2	0	4	2	5.35E+07
3	8	2	0	5	2	1.49E+07
3	8	2	0	6	2	1.96E+07
3	8	2	0	7	2	5.42E+07
3	8	2	0	8	2	7.70E+05
3	8	2	0	9	2	5.29E+07
3	8	2	0	10	2	4.97E+07
3	8	2	0	11	2	1.73E+06
3	8	2	0	12	2	5.81E+08
3	8	2	0	13	2	2.88E+07
3	8	2	0	14	2	2.18E+07
3	8	3	0	0	3	3.06E+07
3	8	3	0	1	3	7.34E+07
3	8	3	0	2	3	3.13E+07
3	8	3	0	3	3	4.85E+06
3	8	3	0	4	3	5.33E+07
3	8	3	0	5	3	1.46E+07
3	8	3	0	6	3	1.96E+07
3	8	3	0	7	3	5.39E+07
3	8	3	0	8	3	8.32E+05
3	8	3	0	9	3	5.20E+07
3	8	3	0	10	3	5.04E+07
3	8	3	0	11	3	3.42E+06
3	8	3	0	12	3	5.90E+08
3	8	3	0	13	3	1.86E+07
3	8	3	0	14	3	1.66E+07
3	8	4	0	0	4	3.06E+07
3	8	4	0	1	4	7.30E+07
3	8	4	0	2	4	3.07E+07
3	8	4	0	3	4	5.01E+06
3	8	4	0	4	4	5.29E+07
3	8	4	0	5	4	1.43E+07
3	8	4	0	6	4	1.96E+07
3	8	4	0	7	4	5.35E+07
3	8	4	0	8	4	9.18E+05
3	8	4	0	9	4	5.06E+07
3	8	4	0	10	4	5.12E+07
3	8	4	0	11	4	6.70E+06
3	8	4	0	12	4	6.00E+08
3	8	4	0	13	4	8.27E+06
3	8	4	0	14	4	9.30E+06
3	8	5	0	0	5	3.06E+07
3	8	5	0	1	5	7.24E+07
3	8	5	0	2	5	2.99E+07
3	8	5	0	3	5	5.21E+06
3	8	5	0	4	5	5.25E+07
3	8	5	0	5	5	1.39E+07
3	8	5	0	6	5	1.95E+07
3	8	5	0	7	5	5.30E+07
3	8	5	0	8	5	1.03E+06
3	8	5	0	9	5	4.89E+07
3	8	5	0	10	5	5.20E+07
3	8	5	0	11	5	1.26E+07
3	8	5	0	12	5	6.08E+08
3	8	5	0	13	5	1.08E+06
3	8	6	0	0	6	3.06E+07
3	8	6	0	1	6	7.17E+07
3	8	6	0	2	6	2.90E+07
3	8	6	0	3	6	5.45E+06
3	8	6	0	4	6	5.20E+07
3	8	6	0	5	6	1.34E+07
3	8	6	0	6	6	1.95E+07
3	8	6	0	7	6	5.24E+07
3	8	6	0	8	6	1.17E+06
3	8	6	0	9	6	4.68E+07
3	8	6	0	10	6	5.26E+07
3	8	6	0	11	6	2.29E+07
3	8	6	0	12	6	6.08E+08
3	8	6	0	13	6	1.33E+06
3	8	7	0	0	7	3.06E+07
3	8	7	0	1	7	7.09E+07
3	8	7	0	2	7	2.79E+07
3	8	7	0	3	7	5.76E+06
3	8	7	0	4	7	5.14E+07
3	8	7	0	5	7	1.28E+07
3	8	7	0	6	7	1.94E+07
3	8	7	0	7	7	5.16E+07
3	8	7	0	8	7	1.34E+06
3	8	7	0	9	7	4.44E+07
3	8	7	0	10	7	5.27E+07
3	8	7	0	11	7	3.97E+07
3	8	7	0	12	7	5.94E+08
3	8	7	0	13	7	1.25E+07
3	8	8	0	0	8	3.07E+07
3	8	8	0	1	8	6.99E+07
3	8	8	0	2	8	2.67E+07
3	8	8	0	3	8	6.12E+06
3	8	8	0	4	8	5.07E+07
3	8	8	0	5	8	1.21E+07
3	8	8	0	6	8	1.94E+07
3	8	8	0	7	8	5.07E+07
3	8	8	0	8	8	1.55E+06
3	8	8	0	9	8	4.15E+07
3	8	8	0	10	8	5.20E+07
3	8	8	0	11	8	6.67E+07
3	8	8	0	12	8	5.56E+08
3	8	9	0	0	9	3.08E+07
3	8	9	0	1	9	6.83E+07
3	8	9	0	2	9	2.56E+07
3	8	9	0	3	9	6.65E+06
3	8	9	0	4	9	4.97E+07
3	8	9	0	5	9	1.14E+07
3	8	9	0	6	9	1.94E+07
3	8	9	0	7	9	4.97E+07
3	8	9	0	8	9	1.80E+06
3	8	9	0	9	9	3.83E+07
3	8	9	0	10	9	4.99E+07
3	8	9	0	11	9	1.08E+08
3	8	9	0	12	9	4.80E+08
3	8	10	0	0	10	3.06E+07
3	8	10	0	1	10	6.74E+07
3	8	10	0	2	10	2.38E+07
3	8	10	0	3	10	7.03E+06
3	8	10	0	4	10	4.88E+07
3	8	10	0	5	10	1.05E+07
3	8	10	0	6	10	1.93E+07
3	8	10	0	7	10	4.85E+07
3	8	10	0	8	10	2.10E+06
3	8	10	0	9	10	3.46E+07
3	8	10	0	10	10	4.57E+07
3	8	10	0	11	10	1.71E+08
3	8	10	0	12	10	3.52E+08
3	8	11	0	0	11	3.06E+07
3	8	11	0	1	11	6.58E+07
3	8	11	0	2	11	2.21E+07
3	8	11	0	3	11	7.59E+06
3	8	11	0	4	11	4.77E+07
3	8	11	0	5	11	9.61E+06
3	8	11	0	6	11	1.92E+07
3	8	11	0	7	11	4.71E+07
3	8	11	0	8	11	2.47E+06
3	8	11	0	9	11	3.05E+07
3	8	11	0	10	11	3.87E+07
3	8	11	0	11	11	2.59E+08
3	8	12	0	0	12	3.05E+07
3	8	12	0	1	12	6.40E+07
3	8	12	0	2	12	2.02E+07
3	8	12	0	3	12	8.22E+06
3	8	12	0	4	12	4.63E+07
3	8	12	0	5	12	8.63E+06
3	8	12	0	6	12	1.91E+07
3	8	12	0	7	12	4.55E+07
3	8	12	0	8	12	2.90E+06
3	8	12	0	9	12	2.62E+07
3	8	12	0	10	12	2.80E+07
3	8	12	0	11	12	3.74E+08
3	8	13	0	0	13	3.04E+07
3	8	13	0	1	13	6.19E+07
3	8	13	0	2	13	1.82E+07
3	8	13	0	3	13	8.92E+06
3	8	13	0	4	13	4.47E+07
3	8	13	0	5	13	7.58E+06
3	8	13	0	6	13	1.89E+07
3	8	13	0	7	13	4.38E+07
3	8	13	0	8	13	3.41E+06
3	8	13	0	9	13	2.17E+07
3	8	13	0	10	13	1.42E+07
3	8	14	0	0	14	3.02E+07
3	8	14	0	1	14	5.95E+07
3	8	14	0	2	14	1.61E+07
3	8	14	0	3	14	9.67E+06
3	8	14	0	4	14	4.28E+07
3	8	14	0	5	14	6.50E+06
3	8	14	0	6	14	1.87E+07
3	8	14	0	7	14	4.17E+07
3	8	14	0	8	14	4.00E+06
3	8	14	0	9	14	1.74E+07
3	8	14	0	10	14	1.67E+06
3	8	15	0	0	15	2.99E+07
3	8	15	0	1	15	5.67E+07
3	8	15	0	2	15	1.39E+07
3	8	15	0	3	15	1.05E+07
3	8	15	0	4	15	4.06E+07
3	8	15	0	5	15	5.40E+06
3	8	15	0	6	15	1.84E+07
3	8	15	0	7	15	3.94E+07
3	8	15	0	8	15	4.68E+06
3	8	15	0	9	15	1.37E+07
3	8	15	0	10	15	7.36E+06
3	8	16	0	0	16	2.93E+07
3	8	16	0	1	16	5.33E+07
3	8	16	0	2	16	1.16E+07
3	8	16	0	3	16	1.13E+07
3	8	16	0	4	16	3.79E+07
3	8	16	0	5	16	4.29E+06
3	8	16	0	6	16	1.79E+07
3	8	16	0	7	16	3.67E+07
3	8	16	0	8	16	5.43E+06
3	8	16	0	9	16	1.16E+07
3	8	17	0	0	17	2.85E+07
3	8	17	0	1	17	4.93E+07
3	8	17	0	2	17	9.29E+06
3	8	17	0	3	17	1.20E+07
3	8	17	0	4	17	3.48E+07
3	8	17	0	5	17	3.21E+06
3	8	17	0	6	17	1.72E+07
3	8	17	0	7	17	3.36E+07
3	8	17	0	8	17	6.24E+06
3	8	17	0	9	17	1.37E+07
3	9	1	0	0	1	1.88E+07
3	9	1	0	1	1	6.12E+07
3	9	1	0	2	1	3.96E+07
3	9	1	0	3	1	1.16E+04
3	9	1	0	4	1	3.29E+07
3	9	1	0	5	1	3.26E+07
3	9	1	0	6	1	1.19E+06
3	9	1	0	7	1	4.27E+07
3	9	1	0	8	1	2.19E+07
3	9	1	0	9	1	6.94E+06
3	9	1	0	10	1	5.51E+07
3	9	1	0	11	1	2.27E+07
3	9	1	0	12	1	2.15E+07
3	9	1	0	13	1	6.17E+08
3	9	1	0	14	1	2.60E+07
3	9	2	0	0	2	2.02E+07
3	9	2	0	1	2	5.87E+07
3	9	2	0	2	2	3.93E+07
3	9	2	0	3	2	9.53E+01
3	9	2	0	4	2	3.51E+07
3	9	2	0	5	2	3.07E+07
3	9	2	0	6	2	1.07E+06
3	9	2	0	7	2	4.28E+07
3	9	2	0	8	2	2.18E+07
3	9	2	0	9	2	6.74E+06
3	9	2	0	10	2	5.45E+07
3	9	2	0	11	2	2.31E+07
3	9	2	0	12	2	2.68E+07
3	9	2	0	13	2	6.07E+08
3	9	2	0	14	2	3.26E+07
3	9	3	0	0	3	2.02E+07
3	9	3	0	1	3	5.84E+07
3	9	3	0	2	3	3.88E+07
3	9	3	0	3	3	5.61E+02
3	9	3	0	4	3	3.51E+07
3	9	3	0	5	3	3.02E+07
3	9	3	0	6	3	1.11E+06
3	9	3	0	7	3	4.25E+07
3	9	3	0	8	3	2.17E+07
3	9	3	0	9	3	6.44E+06
3	9	3	0	10	3	5.37E+07
3	9	3	0	11	3	2.34E+07
3	9	3	0	12	3	3.61E+07
3	9	3	0	13	3	5.87E+08
3	9	3	0	14	3	4.10E+07
3	9	4	0	0	4	2.03E+07
3	9	4	0	1	4	5.80E+07
3	9	4	0	2	4	3.81E+07
3	9	4	0	3	4	5.46E+03
3	9	4	0	4	4	3.51E+07
3	9	4	0	5	4	2.96E+07
3	9	4	0	6	4	1.17E+06
3	9	4	0	7	4	4.21E+07
3	9	4	0	8	4	2.16E+07
3	9	4	0	9	4	6.05E+06
3	9	4	0	10	4	5.25E+07
3	9	4	0	11	4	2.38E+07
3	9	4	0	12	4	5.12E+07
3	9	4	0	13	4	5.53E+08
3	9	4	0	14	4	4.43E+07
3	9	5	0	0	5	2.03E+07
3	9	5	0	1	5	5.75E+07
3	9	5	0	2	5	3.72E+07
3	9	5	0	3	5	1.93E+04
3	9	5	0	4	5	3.50E+07
3	9	5	0	5	5	2.89E+07
3	9	5	0	6	5	1.24E+06
3	9	5	0	7	5	4.16E+07
3	9	5	0	8	5	2.14E+07
3	9	5	0	9	5	5.58E+06
3	9	5	0	10	5	5.09E+07
3	9	5	0	11	5	2.38E+07
3	9	5	0	12	5	7.48E+07
3	9	5	0	13	5	4.95E+08
3	9	6	0	0	6	2.03E+07
3	9	6	0	1	6	5.69E+07
3	9	6	0	2	6	3.61E+07
3	9	6	0	3	6	4.79E+04
3	9	6	0	4	6	3.49E+07
3	9	6	0	5	6	2.80E+07
3	9	6	0	6	6	1.35E+06
3	9	6	0	7	6	4.10E+07
3	9	6	0	8	6	2.12E+07
3	9	6	0	9	6	5.03E+06
3	9	6	0	10	6	4.90E+07
3	9	6	0	11	6	2.33E+07
3	9	6	0	12	6	1.11E+08
3	9	6	0	13	6	4.06E+08
3	9	7	0	0	7	2.03E+07
3	9	7	0	1	7	5.61E+07
3	9	7	0	2	7	3.48E+07
3	9	7	0	3	7	9.85E+04
3	9	7	0	4	7	3.47E+07
3	9	7	0	5	7	2.69E+07
3	9	7	0	6	7	1.47E+06
3	9	7	0	7	7	4.03E+07
3	9	7	0	8	7	2.09E+07
3	9	7	0	9	7	4.43E+06
3	9	7	0	10	7	4.67E+07
3	9	7	0	11	7	2.18E+07
3	9	7	0	12	7	1.63E+08
3	9	7	0	13	7	2.79E+08
3	9	8	0	0	8	2.03E+07
3	9	8	0	1	8	5.52E+07
3	9	8	0	2	8	3.33E+07
3	9	8	0	3	8	1.80E+05
3	9	8	0	4	8	3.45E+07
3	9	8	0	5	8	2.57E+07
3	9	8	0	6	8	1.63E+06
3	9	8	0	7	8	3.95E+07
3	9	8	0	8	8	2.05E+07
3	9	8	0	9	8	3.79E+06
3	9	8	0	10	8	4.38E+07
3	9	8	0	11	8	1.87E+07
3	9	8	0	12	8	2.37E+08
3	9	9	0	0	9	2.02E+07
3	9	9	0	1	9	5.42E+07
3	9	9	0	2	9	3.15E+07
3	9	9	0	3	9	3.03E+05
3	9	9	0	4	9	3.42E+07
3	9	9	0	5	9	2.42E+07
3	9	9	0	6	9	1.82E+06
3	9	9	0	7	9	3.85E+07
3	9	9	0	8	9	2.01E+07
3	9	9	0	9	9	3.11E+06
3	9	9	0	10	9	4.06E+07
3	9	9	0	11	9	1.38E+07
3	9	9	0	12	9	3.32E+08
3	9	10	0	0	10	2.02E+07
3	9	10	0	1	10	5.29E+07
3	9	10	0	2	10	2.96E+07
3	9	10	0	3	10	4.80E+05
3	9	10	0	4	10	3.39E+07
3	9	10	0	5	10	2.26E+07
3	9	10	0	6	10	2.05E+06
3	9	10	0	7	10	3.74E+07
3	9	10	0	8	10	1.96E+07
3	9	10	0	9	10	2.43E+06
3	9	10	0	10	10	3.69E+07
3	9	10	0	11	10	6.98E+06
3	9	10	0	12	10	4.30E+08
3	9	11	0	0	11	2.01E+07
3	9	11	0	1	11	5.14E+07
3	9	11	0	2	11	2.74E+07
3	9	11	0	3	11	7.23E+05
3	9	11	0	4	11	3.33E+07
3	9	11	0	5	11	2.09E+07
3	9	11	0	6	11	2.31E+06
3	9	11	0	7	11	3.60E+07
3	9	11	0	8	11	1.89E+07
3	9	11	0	9	11	1.77E+06
3	9	11	0	10	11	3.30E+07
3	9	11	0	11	11	7.54E+05
3	9	12	0	0	12	2.00E+07
3	9	12	0	1	12	4.96E+07
3	9	12	0	2	12	2.51E+07
3	9	12	0	3	12	1.04E+06
3	9	12	0	4	12	3.26E+07
3	9	12	0	5	12	1.89E+07
3	9	12	0	6	12	2.62E+06
3	9	12	0	7	12	3.45E+07
3	9	12	0	8	12	1.82E+07
3	9	12	0	9	12	1.15E+06
3	9	12	0	10	12	2.92E+07
3	9	12	0	11	12	4.05E+06
3	9	13	0	0	13	1.97E+07
3	9	13	0	1	13	4.75E+07
3	9	13	0	2	13	2.24E+07
3	9	13	0	3	13	1.45E+06
3	9	13	0	4	13	3.17E+07
3	9	13	0	5	13	1.68E+07
3	9	13	0	6	13	2.96E+06
3	9	13	0	7	13	3.27E+07
3	9	13	0	8	13	1.73E+07
3	9	13	0	9	13	6.21E+05
3	9	13	0	10	13	2.64E+07
3	9	14	0	0	14	1.93E+07
3	9	14	0	1	14	4.48E+07
3	9	14	0	2	14	1.96E+07
3	9	14	0	3	14	1.96E+06
3	9	14	0	4	14	3.03E+07
3	9	14	0	5	14	1.45E+07
3	9	14	0	6	14	3.34E+06
3	9	14	0	7	14	3.06E+07
3	9	14	0	8	14	1.62E+07
3	9	14	0	9	14	2.24E+05
3	9	14	0	10	14	2.65E+07
3	9	15	0	0	15	1.87E+07
3	9	15	0	1	15	4.15E+07
3	9	15	0	2	15	1.65E+07
3	9	15	0	3	15	2.54E+06
3	9	15	0	4	15	2.85E+07
3	9	15	0	5	15	1.20E+07
3	9	15	0	6	15	3.72E+06
3	9	15	0	7	15	2.80E+07
3	9	15	0	8	15	1.48E+07
3	9	15	0	9	15	1.52E+04
3	9	15	0	10	15	3.63E+07
3	10	1	0	0	1	1.34E+07
3	10	1	0	1	1	4.46E+07
3	10	1	0	2	1	4.02E+07
3	10	1	0	3	1	2.44E+06
3	10	1	0	4	1	1.85E+07
3	10	1	0	5	1	3.46E+07
3	10	1	0	6	1	2.16E+06
3	10	1	0	7	1	2.04E+07
3	10	1	0	8	1	3.41E+07
3	10	1	0	9	1	1.44E+06
3	10	1	0	10	1	2.15E+07
3	10	1	0	11	1	4.15E+07
3	10	1	0	12	1	4.80E+06
3	10	1	0	13	1	1.58E+08
3	10	1	0	14	1	2.18E+08
3	10	2	0	0	2	1.34E+07
3	10	2	0	1	2	4.44E+07
3	10	2	0	2	2	3.98E+07
3	10	2	0	3	2	2.34E+06
3	10	2	0	4	2	1.86E+07
3	10	2	0	5	2	3.43E+07
3	10	2	0	6	2	2.08E+06
3	10	2	0	7	2	2.04E+07
3	10	2	0	8	2	3.39E+07
3	10	2	0	9	2	1.46E+06
3	10	2	0	10	2	2.11E+07
3	10	2	0	11	2	4.12E+07
3	10	2	0	12	2	4.56E+06
3	10	2	0	13	2	1.78E+08
3	10	2	0	14	2	1.77E+08
3	10	3	0	0	3	1.34E+07
3	10	3	0	1	3	4.41E+07
3	10	3	0	2	3	3.93E+07
3	10	3	0	3	3	2.19E+06
3	10	3	0	4	3	1.86E+07
3	10	3	0	5	3	3.38E+07
3	10	3	0	6	3	1.96E+06
3	10	3	0	7	3	2.03E+07
3	10	3	0	8	3	3.35E+07
3	10	3	0	9	3	1.49E+06
3	10	3	0	10	3	2.04E+07
3	10	3	0	11	3	4.07E+07
3	10	3	0	12	3	4.10E+06
3	10	3	0	13	3	2.09E+08
3	10	3	0	14	3	1.19E+08
3	10	4	0	0	4	1.34E+07
3	10	4	0	1	4	4.38E+07
3	10	4	0	2	4	3.85E+07
3	10	4	0	3	4	2.00E+06
3	10	4	0	4	4	1.87E+07
3	10	4	0	5	4	3.32E+07
3	10	4	0	6	4	1.80E+06
3	10	4	0	7	4	2.02E+07
3	10	4	0	8	4	3.29E+07
3	10	4	0	9	4	1.52E+06
3	10	4	0	10	4	1.95E+07
3	10	4	0	11	4	4.01E+07
3	10	4	0	12	4	3.33E+06
3	10	4	0	13	4	2.53E+08
3	10	4	0	14	4	5.22E+07
3	10	5	0	0	5	1.34E+07
3	10	5	0	1	5	4.33E+07
3	10	5	0	2	5	3.75E+07
3	10	5	0	3	5	1.76E+06
3	10	5	0	4	5	1.89E+07
3	10	5	0	5	5	3.24E+07
3	10	5	0	6	5	1.60E+06
3	10	5	0	7	5	2.01E+07
3	10	5	0	8	5	3.22E+07
3	10	5	0	9	5	1.57E+06
3	10	5	0	10	5	1.83E+07
3	10	5	0	11	5	3.91E+07
3	10	5	0	12	5	2.18E+06
3	10	5	0	13	5	3.10E+08
3	10	6	0	0	6	1.33E+07
3	10	6	0	1	6	4.27E+07
3	10	6	0	2	6	3.62E+07
3	10	6	0	3	6	1.50E+06
3	10	6	0	4	6	1.90E+07
3	10	6	0	5	6	3.14E+07
3	10	6	0	6	6	1.38E+06
3	10	6	0	7	6	2.00E+07
3	10	6	0	8	6	3.14E+07
3	10	6	0	9	6	1.61E+06
3	10	6	0	10	6	1.70E+07
3	10	6	0	11	6	3.79E+07
3	10	6	0	12	6	7.88E+05
3	10	6	0	13	6	3.73E+08
3	10	7	0	0	7	1.33E+07
3	10	7	0	1	7	4.20E+07
3	10	7	0	2	7	3.48E+07
3	10	7	0	3	7	1.21E+06
3	10	7	0	4	7	1.92E+07
3	10	7	0	5	7	3.02E+07
3	10	7	0	6	7	1.14E+06
3	10	7	0	7	7	1.99E+07
3	10	7	0	8	7	3.03E+07
3	10	7	0	9	7	1.66E+06
3	10	7	0	10	7	1.55E+07
3	10	7	0	11	7	3.65E+07
3	10	7	0	12	7	4.87E+03
3	10	7	0	13	7	4.20E+08
3	10	8	0	0	8	1.33E+07
3	10	8	0	1	8	4.11E+07
3	10	8	0	2	8	3.30E+07
3	10	8	0	3	8	9.15E+05
3	10	8	0	4	8	1.93E+07
3	10	8	0	5	8	2.87E+07
3	10	8	0	6	8	8.79E+05
3	10	8	0	7	8	1.97E+07
3	10	8	0	8	8	2.91E+07
3	10	8	0	9	8	1.70E+06
3	10	8	0	10	8	1.38E+07
3	10	8	0	11	8	3.49E+07
3	10	8	0	12	8	2.55E+06
3	10	9	0	0	9	1.31E+07
3	10	9	0	1	9	4.01E+07
3	10	9	0	2	9	3.10E+07
3	10	9	0	3	9	6.18E+05
3	10	9	0	4	9	1.93E+07
3	10	9	0	5	9	2.71E+07
3	10	9	0	6	9	6.19E+05
3	10	9	0	7	9	1.94E+07
3	10	9	0	8	9	2.77E+07
3	10	9	0	9	9	1.74E+06
3	10	9	0	10	9	1.19E+07
3	10	9	0	11	9	3.34E+07
3	10	9	0	12	9	1.58E+07
3	10	10	0	0	10	1.30E+07
3	10	10	0	1	10	3.87E+07
3	10	10	0	2	10	2.88E+07
3	10	10	0	3	10	3.62E+05
3	10	10	0	4	10	1.94E+07
3	10	10	0	5	10	2.51E+07
3	10	10	0	6	10	3.83E+05
3	10	10	0	7	10	1.90E+07
3	10	10	0	8	10	2.60E+07
3	10	10	0	9	10	1.76E+06
3	10	10	0	10	10	9.96E+06
3	10	10	0	11	10	3.25E+07
3	10	10	0	12	10	5.80E+07
3	10	11	0	0	11	1.28E+07
3	10	11	0	1	11	3.69E+07
3	10	11	0	2	11	2.62E+07
3	10	11	0	3	11	1.55E+05
3	10	11	0	4	11	1.92E+07
3	10	11	0	5	11	2.29E+07
3	10	11	0	6	11	1.84E+05
3	10	11	0	7	11	1.85E+07
3	10	11	0	8	11	2.41E+07
3	10	11	0	9	11	1.77E+06
3	10	11	0	10	11	7.91E+06
3	10	11	0	11	11	3.38E+07
3	10	12	0	0	12	1.24E+07
3	10	12	0	1	12	3.48E+07
3	10	12	0	2	12	2.32E+07
3	10	12	0	3	12	2.74E+04
3	10	12	0	4	12	1.89E+07
3	10	12	0	5	12	2.03E+07
3	10	12	0	6	12	4.79E+04
3	10	12	0	7	12	1.78E+07
3	10	12	0	8	12	2.19E+07
3	10	12	0	9	12	1.74E+06
3	10	12	0	10	12	5.84E+06
3	10	12	0	11	12	4.15E+07
3	10	13	0	0	13	1.18E+07
3	10	13	0	1	13	3.19E+07
3	10	13	0	2	13	1.99E+07
3	10	13	0	3	13	6.31E+03
3	10	13	0	4	13	1.81E+07
3	10	13	0	5	13	1.74E+07
3	10	13	0	6	13	1.09E+02
3	10	13	0	7	13	1.67E+07
3	10	13	0	8	13	1.92E+07
3	10	13	0	9	13	1.67E+06
3	10	13	0	10	13	3.78E+06
3	11	1	0	0	1	8.68E+06
3	11	1	0	1	1	3.22E+07
3	11	1	0	2	1	3.55E+07
3	11	1	0	3	1	5.86E+06
3	11	1	0	4	1	7.93E+06
3	11	1	0	5	1	2.90E+07
3	11	1	0	6	1	8.13E+06
3	11	1	0	7	1	6.04E+06
3	11	1	0	8	1	2.90E+07
3	11	1	0	9	1	1.05E+07
3	11	1	0	10	1	2.88E+06
3	11	1	0	11	1	2.59E+07
3	11	1	0	12	1	2.62E+07
3	11	1	0	13	1	8.35E+06
3	11	1	0	14	1	3.91E+08
3	11	2	0	0	2	8.68E+06
3	11	2	0	1	2	3.20E+07
3	11	2	0	2	2	3.50E+07
3	11	2	0	3	2	5.68E+06
3	11	2	0	4	2	8.01E+06
3	11	2	0	5	2	2.87E+07
3	11	2	0	6	2	7.89E+06
3	11	2	0	7	2	6.09E+06
3	11	2	0	8	2	2.87E+07
3	11	2	0	9	2	1.04E+07
3	11	2	0	10	2	2.79E+06
3	11	2	0	11	2	2.53E+07
3	11	2	0	12	2	2.63E+07
3	11	2	0	13	2	1.09E+07
3	11	2	0	14	2	3.83E+08
3	11	3	0	0	3	8.66E+06
3	11	3	0	1	3	3.17E+07
3	11	3	0	2	3	3.44E+07
3	11	3	0	3	3	5.39E+06
3	11	3	0	4	3	8.13E+06
3	11	3	0	5	3	2.83E+07
3	11	3	0	6	3	7.53E+06
3	11	3	0	7	3	6.17E+06
3	11	3	0	8	3	2.82E+07
3	11	3	0	9	3	1.02E+07
3	11	3	0	10	3	2.66E+06
3	11	3	0	11	3	2.44E+07
3	11	3	0	12	3	2.64E+07
3	11	3	0	13	3	1.58E+07
3	11	3	0	14	3	3.53E+08
3	11	4	0	0	4	8.63E+06
3	11	4	0	1	4	3.13E+07
3	11	4	0	2	4	3.35E+07
3	11	4	0	3	4	5.01E+06
3	11	4	0	4	4	8.29E+06
3	11	4	0	5	4	2.77E+07
3	11	4	0	6	4	7.07E+06
3	11	4	0	7	4	6.28E+06
3	11	4	0	8	4	2.77E+07
3	11	4	0	9	4	9.89E+06
3	11	4	0	10	4	2.50E+06
3	11	4	0	11	4	2.33E+07
3	11	4	0	12	4	2.66E+07
3	11	4	0	13	4	2.52E+07
3	11	4	0	14	4	2.67E+08
3	11	5	0	0	5	8.58E+06
3	11	5	0	1	5	3.08E+07
3	11	5	0	2	5	3.24E+07
3	11	5	0	3	5	4.55E+06
3	11	5	0	4	5	8.48E+06
3	11	5	0	5	5	2.70E+07
3	11	5	0	6	5	6.51E+06
3	11	5	0	7	5	6.41E+06
3	11	5	0	8	5	2.69E+07
3	11	5	0	9	5	9.51E+06
3	11	5	0	10	5	2.30E+06
3	11	5	0	11	5	2.18E+07
3	11	5	0	12	5	2.70E+07
3	11	5	0	13	5	4.33E+07
3	11	6	0	0	6	8.51E+06
3	11	6	0	1	6	3.01E+07
3	11	6	0	2	6	3.10E+07
3	11	6	0	3	6	4.01E+06
3	11	6	0	4	6	8.70E+06
3	11	6	0	5	6	2.60E+07
3	11	6	0	6	6	5.84E+06
3	11	6	0	7	6	6.57E+06
3	11	6	0	8	6	2.59E+07
3	11	6	0	9	6	9.04E+06
3	11	6	0	10	6	2.07E+06
3	11	6	0	11	6	2.01E+07
3	11	6	0	12	6	2.78E+07
3	11	6	0	13	6	7.79E+07
3	11	7	0	0	7	8.40E+06
3	11	7	0	1	7	2.92E+07
3	11	7	0	2	7	2.93E+07
3	11	7	0	3	7	3.41E+06
3	11	7	0	4	7	8.93E+06
3	11	7	0	5	7	2.48E+07
3	11	7	0	6	7	5.09E+06
3	11	7	0	7	7	6.75E+06
3	11	7	0	8	7	2.48E+07
3	11	7	0	9	7	8.47E+06
3	11	7	0	10	7	1.83E+06
3	11	7	0	11	7	1.80E+07
3	11	7	0	12	7	2.97E+07
3	11	7	0	13	7	1.42E+08
3	11	8	0	0	8	8.23E+06
3	11	8	0	1	8	2.81E+07
3	11	8	0	2	8	2.72E+07
3	11	8	0	3	8	2.77E+06
3	11	8	0	4	8	9.14E+06
3	11	8	0	5	8	2.33E+07
3	11	8	0	6	8	4.26E+06
3	11	8	0	7	8	6.92E+06
3	11	8	0	8	8	2.33E+07
3	11	8	0	9	8	7.79E+06
3	11	8	0	10	8	1.57E+06
3	11	8	0	11	8	1.57E+07
3	11	8	0	12	8	3.40E+07
3	11	9	0	0	9	7.99E+06
3	11	9	0	1	9	2.66E+07
3	11	9	0	2	9	2.48E+07
3	11	9	0	3	9	2.11E+06
3	11	9	0	4	9	9.29E+06
3	11	9	0	5	9	2.15E+07
3	11	9	0	6	9	3.39E+06
3	11	9	0	7	9	7.05E+06
3	11	9	0	8	9	2.16E+07
3	11	9	0	9	9	6.99E+06
3	11	9	0	10	9	1.31E+06
3	11	9	0	11	9	1.31E+07
3	11	9	0	12	9	4.46E+07
3	11	10	0	0	10	7.62E+06
3	11	10	0	1	10	2.47E+07
3	11	10	0	2	10	2.20E+07
3	11	10	0	3	10	1.46E+06
3	11	10	0	4	10	9.30E+06
3	11	10	0	5	10	1.92E+07
3	11	10	0	6	10	2.49E+06
3	11	10	0	7	10	7.10E+06
3	11	10	0	8	10	1.95E+07
3	11	10	0	9	10	6.04E+06
3	11	10	0	10	10	1.04E+06
3	11	10	0	11	10	1.02E+07
3	11	10	0	12	10	7.51E+07
3	12	1	0	0	1	5.39E+06
3	12	1	0	1	1	2.14E+07
3	12	1	0	2	1	2.70E+07
3	12	1	0	3	1	7.19E+06
3	12	1	0	4	1	2.75E+06
3	12	1	0	5	1	1.99E+07
3	12	1	0	6	1	1.05E+07
3	12	1	0	7	1	8.58E+05
3	12	1	0	8	1	1.78E+07
3	12	1	0	9	1	1.41E+07
3	12	1	0	10	1	5.86E+04
3	12	1	0	11	1	1.02E+07
3	12	1	0	12	1	1.85E+07
3	12	1	0	13	1	2.23E+07
3	12	1	0	14	1	2.34E+08
3	12	2	0	0	2	5.35E+06
3	12	2	0	1	2	2.12E+07
3	12	2	0	2	2	2.65E+07
3	12	2	0	3	2	6.92E+06
3	12	2	0	4	2	2.82E+06
3	12	2	0	5	2	1.96E+07
3	12	2	0	6	2	1.01E+07
3	12	2	0	7	2	9.08E+05
3	12	2	0	8	2	1.76E+07
3	12	2	0	9	2	1.38E+07
3	12	2	0	10	2	5.50E+04
3	12	2	0	11	2	9.87E+06
3	12	2	0	12	2	1.79E+07
3	12	2	0	13	2	2.39E+07
3	12	2	0	14	2	2.62E+08
3	12	3	0	0	3	5.29E+06
3	12	3	0	1	3	2.08E+07
3	12	3	0	2	3	2.57E+07
3	12	3	0	3	3	6.51E+06
3	12	3	0	4	3	2.91E+06
3	12	3	0	5	3	1.92E+07
3	12	3	0	6	3	9.62E+06
3	12	3	0	7	3	9.85E+05
3	12	3	0	8	3	1.72E+07
3	12	3	0	9	3	1.32E+07
3	12	3	0	10	3	4.94E+04
3	12	3	0	11	3	9.41E+06
3	12	3	0	12	3	1.71E+07
3	12	3	0	13	3	2.68E+07
3	12	3	0	14	3	3.00E+08
3	12	4	0	0	4	5.20E+06
3	12	4	0	1	4	2.02E+07
3	12	4	0	2	4	2.46E+07
3	12	4	0	3	4	5.97E+06
3	12	4	0	4	4	3.04E+06
3	12	4	0	5	4	1.86E+07
3	12	4	0	6	4	8.91E+06
3	12	4	0	7	4	1.09E+06
3	12	4	0	8	4	1.67E+07
3	12	4	0	9	4	1.25E+07
3	12	4	0	10	4	4.19E+04
3	12	4	0	11	4	8.81E+06
3	12	4	0	12	4	1.60E+07
3	12	4	0	13	4	3.19E+07
3	12	4	0	14	4	3.17E+08
3	12	5	0	0	5	5.07E+06
3	12	5	0	1	5	1.94E+07
3	12	5	0	2	5	2.32E+07
3	12	5	0	3	5	5.31E+06
3	12	5	0	4	5	3.18E+06
3	12	5	0	5	5	1.78E+07
3	12	5	0	6	5	8.03E+06
3	12	5	0	7	5	1.22E+06
3	12	5	0	8	5	1.61E+07
3	12	5	0	9	5	1.16E+07
3	12	5	0	10	5	3.25E+04
3	12	5	0	11	5	8.07E+06
3	12	5	0	12	5	1.45E+07
3	12	5	0	13	5	4.17E+07
3	12	6	0	0	6	4.83E+06
3	12	6	0	1	6	1.84E+07
3	12	6	0	2	6	2.15E+07
3	12	6	0	3	6	4.51E+06
3	12	6	0	4	6	3.33E+06
3	12	6	0	5	6	1.66E+07
3	12	6	0	6	6	7.05E+06
3	12	6	0	7	6	1.39E+06
3	12	6	0	8	6	1.51E+07
3	12	6	0	9	6	1.05E+07
3	12	6	0	10	6	2.19E+04
3	12	6	0	11	6	7.20E+06
3	12	6	0	12	6	1.26E+07
3	12	6	0	13	6	6.19E+07
3	12	7	0	0	7	4.57E+06
3	12	7	0	1	7	1.70E+07
3	12	7	0	2	7	1.91E+07
3	12	7	0	3	7	3.66E+06
3	12	7	0	4	7	3.43E+06
3	12	7	0	5	7	1.52E+07
3	12	7	0	6	7	5.80E+06
3	12	7	0	7	7	1.55E+06
3	12	7	0	8	7	1.39E+07
3	12	7	0	9	7	9.11E+06
3	12	7	0	10	7	1.12E+04
3	12	7	0	11	7	6.18E+06
3	12	7	0	12	7	1.03E+07
3	12	7	0	13	7	1.11E+08
3	13	1	0	0	1	2.64E+06
3	13	1	0	1	1	1.10E+07
3	13	1	0	2	1	1.50E+07
3	13	1	0	3	1	5.10E+06
3	13	1	0	4	1	7.26E+05
3	13	1	0	5	1	9.99E+06
3	13	1	0	6	1	7.37E+06
3	13	1	0	7	1	1.15E+04
3	13	1	0	8	1	7.85E+06
3	13	1	0	9	1	9.47E+06
3	13	1	0	10	1	8.96E+05
3	13	1	0	11	1	2.71E+06
3	13	1	0	12	1	8.54E+06
3	13	1	0	13	1	6.89E+06
3	13	1	0	14	1	1.32E+08
3	13	2	0	0	2	2.54E+06
3	13	2	0	1	2	1.05E+07
3	13	2	0	2	2	1.42E+07
3	13	2	0	3	2	4.72E+06
3	13	2	0	4	2	7.47E+05
3	13	2	0	5	2	9.55E+06
3	13	2	0	6	2	6.87E+06
3	13	2	0	7	2	2.08E+04
3	13	2	0	8	2	7.55E+06
3	13	2	0	9	2	8.90E+06
3	13	2	0	10	2	8.07E+05
3	13	2	0	11	2	2.58E+06
3	13	2	0	12	2	7.99E+06
3	13	2	0	13	2	6.33E+06
3	13	2	0	14	2	1.64E+08


