2 4 29 // magic number - today's date
#
# this file gives the vibration, rotation, transition probability, of all 
# levels within the D minus electronic state of molecular hydrogen
# data are taken from
#>>refer	H2	As	Abgrall, H., Roueff, E., & Drira, I. 2000, A&AS, 141, 297-300
#
# Any line starting with a #
# is interpreted as a comment and ignored.  The same magic number
# appears at the start and end of the file.
#
#EU	VU	JU	EL	VL	JL	A (s-1) T
6	0	1	0	0	1	3.81E+07
6	0	1	0	1	1	1.06E+08
6	0	1	0	2	1	1.18E+08
6	0	1	0	3	1	6.76E+07
6	0	1	0	4	1	2.10E+07
6	0	1	0	5	1	3.41E+06
6	0	1	0	6	1	2.57E+05
6	0	1	0	7	1	5.47E+03
6	0	1	0	8	1	1.39E+01
6	0	1	0	9	1	2.68E-02
6	0	1	0	10	1	1.16E-01
6	0	1	0	11	1	2.98E+00
6	0	1	0	12	1	4.27E+00
6	0	1	0	13	1	2.21E-01
6	0	1	0	14	1	1.57E-03
6	0	2	0	0	2	3.80E+07
6	0	2	0	1	2	1.06E+08
6	0	2	0	2	2	1.18E+08
6	0	2	0	3	2	6.77E+07
6	0	2	0	4	2	2.10E+07
6	0	2	0	5	2	3.40E+06
6	0	2	0	6	2	2.54E+05
6	0	2	0	7	2	5.27E+03
6	0	2	0	8	2	1.52E+01
6	0	2	0	9	2	5.65E-03
6	0	2	0	10	2	1.14E-01
6	0	2	0	11	2	2.41E+00
6	0	2	0	12	2	3.85E+00
6	0	2	0	13	2	2.22E-01
6	0	2	0	14	2	3.27E-03
6	0	3	0	0	3	3.78E+07
6	0	3	0	1	3	1.06E+08
6	0	3	0	2	3	1.18E+08
6	0	3	0	3	3	6.77E+07
6	0	3	0	4	3	2.10E+07
6	0	3	0	5	3	3.38E+06
6	0	3	0	6	3	2.49E+05
6	0	3	0	7	3	4.96E+03
6	0	3	0	8	3	1.74E+01
6	0	3	0	9	3	8.77E-04
6	0	3	0	10	3	1.21E-01
6	0	3	0	11	3	1.85E+00
6	0	3	0	12	3	3.46E+00
6	0	3	0	13	3	2.29E-01
6	0	3	0	14	3	6.14E-03
6	0	4	0	0	4	3.77E+07
6	0	4	0	1	4	1.06E+08
6	0	4	0	2	4	1.18E+08
6	0	4	0	3	4	6.77E+07
6	0	4	0	4	4	2.10E+07
6	0	4	0	5	4	3.36E+06
6	0	4	0	6	4	2.44E+05
6	0	4	0	7	4	4.57E+03
6	0	4	0	8	4	2.05E+01
6	0	4	0	9	4	2.30E-02
6	0	4	0	10	4	1.34E-01
6	0	4	0	11	4	1.33E+00
6	0	4	0	12	4	3.02E+00
6	0	4	0	13	4	2.36E-01
6	0	4	0	14	4	8.86E-03
6	0	5	0	0	5	3.74E+07
6	0	5	0	1	5	1.06E+08
6	0	5	0	2	5	1.18E+08
6	0	5	0	3	5	6.78E+07
6	0	5	0	4	5	2.09E+07
6	0	5	0	5	5	3.33E+06
6	0	5	0	6	5	2.37E+05
6	0	5	0	7	5	4.10E+03
6	0	5	0	8	5	2.49E+01
6	0	5	0	9	5	6.67E-02
6	0	5	0	10	5	1.78E-01
6	0	5	0	11	5	1.06E+00
6	0	5	0	12	5	2.91E+00
6	0	5	0	13	5	2.63E-01
6	0	6	0	0	6	3.72E+07
6	0	6	0	1	6	1.05E+08
6	0	6	0	2	6	1.18E+08
6	0	6	0	3	6	6.78E+07
6	0	6	0	4	6	2.09E+07
6	0	6	0	5	6	3.30E+06
6	0	6	0	6	6	2.28E+05
6	0	6	0	7	6	3.57E+03
6	0	6	0	8	6	3.07E+01
6	0	6	0	9	6	1.32E-01
6	0	6	0	10	6	2.68E-01
6	0	6	0	11	6	9.51E-01
6	0	6	0	12	6	3.08E+00
6	0	6	0	13	6	3.14E-01
6	0	7	0	0	7	3.69E+07
6	0	7	0	1	7	1.05E+08
6	0	7	0	2	7	1.18E+08
6	0	7	0	3	7	6.79E+07
6	0	7	0	4	7	2.09E+07
6	0	7	0	5	7	3.25E+06
6	0	7	0	6	7	2.18E+05
6	0	7	0	7	7	3.00E+03
6	0	7	0	8	7	3.81E+01
6	0	7	0	9	7	2.35E-01
6	0	7	0	10	7	4.78E-01
6	0	7	0	11	7	1.12E+00
6	0	7	0	12	7	4.03E+00
6	0	7	0	13	7	4.38E-01
6	0	8	0	0	8	3.66E+07
6	0	8	0	1	8	1.04E+08
6	0	8	0	2	8	1.18E+08
6	0	8	0	3	8	6.80E+07
6	0	8	0	4	8	2.08E+07
6	0	8	0	5	8	3.21E+06
6	0	8	0	6	8	2.07E+05
6	0	8	0	7	8	2.44E+03
6	0	8	0	8	8	4.77E+01
6	0	8	0	9	8	5.92E-01
6	0	8	0	10	8	1.25E+00
6	0	8	0	11	8	2.39E+00
6	0	8	0	12	8	9.11E+00
6	0	9	0	0	9	3.53E+07
6	0	9	0	1	9	1.06E+08
6	0	9	0	2	9	1.17E+08
6	0	9	0	3	9	6.75E+07
6	0	9	0	4	9	2.16E+07
6	0	9	0	5	9	3.00E+06
6	0	9	0	6	9	1.46E+05
6	0	9	0	7	9	1.86E+04
6	0	9	0	8	9	6.79E+02
6	0	9	0	9	9	6.82E+03
6	0	9	0	10	9	9.18E+03
6	0	9	0	11	9	2.04E+04
6	0	9	0	12	9	8.66E+04
6	0	10	0	0	10	3.58E+07
6	0	10	0	1	10	1.03E+08
6	0	10	0	2	10	1.18E+08
6	0	10	0	3	10	6.83E+07
6	0	10	0	4	10	2.07E+07
6	0	10	0	5	10	3.09E+06
6	0	10	0	6	10	1.80E+05
6	0	10	0	7	10	1.15E+03
6	0	10	0	8	10	6.31E+01
6	0	10	0	9	10	9.50E-01
6	0	10	0	10	10	1.69E-01
6	0	10	0	11	10	8.81E-01
6	0	10	0	12	10	5.40E+00
6	0	11	0	0	11	3.53E+07
6	0	11	0	1	11	1.03E+08
6	0	11	0	2	11	1.18E+08
6	0	11	0	3	11	6.84E+07
6	0	11	0	4	11	2.06E+07
6	0	11	0	5	11	3.01E+06
6	0	11	0	6	11	1.64E+05
6	0	11	0	7	11	7.02E+02
6	0	11	0	8	11	7.42E+01
6	0	11	0	9	11	7.31E-01
6	0	11	0	10	11	5.33E-03
6	0	11	0	11	11	7.23E-02
6	0	12	0	0	12	3.49E+07
6	0	12	0	1	12	1.03E+08
6	0	12	0	2	12	1.19E+08
6	0	12	0	3	12	6.86E+07
6	0	12	0	4	12	2.05E+07
6	0	12	0	5	12	2.93E+06
6	0	12	0	6	12	1.47E+05
6	0	12	0	7	12	3.26E+02
6	0	12	0	8	12	8.31E+01
6	0	12	0	9	12	1.27E+00
6	0	12	0	10	12	6.09E-02
6	0	12	0	11	12	2.47E-02
6	0	13	0	0	13	3.44E+07
6	0	13	0	1	13	1.02E+08
6	0	13	0	2	13	1.19E+08
6	0	13	0	3	13	6.88E+07
6	0	13	0	4	13	2.04E+07
6	0	13	0	5	13	2.83E+06
6	0	13	0	6	13	1.28E+05
6	0	13	0	7	13	5.58E+01
6	0	13	0	8	13	6.93E+01
6	0	13	0	9	13	3.11E+00
6	0	13	0	10	13	9.67E-01
6	0	14	0	0	14	3.39E+07
6	0	14	0	1	14	1.02E+08
6	0	14	0	2	14	1.19E+08
6	0	14	0	3	14	6.90E+07
6	0	14	0	4	14	2.03E+07
6	0	14	0	5	14	2.71E+06
6	0	14	0	6	14	1.08E+05
6	0	14	0	7	14	2.14E+00
6	0	14	0	8	14	7.62E+01
6	0	14	0	9	14	4.80E+00
6	0	14	0	10	14	1.27E-01
6	0	15	0	0	15	3.29E+07
6	0	15	0	1	15	1.00E+08
6	0	15	0	2	15	1.19E+08
6	0	15	0	3	15	6.95E+07
6	0	15	0	4	15	2.03E+07
6	0	15	0	5	15	2.60E+06
6	0	15	0	6	15	8.72E+04
6	0	15	0	7	15	1.58E+02
6	0	15	0	8	15	6.15E+01
6	0	15	0	9	15	4.07E+00
6	0	15	0	10	15	1.08E+00
6	0	16	0	0	16	3.24E+07
6	0	16	0	1	16	9.99E+07
6	0	16	0	2	16	1.20E+08
6	0	16	0	3	16	6.97E+07
6	0	16	0	4	16	2.00E+07
6	0	16	0	5	16	2.44E+06
6	0	16	0	6	16	6.62E+04
6	0	16	0	7	16	5.28E+02
6	0	16	0	8	16	3.58E+01
6	0	16	0	9	16	6.30E+00
6	0	17	0	0	17	3.19E+07
6	0	17	0	1	17	9.95E+07
6	0	17	0	2	17	1.20E+08
6	0	17	0	3	17	7.00E+07
6	0	17	0	4	17	1.97E+07
6	0	17	0	5	17	2.25E+06
6	0	17	0	6	17	4.59E+04
6	0	17	0	7	17	1.09E+03
6	0	17	0	8	17	9.25E+00
6	0	17	0	9	17	6.30E+00
6	0	18	0	0	18	3.14E+07
6	0	18	0	1	18	9.92E+07
6	0	18	0	2	18	1.21E+08
6	0	18	0	3	18	7.02E+07
6	0	18	0	4	18	1.94E+07
6	0	18	0	5	18	2.04E+06
6	0	18	0	6	18	2.74E+04
6	0	18	0	7	18	1.75E+03
6	0	18	0	8	18	1.63E+00
6	0	19	0	0	19	3.09E+07
6	0	19	0	1	19	9.90E+07
6	0	19	0	2	19	1.21E+08
6	0	19	0	3	19	7.03E+07
6	0	19	0	4	19	1.89E+07
6	0	19	0	5	19	1.80E+06
6	0	19	0	6	19	1.23E+04
6	0	19	0	7	19	2.31E+03
6	0	19	0	8	19	4.82E+01
6	0	20	0	0	20	3.05E+07
6	0	20	0	1	20	9.89E+07
6	0	20	0	2	20	1.22E+08
6	0	20	0	3	20	7.05E+07
6	0	20	0	4	20	1.83E+07
6	0	20	0	5	20	1.53E+06
6	0	20	0	6	20	2.57E+03
6	0	20	0	7	20	2.51E+03
6	0	21	0	0	21	3.01E+07
6	0	21	0	1	21	9.89E+07
6	0	21	0	2	21	1.23E+08
6	0	21	0	3	21	7.06E+07
6	0	21	0	4	21	1.75E+07
6	0	21	0	5	21	1.23E+06
6	0	21	0	6	21	2.07E+02
6	0	22	0	0	22	2.97E+07
6	0	22	0	1	22	9.92E+07
6	0	22	0	2	22	1.24E+08
6	0	22	0	3	22	7.05E+07
6	0	22	0	4	22	1.66E+07
6	0	22	0	5	22	9.14E+05
6	0	22	0	6	22	6.71E+03
6	0	23	0	0	23	2.94E+07
6	0	23	0	1	23	9.97E+07
6	0	23	0	2	23	1.26E+08
6	0	23	0	3	23	7.03E+07
6	0	23	0	4	23	1.54E+07
6	0	23	0	5	23	5.95E+05
6	0	24	0	0	24	2.91E+07
6	0	24	0	1	24	1.00E+08
6	0	24	0	2	24	1.28E+08
6	0	24	0	3	24	6.99E+07
6	0	24	0	4	24	1.38E+07
6	0	24	0	5	24	3.01E+05
6	0	25	0	0	25	2.90E+07
6	0	25	0	1	25	1.02E+08
6	0	25	0	2	25	1.30E+08
6	0	25	0	3	25	6.91E+07
6	0	25	0	4	25	1.20E+07
6	1	1	0	0	1	6.72E+07
6	1	1	0	1	1	5.71E+07
6	1	1	0	2	1	1.73E+05
6	1	1	0	3	1	5.60E+07
6	1	1	0	4	1	1.03E+08
6	1	1	0	5	1	5.55E+07
6	1	1	0	6	1	1.33E+07
6	1	1	0	7	1	1.51E+06
6	1	1	0	8	1	2.47E+03
6	1	1	0	9	1	5.22E+03
6	1	1	0	10	1	2.22E+04
6	1	1	0	11	1	9.09E+03
6	1	1	0	12	1	8.58E+03
6	1	1	0	13	1	2.50E+05
6	1	1	0	14	1	1.04E+04
6	1	2	0	0	2	6.57E+07
6	1	2	0	1	2	5.93E+07
6	1	2	0	2	2	9.02E+04
6	1	2	0	3	2	5.60E+07
6	1	2	0	4	2	1.01E+08
6	1	2	0	5	2	5.71E+07
6	1	2	0	6	2	1.34E+07
6	1	2	0	7	2	1.20E+06
6	1	2	0	8	2	1.81E+04
6	1	2	0	9	2	5.08E+02
6	1	2	0	10	2	5.87E+01
6	1	2	0	11	2	1.96E+01
6	1	2	0	12	2	2.36E+01
6	1	2	0	13	2	7.05E+02
6	1	2	0	14	2	2.97E+01
6	1	3	0	0	3	6.55E+07
6	1	3	0	1	3	5.94E+07
6	1	3	0	2	3	9.15E+04
6	1	3	0	3	3	5.60E+07
6	1	3	0	4	3	1.01E+08
6	1	3	0	5	3	5.71E+07
6	1	3	0	6	3	1.33E+07
6	1	3	0	7	3	1.17E+06
6	1	3	0	8	3	1.72E+04
6	1	3	0	9	3	4.69E+02
6	1	3	0	10	3	9.46E+00
6	1	3	0	11	3	1.80E+00
6	1	3	0	12	3	3.63E+00
6	1	3	0	13	3	1.12E+02
6	1	3	0	14	3	4.67E+00
6	1	4	0	0	4	6.52E+07
6	1	4	0	1	4	5.93E+07
6	1	4	0	2	4	9.61E+04
6	1	4	0	3	4	5.60E+07
6	1	4	0	4	4	1.01E+08
6	1	4	0	5	4	5.71E+07
6	1	4	0	6	4	1.32E+07
6	1	4	0	7	4	1.13E+06
6	1	4	0	8	4	1.52E+04
6	1	4	0	9	4	4.93E+02
6	1	4	0	10	4	3.72E+00
6	1	4	0	11	4	1.46E-01
6	1	4	0	12	4	1.04E+00
6	1	4	0	13	4	3.44E+01
6	1	4	0	14	4	1.30E+00
6	1	5	0	0	5	6.48E+07
6	1	5	0	1	5	5.93E+07
6	1	5	0	2	5	1.03E+05
6	1	5	0	3	5	5.60E+07
6	1	5	0	4	5	1.01E+08
6	1	5	0	5	5	5.70E+07
6	1	5	0	6	5	1.30E+07
6	1	5	0	7	5	1.08E+06
6	1	5	0	8	5	1.27E+04
6	1	5	0	9	5	5.36E+02
6	1	5	0	10	5	2.75E+00
6	1	5	0	11	5	8.42E-03
6	1	5	0	12	5	3.69E-01
6	1	5	0	13	5	1.51E+01
6	1	6	0	0	6	6.44E+07
6	1	6	0	1	6	5.92E+07
6	1	6	0	2	6	1.12E+05
6	1	6	0	3	6	5.60E+07
6	1	6	0	4	6	1.02E+08
6	1	6	0	5	6	5.69E+07
6	1	6	0	6	6	1.29E+07
6	1	6	0	7	6	1.03E+06
6	1	6	0	8	6	1.00E+04
6	1	6	0	9	6	5.90E+02
6	1	6	0	10	6	3.19E+00
6	1	6	0	11	6	1.66E-01
6	1	6	0	12	6	1.32E-01
6	1	6	0	13	6	9.46E+00
6	1	7	0	0	7	6.39E+07
6	1	7	0	1	7	5.92E+07
6	1	7	0	2	7	1.23E+05
6	1	7	0	3	7	5.60E+07
6	1	7	0	4	7	1.02E+08
6	1	7	0	5	7	5.69E+07
6	1	7	0	6	7	1.27E+07
6	1	7	0	7	7	9.68E+05
6	1	7	0	8	7	7.31E+03
6	1	7	0	9	7	6.49E+02
6	1	7	0	10	7	4.60E+00
6	1	7	0	11	7	5.11E-01
6	1	7	0	12	7	5.09E-02
6	1	7	0	13	7	9.57E+00
6	1	8	0	0	8	6.33E+07
6	1	8	0	1	8	5.91E+07
6	1	8	0	2	8	1.37E+05
6	1	8	0	3	8	5.60E+07
6	1	8	0	4	8	1.02E+08
6	1	8	0	5	8	5.68E+07
6	1	8	0	6	8	1.24E+07
6	1	8	0	7	8	8.97E+05
6	1	8	0	8	8	4.79E+03
6	1	8	0	9	8	7.10E+02
6	1	8	0	10	8	5.70E+00
6	1	8	0	11	8	2.29E+00
6	1	8	0	12	8	1.69E-01
6	1	9	0	0	9	6.27E+07
6	1	9	0	1	9	5.90E+07
6	1	9	0	2	9	1.57E+05
6	1	9	0	3	9	5.61E+07
6	1	9	0	4	9	1.03E+08
6	1	9	0	5	9	5.66E+07
6	1	9	0	6	9	1.21E+07
6	1	9	0	7	9	8.25E+05
6	1	9	0	8	9	2.19E+03
6	1	9	0	9	9	7.00E+02
6	1	9	0	10	9	3.22E+01
6	1	9	0	11	9	5.79E+00
6	1	9	0	12	9	3.28E+00
6	1	10	0	0	10	6.21E+07
6	1	10	0	1	10	5.90E+07
6	1	10	0	2	10	1.75E+05
6	1	10	0	3	10	5.62E+07
6	1	10	0	4	10	1.03E+08
6	1	10	0	5	10	5.65E+07
6	1	10	0	6	10	1.18E+07
6	1	10	0	7	10	7.36E+05
6	1	10	0	8	10	7.72E+02
6	1	10	0	9	10	7.31E+02
6	1	10	0	10	10	3.26E+01
6	1	10	0	11	10	6.16E-01
6	1	10	0	12	10	1.61E+00
6	1	11	0	0	11	6.05E+07
6	1	11	0	1	11	5.92E+07
6	1	11	0	2	11	2.61E+05
6	1	11	0	3	11	5.56E+07
6	1	11	0	4	11	1.04E+08
6	1	11	0	5	11	5.67E+07
6	1	11	0	6	11	1.15E+07
6	1	11	0	7	11	6.43E+05
6	1	11	0	8	11	1.07E+01
6	1	11	0	9	11	6.58E+02
6	1	11	0	10	11	4.13E+01
6	1	11	0	11	11	2.12E+00
6	1	12	0	0	12	5.97E+07
6	1	12	0	1	12	5.92E+07
6	1	12	0	2	12	2.88E+05
6	1	12	0	3	12	5.58E+07
6	1	12	0	4	12	1.04E+08
6	1	12	0	5	12	5.65E+07
6	1	12	0	6	12	1.11E+07
6	1	12	0	7	12	5.42E+05
6	1	12	0	8	12	4.33E+02
6	1	12	0	9	12	5.46E+02
6	1	12	0	10	12	6.13E+01
6	1	12	0	11	12	5.31E+00
6	1	13	0	0	13	5.90E+07
6	1	13	0	1	13	5.92E+07
6	1	13	0	2	13	3.16E+05
6	1	13	0	3	13	5.61E+07
6	1	13	0	4	13	1.05E+08
6	1	13	0	5	13	5.62E+07
6	1	13	0	6	13	1.06E+07
6	1	13	0	7	13	4.38E+05
6	1	13	0	8	13	2.09E+03
6	1	13	0	9	13	3.71E+02
6	1	13	0	10	13	8.04E+01
6	1	14	0	0	14	5.81E+07
6	1	14	0	1	14	5.92E+07
6	1	14	0	2	14	3.44E+05
6	1	14	0	3	14	5.64E+07
6	1	14	0	4	14	1.06E+08
6	1	14	0	5	14	5.59E+07
6	1	14	0	6	14	9.96E+06
6	1	14	0	7	14	3.32E+05
6	1	14	0	8	14	4.98E+03
6	1	14	0	9	14	1.63E+02
6	1	14	0	10	14	8.65E+01
6	1	15	0	0	15	5.73E+07
6	1	15	0	1	15	5.92E+07
6	1	15	0	2	15	3.70E+05
6	1	15	0	3	15	5.69E+07
6	1	15	0	4	15	1.07E+08
6	1	15	0	5	15	5.54E+07
6	1	15	0	6	15	9.27E+06
6	1	15	0	7	15	2.30E+05
6	1	15	0	8	15	8.83E+03
6	1	15	0	9	15	1.09E+01
6	1	15	0	10	15	6.42E+01
6	1	16	0	0	16	5.64E+07
6	1	16	0	1	16	5.92E+07
6	1	16	0	2	16	3.92E+05
6	1	16	0	3	16	5.76E+07
6	1	16	0	4	16	1.08E+08
6	1	16	0	5	16	5.48E+07
6	1	16	0	6	16	8.47E+06
6	1	16	0	7	16	1.37E+05
6	1	16	0	8	16	1.30E+04
6	1	16	0	9	16	8.94E+01
6	1	17	0	0	17	5.56E+07
6	1	17	0	1	17	5.92E+07
6	1	17	0	2	17	4.06E+05
6	1	17	0	3	17	5.85E+07
6	1	17	0	4	17	1.10E+08
6	1	17	0	5	17	5.41E+07
6	1	17	0	6	17	7.56E+06
6	1	17	0	7	17	6.07E+04
6	1	17	0	8	17	1.62E+04
6	1	17	0	9	17	6.29E+02
6	1	18	0	0	18	5.47E+07
6	1	18	0	1	18	5.92E+07
6	1	18	0	2	18	4.11E+05
6	1	18	0	3	18	5.97E+07
6	1	18	0	4	18	1.11E+08
6	1	18	0	5	18	5.30E+07
6	1	18	0	6	18	6.51E+06
6	1	18	0	7	18	1.20E+04
6	1	18	0	8	18	1.66E+04
6	1	19	0	0	19	5.38E+07
6	1	19	0	1	19	5.91E+07
6	1	19	0	2	19	4.01E+05
6	1	19	0	3	19	6.13E+07
6	1	19	0	4	19	1.13E+08
6	1	19	0	5	19	5.16E+07
6	1	19	0	6	19	5.35E+06
6	1	19	0	7	19	1.50E+03
6	1	19	0	8	19	1.25E+04
6	1	20	0	0	20	5.29E+07
6	1	20	0	1	20	5.90E+07
6	1	20	0	2	20	3.75E+05
6	1	20	0	3	20	6.32E+07
6	1	20	0	4	20	1.15E+08
6	1	20	0	5	20	4.97E+07
6	1	20	0	6	20	4.08E+06
6	1	20	0	7	20	3.74E+04
6	1	21	0	0	21	5.20E+07
6	1	21	0	1	21	5.89E+07
6	1	21	0	2	21	3.29E+05
6	1	21	0	3	21	6.58E+07
6	1	21	0	4	21	1.18E+08
6	1	21	0	5	21	4.72E+07
6	1	21	0	6	21	2.76E+06
6	1	22	0	0	22	5.12E+07
6	1	22	0	1	22	5.88E+07
6	1	22	0	2	22	2.62E+05
6	1	22	0	3	22	6.91E+07
6	1	22	0	4	22	1.20E+08
6	1	22	0	5	22	4.39E+07
6	1	22	0	6	22	1.49E+06
6	1	23	0	0	23	5.04E+07
6	1	23	0	1	23	5.86E+07
6	1	23	0	2	23	1.77E+05
6	1	23	0	3	23	7.34E+07
6	1	23	0	4	23	1.23E+08
6	1	23	0	5	23	3.94E+07
6	1	24	0	0	24	4.96E+07
6	1	24	0	1	24	5.83E+07
6	1	24	0	2	24	8.56E+04
6	1	24	0	3	24	7.89E+07
6	1	24	0	4	24	1.26E+08
6	1	24	0	5	24	3.34E+07
6	1	25	0	0	25	4.88E+07
6	1	25	0	1	25	5.79E+07
6	1	25	0	2	25	1.34E+04
6	1	25	0	3	25	8.62E+07
6	1	25	0	4	25	1.28E+08
6	2	1	0	0	1	7.04E+07
6	2	1	0	1	1	1.04E+07
6	2	1	0	2	1	3.07E+07
6	2	1	0	3	1	3.74E+07
6	2	1	0	4	1	3.00E+06
6	2	1	0	5	1	7.91E+07
6	2	1	0	6	1	8.98E+07
6	2	1	0	7	1	3.02E+07
6	2	1	0	8	1	3.05E+06
6	2	1	0	9	1	2.63E+04
6	2	1	0	10	1	3.46E+03
6	2	1	0	11	1	9.53E+01
6	2	1	0	12	1	5.61E+00
6	2	1	0	13	1	8.39E+00
6	2	1	0	14	1	1.71E+02
6	2	2	0	0	2	7.03E+07
6	2	2	0	1	2	1.04E+07
6	2	2	0	2	2	3.06E+07
6	2	2	0	3	2	3.73E+07
6	2	2	0	4	2	3.01E+06
6	2	2	0	5	2	7.93E+07
6	2	2	0	6	2	8.98E+07
6	2	2	0	7	2	3.01E+07
6	2	2	0	8	2	2.99E+06
6	2	2	0	9	2	2.36E+04
6	2	2	0	10	2	3.48E+03
6	2	2	0	11	2	8.26E+01
6	2	2	0	12	2	1.51E+00
6	2	2	0	13	2	5.53E+00
6	2	2	0	14	2	6.91E+01
6	2	3	0	0	3	7.01E+07
6	2	3	0	1	3	1.05E+07
6	2	3	0	2	3	3.05E+07
6	2	3	0	3	3	3.73E+07
6	2	3	0	4	3	3.04E+06
6	2	3	0	5	3	7.96E+07
6	2	3	0	6	3	8.99E+07
6	2	3	0	7	3	2.98E+07
6	2	3	0	8	3	2.89E+06
6	2	3	0	9	3	1.96E+04
6	2	3	0	10	3	3.54E+03
6	2	3	0	11	3	8.49E+01
6	2	3	0	12	3	4.18E-01
6	2	3	0	13	3	4.30E+00
6	2	3	0	14	3	3.11E+01
6	2	4	0	0	4	6.98E+07
6	2	4	0	1	4	1.05E+07
6	2	4	0	2	4	3.04E+07
6	2	4	0	3	4	3.73E+07
6	2	4	0	4	4	3.07E+06
6	2	4	0	5	4	8.00E+07
6	2	4	0	6	4	9.00E+07
6	2	4	0	7	4	2.95E+07
6	2	4	0	8	4	2.77E+06
6	2	4	0	9	4	1.48E+04
6	2	4	0	10	4	3.62E+03
6	2	4	0	11	4	9.87E+01
6	2	4	0	12	4	1.78E-01
6	2	4	0	13	4	4.42E+00
6	2	4	0	14	4	1.89E+01
6	2	5	0	0	5	6.94E+07
6	2	5	0	1	5	1.06E+07
6	2	5	0	2	5	3.02E+07
6	2	5	0	3	5	3.72E+07
6	2	5	0	4	5	3.11E+06
6	2	5	0	5	5	8.05E+07
6	2	5	0	6	5	9.01E+07
6	2	5	0	7	5	2.92E+07
6	2	5	0	8	5	2.62E+06
6	2	5	0	9	5	9.86E+03
6	2	5	0	10	5	3.67E+03
6	2	5	0	11	5	1.16E+02
6	2	5	0	12	5	9.88E-04
6	2	5	0	13	5	1.02E+01
6	2	6	0	0	6	6.91E+07
6	2	6	0	1	6	1.07E+07
6	2	6	0	2	6	2.99E+07
6	2	6	0	3	6	3.72E+07
6	2	6	0	4	6	3.15E+06
6	2	6	0	5	6	8.12E+07
6	2	6	0	6	6	9.02E+07
6	2	6	0	7	6	2.87E+07
6	2	6	0	8	6	2.45E+06
6	2	6	0	9	6	4.62E+03
6	2	6	0	10	6	3.63E+03
6	2	6	0	11	6	2.47E+02
6	2	6	0	12	6	2.34E+01
6	2	6	0	13	6	3.76E+01
6	2	7	0	0	7	6.78E+07
6	2	7	0	1	7	1.11E+07
6	2	7	0	2	7	2.90E+07
6	2	7	0	3	7	3.76E+07
6	2	7	0	4	7	2.96E+06
6	2	7	0	5	7	8.14E+07
6	2	7	0	6	7	9.08E+07
6	2	7	0	7	7	2.83E+07
6	2	7	0	8	7	2.24E+06
6	2	7	0	9	7	1.20E+03
6	2	7	0	10	7	3.42E+03
6	2	7	0	11	7	2.35E+02
6	2	7	0	12	7	1.11E+01
6	2	7	0	13	7	3.22E-01
6	2	8	0	0	8	6.73E+07
6	2	8	0	1	8	1.13E+07
6	2	8	0	2	8	2.87E+07
6	2	8	0	3	8	3.75E+07
6	2	8	0	4	8	3.03E+06
6	2	8	0	5	8	8.24E+07
6	2	8	0	6	8	9.10E+07
6	2	8	0	7	8	2.77E+07
6	2	8	0	8	8	2.01E+06
6	2	8	0	9	8	1.42E+00
6	2	8	0	10	8	3.10E+03
6	2	8	0	11	8	3.13E+02
6	2	8	0	12	8	2.26E+01
6	2	9	0	0	9	6.67E+07
6	2	9	0	1	9	1.14E+07
6	2	9	0	2	9	2.83E+07
6	2	9	0	3	9	3.75E+07
6	2	9	0	4	9	3.12E+06
6	2	9	0	5	9	8.35E+07
6	2	9	0	6	9	9.12E+07
6	2	9	0	7	9	2.69E+07
6	2	9	0	8	9	1.75E+06
6	2	9	0	9	9	1.63E+03
6	2	9	0	10	9	2.57E+03
6	2	9	0	11	9	3.99E+02
6	2	9	0	12	9	4.22E+01
6	2	10	0	0	10	6.61E+07
6	2	10	0	1	10	1.16E+07
6	2	10	0	2	10	2.79E+07
6	2	10	0	3	10	3.75E+07
6	2	10	0	4	10	3.23E+06
6	2	10	0	5	10	8.48E+07
6	2	10	0	6	10	9.14E+07
6	2	10	0	7	10	2.59E+07
6	2	10	0	8	10	1.48E+06
6	2	10	0	9	10	6.73E+03
6	2	10	0	10	10	1.82E+03
6	2	10	0	11	10	4.68E+02
6	2	10	0	12	10	6.95E+01
6	2	11	0	0	11	6.54E+07
6	2	11	0	1	11	1.18E+07
6	2	11	0	2	11	2.75E+07
6	2	11	0	3	11	3.74E+07
6	2	11	0	4	11	3.37E+06
6	2	11	0	5	11	8.63E+07
6	2	11	0	6	11	9.16E+07
6	2	11	0	7	11	2.49E+07
6	2	11	0	8	11	1.19E+06
6	2	11	0	9	11	1.56E+04
6	2	11	0	10	11	9.49E+02
6	2	11	0	11	11	4.82E+02
6	2	12	0	0	12	6.47E+07
6	2	12	0	1	12	1.20E+07
6	2	12	0	2	12	2.71E+07
6	2	12	0	3	12	3.74E+07
6	2	12	0	4	12	3.54E+06
6	2	12	0	5	12	8.81E+07
6	2	12	0	6	12	9.17E+07
6	2	12	0	7	12	2.36E+07
6	2	12	0	8	12	8.93E+05
6	2	12	0	9	12	2.79E+04
6	2	12	0	10	12	1.98E+02
6	2	12	0	11	12	3.86E+02
6	2	13	0	0	13	6.39E+07
6	2	13	0	1	13	1.22E+07
6	2	13	0	2	13	2.66E+07
6	2	13	0	3	13	3.73E+07
6	2	13	0	4	13	3.77E+06
6	2	13	0	5	13	9.02E+07
6	2	13	0	6	13	9.19E+07
6	2	13	0	7	13	2.21E+07
6	2	13	0	8	13	6.08E+05
6	2	13	0	9	13	4.24E+04
6	2	13	0	10	13	6.80E+01
6	2	14	0	0	14	6.31E+07
6	2	14	0	1	14	1.25E+07
6	2	14	0	2	14	2.61E+07
6	2	14	0	3	14	3.72E+07
6	2	14	0	4	14	4.06E+06
6	2	14	0	5	14	9.27E+07
6	2	14	0	6	14	9.19E+07
6	2	14	0	7	14	2.04E+07
6	2	14	0	8	14	3.51E+05
6	2	14	0	9	14	5.60E+04
6	2	14	0	10	14	1.30E+03
6	2	15	0	0	15	6.22E+07
6	2	15	0	1	15	1.28E+07
6	2	15	0	2	15	2.57E+07
6	2	15	0	3	15	3.71E+07
6	2	15	0	4	15	4.44E+06
6	2	15	0	5	15	9.57E+07
6	2	15	0	6	15	9.18E+07
6	2	15	0	7	15	1.84E+07
6	2	15	0	8	15	1.45E+05
6	2	15	0	9	15	6.40E+04
6	2	15	0	10	15	4.48E+03
6	2	16	0	0	16	6.14E+07
6	2	16	0	1	16	1.31E+07
6	2	16	0	2	16	2.52E+07
6	2	16	0	3	16	3.69E+07
6	2	16	0	4	16	4.94E+06
6	2	16	0	5	16	9.92E+07
6	2	16	0	6	16	9.14E+07
6	2	16	0	7	16	1.60E+07
6	2	16	0	8	16	2.12E+04
6	2	16	0	9	16	6.02E+04
6	2	17	0	0	17	6.05E+07
6	2	17	0	1	17	1.34E+07
6	2	17	0	2	17	2.48E+07
6	2	17	0	3	17	3.67E+07
6	2	17	0	4	17	5.60E+06
6	2	17	0	5	17	1.03E+08
6	2	17	0	6	17	9.06E+07
6	2	17	0	7	17	1.34E+07
6	2	17	0	8	17	1.21E+04
6	2	17	0	9	17	4.02E+04
6	2	18	0	0	18	5.95E+07
6	2	18	0	1	18	1.37E+07
6	2	18	0	2	18	2.44E+07
6	2	18	0	3	18	3.63E+07
6	2	18	0	4	18	6.49E+06
6	2	18	0	5	18	1.08E+08
6	2	18	0	6	18	8.91E+07
6	2	18	0	7	18	1.04E+07
6	2	18	0	8	18	1.41E+05
6	2	19	0	0	19	5.86E+07
6	2	19	0	1	19	1.40E+07
6	2	19	0	2	19	2.40E+07
6	2	19	0	3	19	3.59E+07
6	2	19	0	4	19	7.69E+06
6	2	19	0	5	19	1.14E+08
6	2	19	0	6	19	8.67E+07
6	2	19	0	7	19	7.21E+06
6	2	19	0	8	19	3.96E+05
6	2	20	0	0	20	5.76E+07
6	2	20	0	1	20	1.42E+07
6	2	20	0	2	20	2.37E+07
6	2	20	0	3	20	3.53E+07
6	2	20	0	4	20	9.35E+06
6	2	20	0	5	20	1.22E+08
6	2	20	0	6	20	8.29E+07
6	2	20	0	7	20	4.05E+06
6	2	21	0	0	21	5.66E+07
6	2	21	0	1	21	1.45E+07
6	2	21	0	2	21	2.35E+07
6	2	21	0	3	21	3.44E+07
6	2	21	0	4	21	1.17E+07
6	2	21	0	5	21	1.30E+08
6	2	21	0	6	21	7.71E+07
6	2	22	0	0	22	5.56E+07
6	2	22	0	1	22	1.47E+07
6	2	22	0	2	22	2.34E+07
6	2	22	0	3	22	3.33E+07
6	2	22	0	4	22	1.50E+07
6	2	22	0	5	22	1.40E+08
6	2	22	0	6	22	6.82E+07
6	2	23	0	0	23	5.46E+07
6	2	23	0	1	23	1.48E+07
6	2	23	0	2	23	2.34E+07
6	2	23	0	3	23	3.19E+07
6	2	23	0	4	23	1.97E+07
6	2	23	0	5	23	1.51E+08
6	2	24	0	0	24	5.35E+07
6	2	24	0	1	24	1.49E+07
6	2	24	0	2	24	2.35E+07
6	2	24	0	3	24	3.00E+07
6	2	24	0	4	24	2.68E+07
6	2	24	0	5	24	1.64E+08
6	2	25	0	0	25	5.25E+07
6	2	25	0	1	25	1.49E+07
6	2	25	0	2	25	2.38E+07
6	2	25	0	3	25	2.74E+07
6	2	25	0	4	25	3.76E+07
6	3	1	0	0	1	6.04E+07
6	3	1	0	1	1	2.17E+05
6	3	1	0	2	1	4.02E+07
6	3	1	0	3	1	2.13E+05
6	3	1	0	4	1	4.18E+07
6	3	1	0	5	1	9.65E+06
6	3	1	0	6	1	3.73E+07
6	3	1	0	7	1	1.07E+08
6	3	1	0	8	1	5.16E+07
6	3	1	0	9	1	5.27E+06
6	3	1	0	10	1	1.84E+03
6	3	1	0	11	1	1.19E+04
6	3	1	0	12	1	1.18E+03
6	3	1	0	13	1	7.72E+01
6	3	1	0	14	1	4.40E+00
6	3	2	0	0	2	6.03E+07
6	3	2	0	1	2	2.10E+05
6	3	2	0	2	2	4.02E+07
6	3	2	0	3	2	2.17E+05
6	3	2	0	4	2	4.18E+07
6	3	2	0	5	2	9.59E+06
6	3	2	0	6	2	3.76E+07
6	3	2	0	7	2	1.08E+08
6	3	2	0	8	2	5.13E+07
6	3	2	0	9	2	5.12E+06
6	3	2	0	10	2	6.71E+02
6	3	2	0	11	2	1.15E+04
6	3	2	0	12	2	1.27E+03
6	3	2	0	13	2	9.60E+01
6	3	2	0	14	2	6.74E+00
6	3	3	0	0	3	6.02E+07
6	3	3	0	1	3	2.00E+05
6	3	3	0	2	3	4.01E+07
6	3	3	0	3	3	2.21E+05
6	3	3	0	4	3	4.17E+07
6	3	3	0	5	3	9.50E+06
6	3	3	0	6	3	3.81E+07
6	3	3	0	7	3	1.08E+08
6	3	3	0	8	3	5.08E+07
6	3	3	0	9	3	4.89E+06
6	3	3	0	10	3	4.40E-01
6	3	3	0	11	3	1.10E+04
6	3	3	0	12	3	1.42E+03
6	3	3	0	13	3	1.28E+02
6	3	3	0	14	3	1.07E+01
6	3	4	0	0	4	6.00E+07
6	3	4	0	1	4	1.87E+05
6	3	4	0	2	4	4.00E+07
6	3	4	0	3	4	2.28E+05
6	3	4	0	4	4	4.16E+07
6	3	4	0	5	4	9.39E+06
6	3	4	0	6	4	3.87E+07
6	3	4	0	7	4	1.09E+08
6	3	4	0	8	4	5.03E+07
6	3	4	0	9	4	4.59E+06
6	3	4	0	10	4	1.06E+03
6	3	4	0	11	4	1.01E+04
6	3	4	0	12	4	1.59E+03
6	3	4	0	13	4	1.76E+02
6	3	4	0	14	4	1.50E+01
6	3	5	0	0	5	5.98E+07
6	3	5	0	1	5	1.71E+05
6	3	5	0	2	5	3.98E+07
6	3	5	0	3	5	2.38E+05
6	3	5	0	4	5	4.16E+07
6	3	5	0	5	5	9.24E+06
6	3	5	0	6	5	3.95E+07
6	3	5	0	7	5	1.09E+08
6	3	5	0	8	5	4.95E+07
6	3	5	0	9	5	4.22E+06
6	3	5	0	10	5	5.35E+03
6	3	5	0	11	5	8.74E+03
6	3	5	0	12	5	1.78E+03
6	3	5	0	13	5	2.43E+02
6	3	6	0	0	6	5.95E+07
6	3	6	0	1	6	1.52E+05
6	3	6	0	2	6	3.97E+07
6	3	6	0	3	6	2.50E+05
6	3	6	0	4	6	4.15E+07
6	3	6	0	5	6	9.07E+06
6	3	6	0	6	6	4.05E+07
6	3	6	0	7	6	1.10E+08
6	3	6	0	8	6	4.86E+07
6	3	6	0	9	6	3.79E+06
6	3	6	0	10	6	1.45E+04
6	3	6	0	11	6	6.93E+03
6	3	6	0	12	6	1.94E+03
6	3	6	0	13	6	3.25E+02
6	3	7	0	0	7	5.92E+07
6	3	7	0	1	7	1.30E+05
6	3	7	0	2	7	3.95E+07
6	3	7	0	3	7	2.66E+05
6	3	7	0	4	7	4.13E+07
6	3	7	0	5	7	8.86E+06
6	3	7	0	6	7	4.17E+07
6	3	7	0	7	7	1.11E+08
6	3	7	0	8	7	4.74E+07
6	3	7	0	9	7	3.30E+06
6	3	7	0	10	7	3.00E+04
6	3	7	0	11	7	4.71E+03
6	3	7	0	12	7	1.99E+03
6	3	7	0	13	7	3.94E+02
6	3	8	0	0	8	5.88E+07
6	3	8	0	1	8	1.07E+05
6	3	8	0	2	8	3.92E+07
6	3	8	0	3	8	2.85E+05
6	3	8	0	4	8	4.12E+07
6	3	8	0	5	8	8.61E+06
6	3	8	0	6	8	4.32E+07
6	3	8	0	7	8	1.12E+08
6	3	8	0	8	8	4.60E+07
6	3	8	0	9	8	2.76E+06
6	3	8	0	10	8	5.28E+04
6	3	8	0	11	8	2.34E+03
6	3	8	0	12	8	1.83E+03
6	3	9	0	0	9	5.84E+07
6	3	9	0	1	9	8.29E+04
6	3	9	0	2	9	3.90E+07
6	3	9	0	3	9	3.08E+05
6	3	9	0	4	9	4.11E+07
6	3	9	0	5	9	8.33E+06
6	3	9	0	6	9	4.49E+07
6	3	9	0	7	9	1.14E+08
6	3	9	0	8	9	4.43E+07
6	3	9	0	9	9	2.19E+06
6	3	9	0	10	9	8.27E+04
6	3	9	0	11	9	4.49E+02
6	3	9	0	12	9	1.35E+03
6	3	10	0	0	10	5.79E+07
6	3	10	0	1	10	5.92E+04
6	3	10	0	2	10	3.87E+07
6	3	10	0	3	10	3.35E+05
6	3	10	0	4	10	4.10E+07
6	3	10	0	5	10	7.99E+06
6	3	10	0	6	10	4.70E+07
6	3	10	0	7	10	1.15E+08
6	3	10	0	8	10	4.23E+07
6	3	10	0	9	10	1.61E+06
6	3	10	0	10	10	1.18E+05
6	3	10	0	11	10	1.89E+02
6	3	10	0	12	10	5.98E+02
6	3	11	0	0	11	5.74E+07
6	3	11	0	1	11	3.72E+04
6	3	11	0	2	11	3.83E+07
6	3	11	0	3	11	3.65E+05
6	3	11	0	4	11	4.08E+07
6	3	11	0	5	11	7.59E+06
6	3	11	0	6	11	4.95E+07
6	3	11	0	7	11	1.17E+08
6	3	11	0	8	11	3.99E+07
6	3	11	0	9	11	1.05E+06
6	3	11	0	10	11	1.52E+05
6	3	11	0	11	11	3.19E+03
6	3	12	0	0	12	5.68E+07
6	3	12	0	1	12	1.87E+04
6	3	12	0	2	12	3.80E+07
6	3	12	0	3	12	3.98E+05
6	3	12	0	4	12	4.07E+07
6	3	12	0	5	12	7.13E+06
6	3	12	0	6	12	5.25E+07
6	3	12	0	7	12	1.19E+08
6	3	12	0	8	12	3.71E+07
6	3	12	0	9	12	5.60E+05
6	3	12	0	10	12	1.78E+05
6	3	12	0	11	12	1.10E+04
6	3	13	0	0	13	5.62E+07
6	3	13	0	1	13	5.70E+03
6	3	13	0	2	13	3.76E+07
6	3	13	0	3	13	4.33E+05
6	3	13	0	4	13	4.06E+07
6	3	13	0	5	13	6.59E+06
6	3	13	0	6	13	5.61E+07
6	3	13	0	7	13	1.20E+08
6	3	13	0	8	13	3.37E+07
6	3	13	0	9	13	1.88E+05
6	3	13	0	10	13	1.81E+05
6	3	14	0	0	14	5.56E+07
6	3	14	0	1	14	8.27E+01
6	3	14	0	2	14	3.73E+07
6	3	14	0	3	14	4.68E+05
6	3	14	0	4	14	4.05E+07
6	3	14	0	5	14	5.96E+06
6	3	14	0	6	14	6.05E+07
6	3	14	0	7	14	1.22E+08
6	3	14	0	8	14	2.97E+07
6	3	14	0	9	14	6.92E+03
6	3	14	0	10	14	1.49E+05
6	3	15	0	0	15	5.50E+07
6	3	15	0	1	15	3.80E+03
6	3	15	0	2	15	3.69E+07
6	3	15	0	3	15	5.01E+05
6	3	15	0	4	15	4.04E+07
6	3	15	0	5	15	5.22E+06
6	3	15	0	6	15	6.58E+07
6	3	15	0	7	15	1.23E+08
6	3	15	0	8	15	2.50E+07
6	3	15	0	9	15	8.75E+04
6	3	15	0	10	15	7.89E+04
6	3	16	0	0	16	5.43E+07
6	3	16	0	1	16	1.85E+04
6	3	16	0	2	16	3.65E+07
6	3	16	0	3	16	5.27E+05
6	3	16	0	4	16	4.04E+07
6	3	16	0	5	16	4.38E+06
6	3	16	0	6	16	7.24E+07
6	3	16	0	7	16	1.24E+08
6	3	16	0	8	16	1.96E+07
6	3	16	0	9	16	4.70E+05
6	3	17	0	0	17	5.36E+07
6	3	17	0	1	17	4.54E+04
6	3	17	0	2	17	3.60E+07
6	3	17	0	3	17	5.45E+05
6	3	17	0	4	17	4.03E+07
6	3	17	0	5	17	3.44E+06
6	3	17	0	6	17	8.05E+07
6	3	17	0	7	17	1.24E+08
6	3	17	0	8	17	1.37E+07
6	3	17	0	9	17	1.09E+06
6	3	18	0	0	18	5.28E+07
6	3	18	0	1	18	8.52E+04
6	3	18	0	2	18	3.56E+07
6	3	18	0	3	18	5.49E+05
6	3	18	0	4	18	4.03E+07
6	3	18	0	5	18	2.42E+06
6	3	18	0	6	18	9.06E+07
6	3	18	0	7	18	1.22E+08
6	3	18	0	8	18	7.75E+06
6	3	19	0	0	19	5.20E+07
6	3	19	0	1	19	1.38E+05
6	3	19	0	2	19	3.51E+07
6	3	19	0	3	19	5.36E+05
6	3	19	0	4	19	4.02E+07
6	3	19	0	5	19	1.39E+06
6	3	19	0	6	19	1.03E+08
6	3	19	0	7	19	1.17E+08
6	3	19	0	8	19	2.61E+06
6	3	20	0	0	20	5.12E+07
6	3	20	0	1	20	2.03E+05
6	3	20	0	2	20	3.46E+07
6	3	20	0	3	20	5.01E+05
6	3	20	0	4	20	4.02E+07
6	3	20	0	5	20	4.83E+05
6	3	20	0	6	20	1.19E+08
6	3	20	0	7	20	1.07E+08
6	3	21	0	0	21	5.04E+07
6	3	21	0	1	21	2.79E+05
6	3	21	0	2	21	3.41E+07
6	3	21	0	3	21	4.41E+05
6	3	21	0	4	21	4.00E+07
6	3	21	0	5	21	5.30E+03
6	3	21	0	6	21	1.38E+08
6	3	22	0	0	22	4.95E+07
6	3	22	0	1	22	3.63E+05
6	3	22	0	2	22	3.36E+07
6	3	22	0	3	22	3.55E+05
6	3	22	0	4	22	3.97E+07
6	3	22	0	5	22	5.48E+05
6	3	22	0	6	22	1.62E+08
6	3	23	0	0	23	4.85E+07
6	3	23	0	1	23	4.53E+05
6	3	23	0	2	23	3.30E+07
6	3	23	0	3	23	2.48E+05
6	3	23	0	4	23	3.90E+07
6	3	23	0	5	23	3.31E+06
6	3	24	0	0	24	4.75E+07
6	3	24	0	1	24	5.44E+05
6	3	24	0	2	24	3.24E+07
6	3	24	0	3	24	1.32E+05
6	3	24	0	4	24	3.76E+07
6	3	24	0	5	24	1.08E+07
6	3	25	0	0	25	4.64E+07
6	3	25	0	1	25	6.30E+05
6	3	25	0	2	25	3.18E+07
6	3	25	0	3	25	3.27E+04
6	3	25	0	4	25	3.50E+07
6	4	1	0	0	1	4.69E+07
6	4	1	0	1	1	8.70E+06
6	4	1	0	2	1	2.22E+07
6	4	1	0	3	1	1.25E+07
6	4	1	0	4	1	2.05E+07
6	4	1	0	5	1	1.33E+07
6	4	1	0	6	1	3.25E+07
6	4	1	0	7	1	8.86E+06
6	4	1	0	8	1	1.10E+08
6	4	1	0	9	1	7.37E+07
6	4	1	0	10	1	6.42E+06
6	4	1	0	11	1	9.25E+04
6	4	1	0	12	1	9.77E+03
6	4	1	0	13	1	6.06E+03
6	4	1	0	14	1	1.42E+03
6	4	2	0	0	2	4.68E+07
6	4	2	0	1	2	8.65E+06
6	4	2	0	2	2	2.22E+07
6	4	2	0	3	2	1.25E+07
6	4	2	0	4	2	2.05E+07
6	4	2	0	5	2	1.34E+07
6	4	2	0	6	2	3.24E+07
6	4	2	0	7	2	9.11E+06
6	4	2	0	8	2	1.11E+08
6	4	2	0	9	2	7.32E+07
6	4	2	0	10	2	6.12E+06
6	4	2	0	11	2	1.08E+05
6	4	2	0	12	2	7.96E+03
6	4	2	0	13	2	5.85E+03
6	4	2	0	14	2	1.40E+03
6	4	3	0	0	3	4.68E+07
6	4	3	0	1	3	8.57E+06
6	4	3	0	2	3	2.22E+07
6	4	3	0	3	3	1.24E+07
6	4	3	0	4	3	2.05E+07
6	4	3	0	5	3	1.34E+07
6	4	3	0	6	3	3.22E+07
6	4	3	0	7	3	9.50E+06
6	4	3	0	8	3	1.12E+08
6	4	3	0	9	3	7.25E+07
6	4	3	0	10	3	5.68E+06
6	4	3	0	11	3	1.32E+05
6	4	3	0	12	3	5.45E+03
6	4	3	0	13	3	5.44E+03
6	4	3	0	14	3	1.29E+03
6	4	4	0	0	4	4.67E+07
6	4	4	0	1	4	8.45E+06
6	4	4	0	2	4	2.22E+07
6	4	4	0	3	4	1.23E+07
6	4	4	0	4	4	2.04E+07
6	4	4	0	5	4	1.34E+07
6	4	4	0	6	4	3.20E+07
6	4	4	0	7	4	1.00E+07
6	4	4	0	8	4	1.14E+08
6	4	4	0	9	4	7.15E+07
6	4	4	0	10	4	5.10E+06
6	4	4	0	11	4	1.66E+05
6	4	4	0	12	4	2.69E+03
6	4	4	0	13	4	4.68E+03
6	4	4	0	14	4	9.69E+02
6	4	5	0	0	5	4.65E+07
6	4	5	0	1	5	8.32E+06
6	4	5	0	2	5	2.22E+07
6	4	5	0	3	5	1.22E+07
6	4	5	0	4	5	2.04E+07
6	4	5	0	5	5	1.34E+07
6	4	5	0	6	5	3.17E+07
6	4	5	0	7	5	1.08E+07
6	4	5	0	8	5	1.16E+08
6	4	5	0	9	5	7.02E+07
6	4	5	0	10	5	4.41E+06
6	4	5	0	11	5	2.12E+05
6	4	5	0	12	5	4.85E+02
6	4	5	0	13	5	3.48E+03
6	4	6	0	0	6	4.64E+07
6	4	6	0	1	6	8.15E+06
6	4	6	0	2	6	2.22E+07
6	4	6	0	3	6	1.20E+07
6	4	6	0	4	6	2.03E+07
6	4	6	0	5	6	1.35E+07
6	4	6	0	6	6	3.13E+07
6	4	6	0	7	6	1.17E+07
6	4	6	0	8	6	1.18E+08
6	4	6	0	9	6	6.85E+07
6	4	6	0	10	6	3.63E+06
6	4	6	0	11	6	2.67E+05
6	4	6	0	12	6	2.80E+02
6	4	6	0	13	6	1.90E+03
6	4	7	0	0	7	4.62E+07
6	4	7	0	1	7	7.95E+06
6	4	7	0	2	7	2.22E+07
6	4	7	0	3	7	1.18E+07
6	4	7	0	4	7	2.02E+07
6	4	7	0	5	7	1.35E+07
6	4	7	0	6	7	3.09E+07
6	4	7	0	7	7	1.28E+07
6	4	7	0	8	7	1.21E+08
6	4	7	0	9	7	6.64E+07
6	4	7	0	10	7	2.79E+06
6	4	7	0	11	7	3.27E+05
6	4	7	0	12	7	4.24E+03
6	4	7	0	13	7	4.12E+02
6	4	8	0	0	8	4.60E+07
6	4	8	0	1	8	7.72E+06
6	4	8	0	2	8	2.23E+07
6	4	8	0	3	8	1.16E+07
6	4	8	0	4	8	2.02E+07
6	4	8	0	5	8	1.36E+07
6	4	8	0	6	8	3.04E+07
6	4	8	0	7	8	1.42E+07
6	4	8	0	8	8	1.24E+08
6	4	8	0	9	8	6.37E+07
6	4	8	0	10	8	1.94E+06
6	4	8	0	11	8	3.86E+05
6	4	8	0	12	8	1.50E+04
6	4	9	0	0	9	4.57E+07
6	4	9	0	1	9	7.47E+06
6	4	9	0	2	9	2.23E+07
6	4	9	0	3	9	1.13E+07
6	4	9	0	4	9	2.01E+07
6	4	9	0	5	9	1.37E+07
6	4	9	0	6	9	2.98E+07
6	4	9	0	7	9	1.60E+07
6	4	9	0	8	9	1.27E+08
6	4	9	0	9	9	6.05E+07
6	4	9	0	10	9	1.14E+06
6	4	9	0	11	9	4.26E+05
6	4	9	0	12	9	3.42E+04
6	4	10	0	0	10	4.54E+07
6	4	10	0	1	10	7.18E+06
6	4	10	0	2	10	2.23E+07
6	4	10	0	3	10	1.11E+07
6	4	10	0	4	10	2.01E+07
6	4	10	0	5	10	1.38E+07
6	4	10	0	6	10	2.91E+07
6	4	10	0	7	10	1.83E+07
6	4	10	0	8	10	1.31E+08
6	4	10	0	9	10	5.64E+07
6	4	10	0	10	10	4.81E+05
6	4	10	0	11	10	4.28E+05
6	4	10	0	12	10	5.87E+04
6	4	11	0	0	11	4.51E+07
6	4	11	0	1	11	6.86E+06
6	4	11	0	2	11	2.24E+07
6	4	11	0	3	11	1.08E+07
6	4	11	0	4	11	2.00E+07
6	4	11	0	5	11	1.40E+07
6	4	11	0	6	11	2.82E+07
6	4	11	0	7	11	2.11E+07
6	4	11	0	8	11	1.36E+08
6	4	11	0	9	11	5.15E+07
6	4	11	0	10	11	7.25E+04
6	4	11	0	11	11	3.69E+05
6	4	12	0	0	12	4.47E+07
6	4	12	0	1	12	6.51E+06
6	4	12	0	2	12	2.24E+07
6	4	12	0	3	12	1.04E+07
6	4	12	0	4	12	1.99E+07
6	4	12	0	5	12	1.42E+07
6	4	12	0	6	12	2.72E+07
6	4	12	0	7	12	2.47E+07
6	4	12	0	8	12	1.40E+08
6	4	12	0	9	12	4.55E+07
6	4	12	0	10	12	4.04E+04
6	4	12	0	11	12	2.38E+05
6	4	13	0	0	13	4.44E+07
6	4	13	0	1	13	6.14E+06
6	4	13	0	2	13	2.24E+07
6	4	13	0	3	13	1.01E+07
6	4	13	0	4	13	1.98E+07
6	4	13	0	5	13	1.44E+07
6	4	13	0	6	13	2.59E+07
6	4	13	0	7	13	2.94E+07
6	4	13	0	8	13	1.45E+08
6	4	13	0	9	13	3.84E+07
6	4	13	0	10	13	4.94E+05
6	4	14	0	0	14	4.39E+07
6	4	14	0	1	14	5.74E+06
6	4	14	0	2	14	2.25E+07
6	4	14	0	3	14	9.73E+06
6	4	14	0	4	14	1.96E+07
6	4	14	0	5	14	1.47E+07
6	4	14	0	6	14	2.43E+07
6	4	14	0	7	14	3.53E+07
6	4	14	0	8	14	1.50E+08
6	4	14	0	9	14	3.00E+07
6	4	14	0	10	14	1.45E+06
6	4	15	0	0	15	4.35E+07
6	4	15	0	1	15	5.33E+06
6	4	15	0	2	15	2.25E+07
6	4	15	0	3	15	9.38E+06
6	4	15	0	4	15	1.94E+07
6	4	15	0	5	15	1.51E+07
6	4	15	0	6	15	2.25E+07
6	4	15	0	7	15	4.31E+07
6	4	15	0	8	15	1.53E+08
6	4	15	0	9	15	2.07E+07
6	4	15	0	10	15	2.63E+06
6	4	16	0	0	16	4.31E+07
6	4	16	0	1	16	4.92E+06
6	4	16	0	2	16	2.26E+07
6	4	16	0	3	16	9.03E+06
6	4	16	0	4	16	1.92E+07
6	4	16	0	5	16	1.56E+07
6	4	16	0	6	16	2.02E+07
6	4	16	0	7	16	5.33E+07
6	4	16	0	8	16	1.55E+08
6	4	16	0	9	16	1.13E+07
6	4	17	0	0	17	4.26E+07
6	4	17	0	1	17	4.49E+06
6	4	17	0	2	17	2.26E+07
6	4	17	0	3	17	8.69E+06
6	4	17	0	4	17	1.88E+07
6	4	17	0	5	17	1.63E+07
6	4	17	0	6	17	1.74E+07
6	4	17	0	7	17	6.68E+07
6	4	17	0	8	17	1.53E+08
6	4	17	0	9	17	3.34E+06
6	4	18	0	0	18	4.21E+07
6	4	18	0	1	18	4.07E+06
6	4	18	0	2	18	2.26E+07
6	4	18	0	3	18	8.38E+06
6	4	18	0	4	18	1.84E+07
6	4	18	0	5	18	1.70E+07
6	4	18	0	6	18	1.40E+07
6	4	18	0	7	18	8.49E+07
6	4	18	0	8	18	1.44E+08
6	4	19	0	0	19	4.15E+07
6	4	19	0	1	19	3.65E+06
6	4	19	0	2	19	2.25E+07
6	4	19	0	3	19	8.09E+06
6	4	19	0	4	19	1.78E+07
6	4	19	0	5	19	1.80E+07
6	4	19	0	6	19	1.02E+07
6	4	19	0	7	19	1.09E+08
6	4	19	0	8	19	1.25E+08
6	4	20	0	0	20	4.09E+07
6	4	20	0	1	20	3.24E+06
6	4	20	0	2	20	2.24E+07
6	4	20	0	3	20	7.84E+06
6	4	20	0	4	20	1.71E+07
6	4	20	0	5	20	1.90E+07
6	4	20	0	6	20	5.89E+06
6	4	20	0	7	20	1.40E+08
6	4	21	0	0	21	4.03E+07
6	4	21	0	1	21	2.85E+06
6	4	21	0	2	21	2.23E+07
6	4	21	0	3	21	7.64E+06
6	4	21	0	4	21	1.62E+07
6	4	21	0	5	21	2.02E+07
6	4	21	0	6	21	1.89E+06
6	4	22	0	0	22	3.96E+07
6	4	22	0	1	22	2.48E+06
6	4	22	0	2	22	2.21E+07
6	4	22	0	3	22	7.49E+06
6	4	22	0	4	22	1.51E+07
6	4	22	0	5	22	2.13E+07
6	4	22	0	6	22	1.13E+04
6	4	23	0	0	23	3.88E+07
6	4	23	0	1	23	2.13E+06
6	4	23	0	2	23	2.18E+07
6	4	23	0	3	23	7.41E+06
6	4	23	0	4	23	1.37E+07
6	4	23	0	5	23	2.20E+07
6	4	24	0	0	24	3.79E+07
6	4	24	0	1	24	1.80E+06
6	4	24	0	2	24	2.14E+07
6	4	24	0	3	24	7.42E+06
6	4	24	0	4	24	1.20E+07
6	4	24	0	5	24	2.13E+07
6	4	25	0	0	25	3.69E+07
6	4	25	0	1	25	1.51E+06
6	4	25	0	2	25	2.09E+07
6	4	25	0	3	25	7.51E+06
6	4	25	0	4	25	9.98E+06
6	5	1	0	0	1	3.41E+07
6	5	1	0	1	1	1.86E+07
6	5	1	0	2	1	5.71E+06
6	5	1	0	3	1	2.47E+07
6	5	1	0	4	1	6.20E+05
6	5	1	0	5	1	2.90E+07
6	5	1	0	6	1	3.99E+03
6	5	1	0	7	1	3.87E+07
6	5	1	0	8	1	8.55E+04
6	5	1	0	9	1	1.08E+08
6	5	1	0	10	1	9.40E+07
6	5	1	0	11	1	4.55E+06
6	5	1	0	12	1	7.59E+05
6	5	1	0	13	1	2.39E+04
6	5	1	0	14	1	2.88E-01
6	5	2	0	0	2	3.41E+07
6	5	2	0	1	2	1.85E+07
6	5	2	0	2	2	5.74E+06
6	5	2	0	3	2	2.47E+07
6	5	2	0	4	2	6.24E+05
6	5	2	0	5	2	2.89E+07
6	5	2	0	6	2	5.42E+03
6	5	2	0	7	2	3.86E+07
6	5	2	0	8	2	1.26E+05
6	5	2	0	9	2	1.10E+08
6	5	2	0	10	2	9.32E+07
6	5	2	0	11	2	4.12E+06
6	5	2	0	12	2	7.90E+05
6	5	2	0	13	2	3.18E+04
6	5	2	0	14	2	2.02E+02
6	5	3	0	0	3	3.41E+07
6	5	3	0	1	3	1.84E+07
6	5	3	0	2	3	5.78E+06
6	5	3	0	3	3	2.46E+07
6	5	3	0	4	3	6.31E+05
6	5	3	0	5	3	2.88E+07
6	5	3	0	6	3	7.96E+03
6	5	3	0	7	3	3.86E+07
6	5	3	0	8	3	2.01E+05
6	5	3	0	9	3	1.12E+08
6	5	3	0	10	3	9.19E+07
6	5	3	0	11	3	3.51E+06
6	5	3	0	12	3	8.31E+05
6	5	3	0	13	3	4.57E+04
6	5	3	0	14	3	1.16E+03
6	5	4	0	0	4	3.41E+07
6	5	4	0	1	4	1.82E+07
6	5	4	0	2	4	5.83E+06
6	5	4	0	3	4	2.44E+07
6	5	4	0	4	4	6.41E+05
6	5	4	0	5	4	2.87E+07
6	5	4	0	6	4	1.21E+04
6	5	4	0	7	4	3.85E+07
6	5	4	0	8	4	3.33E+05
6	5	4	0	9	4	1.15E+08
6	5	4	0	10	4	9.01E+07
6	5	4	0	11	4	2.76E+06
6	5	4	0	12	4	8.73E+05
6	5	4	0	13	4	6.74E+04
6	5	4	0	14	4	3.08E+03
6	5	5	0	0	5	3.40E+07
6	5	5	0	1	5	1.80E+07
6	5	5	0	2	5	5.90E+06
6	5	5	0	3	5	2.43E+07
6	5	5	0	4	5	6.55E+05
6	5	5	0	5	5	2.86E+07
6	5	5	0	6	5	1.85E+04
6	5	5	0	7	5	3.84E+07
6	5	5	0	8	5	5.51E+05
6	5	5	0	9	5	1.18E+08
6	5	5	0	10	5	8.77E+07
6	5	5	0	11	5	1.93E+06
6	5	5	0	12	5	9.02E+05
6	5	5	0	13	5	9.76E+04
6	5	6	0	0	6	3.39E+07
6	5	6	0	1	6	1.78E+07
6	5	6	0	2	6	5.99E+06
6	5	6	0	3	6	2.41E+07
6	5	6	0	4	6	6.73E+05
6	5	6	0	5	6	2.85E+07
6	5	6	0	6	6	2.80E+04
6	5	6	0	7	6	3.82E+07
6	5	6	0	8	6	8.99E+05
6	5	6	0	9	6	1.23E+08
6	5	6	0	10	6	8.45E+07
6	5	6	0	11	6	1.12E+06
6	5	6	0	12	6	8.95E+05
6	5	6	0	13	6	1.33E+05
6	5	7	0	0	7	3.39E+07
6	5	7	0	1	7	1.75E+07
6	5	7	0	2	7	6.09E+06
6	5	7	0	3	7	2.38E+07
6	5	7	0	4	7	6.95E+05
6	5	7	0	5	7	2.83E+07
6	5	7	0	6	7	4.18E+04
6	5	7	0	7	7	3.80E+07
6	5	7	0	8	7	1.44E+06
6	5	7	0	9	7	1.28E+08
6	5	7	0	10	7	8.03E+07
6	5	7	0	11	7	4.39E+05
6	5	7	0	12	7	8.26E+05
6	5	7	0	13	7	1.61E+05
6	5	8	0	0	8	3.38E+07
6	5	8	0	1	8	1.71E+07
6	5	8	0	2	8	6.21E+06
6	5	8	0	3	8	2.36E+07
6	5	8	0	4	8	7.22E+05
6	5	8	0	5	8	2.81E+07
6	5	8	0	6	8	6.17E+04
6	5	8	0	7	8	3.77E+07
6	5	8	0	8	8	2.25E+06
6	5	8	0	9	8	1.35E+08
6	5	8	0	10	8	7.50E+07
6	5	8	0	11	8	4.11E+04
6	5	8	0	12	8	6.69E+05
6	5	9	0	0	9	3.36E+07
6	5	9	0	1	9	1.68E+07
6	5	9	0	2	9	6.35E+06
6	5	9	0	3	9	2.32E+07
6	5	9	0	4	9	7.54E+05
6	5	9	0	5	9	2.79E+07
6	5	9	0	6	9	9.00E+04
6	5	9	0	7	9	3.73E+07
6	5	9	0	8	9	3.47E+06
6	5	9	0	9	9	1.42E+08
6	5	9	0	10	9	6.83E+07
6	5	9	0	11	9	1.00E+05
6	5	9	0	12	9	4.21E+05
6	5	10	0	0	10	3.35E+07
6	5	10	0	1	10	1.63E+07
6	5	10	0	2	10	6.50E+06
6	5	10	0	3	10	2.29E+07
6	5	10	0	4	10	7.92E+05
6	5	10	0	5	10	2.77E+07
6	5	10	0	6	10	1.30E+05
6	5	10	0	7	10	3.68E+07
6	5	10	0	8	10	5.27E+06
6	5	10	0	9	10	1.50E+08
6	5	10	0	10	10	6.00E+07
6	5	10	0	11	10	7.79E+05
6	5	10	0	12	10	1.42E+05
6	5	11	0	0	11	3.33E+07
6	5	11	0	1	11	1.58E+07
6	5	11	0	2	11	6.68E+06
6	5	11	0	3	11	2.25E+07
6	5	11	0	4	11	8.34E+05
6	5	11	0	5	11	2.74E+07
6	5	11	0	6	11	1.87E+05
6	5	11	0	7	11	3.61E+07
6	5	11	0	8	11	7.91E+06
6	5	11	0	9	11	1.58E+08
6	5	11	0	10	11	4.99E+07
6	5	11	0	11	11	2.15E+06
6	5	12	0	0	12	3.31E+07
6	5	12	0	1	12	1.53E+07
6	5	12	0	2	12	6.87E+06
6	5	12	0	3	12	2.20E+07
6	5	12	0	4	12	8.80E+05
6	5	12	0	5	12	2.71E+07
6	5	12	0	6	12	2.68E+05
6	5	12	0	7	12	3.52E+07
6	5	12	0	8	12	1.18E+07
6	5	12	0	9	12	1.67E+08
6	5	12	0	10	12	3.81E+07
6	5	12	0	11	12	3.98E+06
6	5	13	0	0	13	3.29E+07
6	5	13	0	1	13	1.47E+07
6	5	13	0	2	13	7.08E+06
6	5	13	0	3	13	2.15E+07
6	5	13	0	4	13	9.28E+05
6	5	13	0	5	13	2.68E+07
6	5	13	0	6	13	3.84E+05
6	5	13	0	7	13	3.39E+07
6	5	13	0	8	13	1.74E+07
6	5	13	0	9	13	1.75E+08
6	5	13	0	10	13	2.50E+07
6	5	14	0	0	14	3.27E+07
6	5	14	0	1	14	1.41E+07
6	5	14	0	2	14	7.31E+06
6	5	14	0	3	14	2.10E+07
6	5	14	0	4	14	9.74E+05
6	5	14	0	5	14	2.65E+07
6	5	14	0	6	14	5.49E+05
6	5	14	0	7	14	3.22E+07
6	5	14	0	8	14	2.56E+07
6	5	14	0	9	14	1.81E+08
6	5	14	0	10	14	1.21E+07
6	5	15	0	0	15	3.24E+07
6	5	15	0	1	15	1.34E+07
6	5	15	0	2	15	7.56E+06
6	5	15	0	3	15	2.05E+07
6	5	15	0	4	15	1.02E+06
6	5	15	0	5	15	2.62E+07
6	5	15	0	6	15	7.84E+05
6	5	15	0	7	15	2.98E+07
6	5	15	0	8	15	3.75E+07
6	5	15	0	9	15	1.83E+08
6	5	15	0	10	15	2.39E+06
6	5	16	0	0	16	3.22E+07
6	5	16	0	1	16	1.27E+07
6	5	16	0	2	16	7.81E+06
6	5	16	0	3	16	1.99E+07
6	5	16	0	4	16	1.05E+06
6	5	16	0	5	16	2.58E+07
6	5	16	0	6	16	1.12E+06
6	5	16	0	7	16	2.66E+07
6	5	16	0	8	16	5.48E+07
6	5	16	0	9	16	1.75E+08
6	5	17	0	0	17	3.19E+07
6	5	17	0	1	17	1.19E+07
6	5	17	0	2	17	8.08E+06
6	5	17	0	3	17	1.93E+07
6	5	17	0	4	17	1.07E+06
6	5	17	0	5	17	2.53E+07
6	5	17	0	6	17	1.58E+06
6	5	17	0	7	17	2.23E+07
6	5	17	0	8	17	7.96E+07
6	5	17	0	9	17	1.52E+08
6	5	18	0	0	18	3.16E+07
6	5	18	0	1	18	1.12E+07
6	5	18	0	2	18	8.35E+06
6	5	18	0	3	18	1.87E+07
6	5	18	0	4	18	1.07E+06
6	5	18	0	5	18	2.48E+07
6	5	18	0	6	18	2.22E+06
6	5	18	0	7	18	1.67E+07
6	5	18	0	8	18	1.14E+08
6	5	19	0	0	19	3.12E+07
6	5	19	0	1	19	1.04E+07
6	5	19	0	2	19	8.61E+06
6	5	19	0	3	19	1.81E+07
6	5	19	0	4	19	1.05E+06
6	5	19	0	5	19	2.42E+07
6	5	19	0	6	19	3.08E+06
6	5	19	0	7	19	9.98E+06
6	5	19	0	8	19	1.60E+08
6	5	20	0	0	20	3.08E+07
6	5	20	0	1	20	9.57E+06
6	5	20	0	2	20	8.86E+06
6	5	20	0	3	20	1.74E+07
6	5	20	0	4	20	9.95E+05
6	5	20	0	5	20	2.34E+07
6	5	20	0	6	20	4.16E+06
6	5	20	0	7	20	3.12E+06
6	5	21	0	0	21	3.03E+07
6	5	21	0	1	21	8.77E+06
6	5	21	0	2	21	9.09E+06
6	5	21	0	3	21	1.68E+07
6	5	21	0	4	21	9.03E+05
6	5	21	0	5	21	2.24E+07
6	5	21	0	6	21	5.35E+06
6	5	22	0	0	22	2.98E+07
6	5	22	0	1	22	7.95E+06
6	5	22	0	2	22	9.27E+06
6	5	22	0	3	22	1.61E+07
6	5	22	0	4	22	7.71E+05
6	5	22	0	5	22	2.11E+07
6	5	22	0	6	22	6.25E+06
6	5	23	0	0	23	2.92E+07
6	5	23	0	1	23	7.14E+06
6	5	23	0	2	23	9.40E+06
6	5	23	0	3	23	1.54E+07
6	5	23	0	4	23	6.02E+05
6	5	23	0	5	23	1.95E+07
6	5	24	0	0	24	2.85E+07
6	5	24	0	1	24	6.33E+06
6	5	24	0	2	24	9.46E+06
6	5	24	0	3	24	1.47E+07
6	5	24	0	4	24	4.04E+05
6	5	24	0	5	24	1.74E+07
6	5	25	0	0	25	2.76E+07
6	5	25	0	1	25	5.53E+06
6	5	25	0	2	25	9.43E+06
6	5	25	0	3	25	1.40E+07
6	5	25	0	4	25	2.02E+05
6	6	1	0	0	1	2.40E+07
6	6	1	0	1	1	2.38E+07
6	6	1	0	2	1	8.34E+04
6	6	1	0	3	1	2.16E+07
6	6	1	0	4	1	4.56E+06
6	6	1	0	5	1	1.43E+07
6	6	1	0	6	1	1.44E+07
6	6	1	0	7	1	7.72E+06
6	6	1	0	8	1	2.85E+07
6	6	1	0	9	1	2.26E+06
6	6	1	0	10	1	1.12E+08
6	6	1	0	11	1	1.07E+08
6	6	1	0	12	1	3.67E+05
6	6	1	0	13	1	1.40E+06
6	6	1	0	14	1	3.44E+05
6	6	2	0	0	2	2.40E+07
6	6	2	0	1	2	2.37E+07
6	6	2	0	2	2	8.91E+04
6	6	2	0	3	2	2.16E+07
6	6	2	0	4	2	4.53E+06
6	6	2	0	5	2	1.43E+07
6	6	2	0	6	2	1.44E+07
6	6	2	0	7	2	7.63E+06
6	6	2	0	8	2	2.86E+07
6	6	2	0	9	2	2.01E+06
6	6	2	0	10	2	1.15E+08
6	6	2	0	11	2	1.06E+08
6	6	2	0	12	2	1.94E+05
6	6	2	0	13	2	1.30E+06
6	6	2	0	14	2	3.33E+05
6	6	3	0	0	3	2.40E+07
6	6	3	0	1	3	2.36E+07
6	6	3	0	2	3	9.81E+04
6	6	3	0	3	3	2.15E+07
6	6	3	0	4	3	4.48E+06
6	6	3	0	5	3	1.43E+07
6	6	3	0	6	3	1.44E+07
6	6	3	0	7	3	7.49E+06
6	6	3	0	8	3	2.88E+07
6	6	3	0	9	3	1.65E+06
6	6	3	0	10	3	1.18E+08
6	6	3	0	11	3	1.03E+08
6	6	3	0	12	3	3.75E+04
6	6	3	0	13	3	1.14E+06
6	6	3	0	14	3	3.00E+05
6	6	4	0	0	4	2.40E+07
6	6	4	0	1	4	2.34E+07
6	6	4	0	2	4	1.11E+05
6	6	4	0	3	4	2.15E+07
6	6	4	0	4	4	4.42E+06
6	6	4	0	5	4	1.42E+07
6	6	4	0	6	4	1.44E+07
6	6	4	0	7	4	7.30E+06
6	6	4	0	8	4	2.90E+07
6	6	4	0	9	4	1.22E+06
6	6	4	0	10	4	1.23E+08
6	6	4	0	11	4	9.91E+07
6	6	4	0	12	4	1.85E+04
6	6	4	0	13	4	9.12E+05
6	6	4	0	14	4	2.16E+05
6	6	5	0	0	5	2.40E+07
6	6	5	0	1	5	2.32E+07
6	6	5	0	2	5	1.28E+05
6	6	5	0	3	5	2.14E+07
6	6	5	0	4	5	4.34E+06
6	6	5	0	5	5	1.42E+07
6	6	5	0	6	5	1.44E+07
6	6	5	0	7	5	7.07E+06
6	6	5	0	8	5	2.93E+07
6	6	5	0	9	5	7.54E+05
6	6	5	0	10	5	1.30E+08
6	6	5	0	11	5	9.38E+07
6	6	5	0	12	5	2.97E+05
6	6	5	0	13	5	6.08E+05
6	6	6	0	0	6	2.40E+07
6	6	6	0	1	6	2.29E+07
6	6	6	0	2	6	1.50E+05
6	6	6	0	3	6	2.14E+07
6	6	6	0	4	6	4.23E+06
6	6	6	0	5	6	1.41E+07
6	6	6	0	6	6	1.44E+07
6	6	6	0	7	6	6.79E+06
6	6	6	0	8	6	2.96E+07
6	6	6	0	9	6	3.26E+05
6	6	6	0	10	6	1.38E+08
6	6	6	0	11	6	8.69E+07
6	6	6	0	12	6	1.05E+06
6	6	6	0	13	6	2.77E+05
6	6	7	0	0	7	2.40E+07
6	6	7	0	1	7	2.26E+07
6	6	7	0	2	7	1.78E+05
6	6	7	0	3	7	2.13E+07
6	6	7	0	4	7	4.12E+06
6	6	7	0	5	7	1.40E+07
6	6	7	0	6	7	1.44E+07
6	6	7	0	7	7	6.46E+06
6	6	7	0	8	7	2.98E+07
6	6	7	0	9	7	4.11E+04
6	6	7	0	10	7	1.47E+08
6	6	7	0	11	7	7.80E+07
6	6	7	0	12	7	2.44E+06
6	6	7	0	13	7	3.31E+04
6	6	8	0	0	8	2.40E+07
6	6	8	0	1	8	2.23E+07
6	6	8	0	2	8	2.14E+05
6	6	8	0	3	8	2.11E+07
6	6	8	0	4	8	3.98E+06
6	6	8	0	5	8	1.39E+07
6	6	8	0	6	8	1.43E+07
6	6	8	0	7	8	6.09E+06
6	6	8	0	8	8	3.01E+07
6	6	8	0	9	8	6.21E+04
6	6	8	0	10	8	1.58E+08
6	6	8	0	11	8	6.68E+07
6	6	8	0	12	8	4.48E+06
6	6	9	0	0	9	2.39E+07
6	6	9	0	1	9	2.19E+07
6	6	9	0	2	9	2.59E+05
6	6	9	0	3	9	2.10E+07
6	6	9	0	4	9	3.82E+06
6	6	9	0	5	9	1.39E+07
6	6	9	0	6	9	1.43E+07
6	6	9	0	7	9	5.66E+06
6	6	9	0	8	9	3.03E+07
6	6	9	0	9	9	6.41E+05
6	6	9	0	10	9	1.69E+08
6	6	9	0	11	9	5.34E+07
6	6	9	0	12	9	6.87E+06
6	6	10	0	0	10	2.39E+07
6	6	10	0	1	10	2.14E+07
6	6	10	0	2	10	3.14E+05
6	6	10	0	3	10	2.08E+07
6	6	10	0	4	10	3.64E+06
6	6	10	0	5	10	1.38E+07
6	6	10	0	6	10	1.43E+07
6	6	10	0	7	10	5.18E+06
6	6	10	0	8	10	3.04E+07
6	6	10	0	9	10	2.17E+06
6	6	10	0	10	10	1.82E+08
6	6	10	0	11	10	3.80E+07
6	6	10	0	12	10	8.66E+06
6	6	11	0	0	11	2.38E+07
6	6	11	0	1	11	2.09E+07
6	6	11	0	2	11	3.81E+05
6	6	11	0	3	11	2.07E+07
6	6	11	0	4	11	3.45E+06
6	6	11	0	5	11	1.36E+07
6	6	11	0	6	11	1.43E+07
6	6	11	0	7	11	4.64E+06
6	6	11	0	8	11	3.03E+07
6	6	11	0	9	11	5.24E+06
6	6	11	0	10	11	1.94E+08
6	6	11	0	11	11	2.18E+07
6	6	12	0	0	12	2.38E+07
6	6	12	0	1	12	2.03E+07
6	6	12	0	2	12	4.62E+05
6	6	12	0	3	12	2.04E+07
6	6	12	0	4	12	3.25E+06
6	6	12	0	5	12	1.35E+07
6	6	12	0	6	12	1.43E+07
6	6	12	0	7	12	4.04E+06
6	6	12	0	8	12	2.98E+07
6	6	12	0	9	12	1.08E+07
6	6	12	0	10	12	2.03E+08
6	6	12	0	11	12	7.59E+06
6	6	13	0	0	13	2.37E+07
6	6	13	0	1	13	1.97E+07
6	6	13	0	2	13	5.60E+05
6	6	13	0	3	13	2.02E+07
6	6	13	0	4	13	3.04E+06
6	6	13	0	5	13	1.33E+07
6	6	13	0	6	13	1.43E+07
6	6	13	0	7	13	3.39E+06
6	6	13	0	8	13	2.89E+07
6	6	13	0	9	13	2.02E+07
6	6	13	0	10	13	2.06E+08
6	6	14	0	0	14	2.35E+07
6	6	14	0	1	14	1.90E+07
6	6	14	0	2	14	6.76E+05
6	6	14	0	3	14	1.99E+07
6	6	14	0	4	14	2.82E+06
6	6	14	0	5	14	1.32E+07
6	6	14	0	6	14	1.44E+07
6	6	14	0	7	14	2.69E+06
6	6	14	0	8	14	2.71E+07
6	6	14	0	9	14	3.57E+07
6	6	14	0	10	14	1.97E+08
6	6	15	0	0	15	2.34E+07
6	6	15	0	1	15	1.82E+07
6	6	15	0	2	15	8.11E+05
6	6	15	0	3	15	1.96E+07
6	6	15	0	4	15	2.61E+06
6	6	15	0	5	15	1.29E+07
6	6	15	0	6	15	1.44E+07
6	6	15	0	7	15	1.97E+06
6	6	15	0	8	15	2.41E+07
6	6	15	0	9	15	5.99E+07
6	6	15	0	10	15	1.64E+08
6	6	16	0	0	16	2.33E+07
6	6	16	0	1	16	1.74E+07
6	6	16	0	2	16	9.69E+05
6	6	16	0	3	16	1.92E+07
6	6	16	0	4	16	2.40E+06
6	6	16	0	5	16	1.26E+07
6	6	16	0	6	16	1.45E+07
6	6	16	0	7	16	1.28E+06
6	6	16	0	8	16	1.96E+07
6	6	16	0	9	16	9.64E+07
6	6	17	0	0	17	2.31E+07
6	6	17	0	1	17	1.65E+07
6	6	17	0	2	17	1.15E+06
6	6	17	0	3	17	1.88E+07
6	6	17	0	4	17	2.20E+06
6	6	17	0	5	17	1.23E+07
6	6	17	0	6	17	1.47E+07
6	6	17	0	7	17	6.60E+05
6	6	17	0	8	17	1.33E+07
6	6	17	0	9	17	1.46E+08
6	6	18	0	0	18	2.29E+07
6	6	18	0	1	18	1.56E+07
6	6	18	0	2	18	1.35E+06
6	6	18	0	3	18	1.84E+07
6	6	18	0	4	18	2.01E+06
6	6	18	0	5	18	1.18E+07
6	6	18	0	6	18	1.48E+07
6	6	18	0	7	18	2.11E+05
6	6	18	0	8	18	5.59E+06
6	6	19	0	0	19	2.27E+07
6	6	19	0	1	19	1.46E+07
6	6	19	0	2	19	1.57E+06
6	6	19	0	3	19	1.79E+07
6	6	19	0	4	19	1.84E+06
6	6	19	0	5	19	1.12E+07
6	6	19	0	6	19	1.49E+07
6	6	19	0	7	19	9.16E+03
6	6	19	0	8	19	8.15E+04
6	6	20	0	0	20	2.24E+07
6	6	20	0	1	20	1.36E+07
6	6	20	0	2	20	1.81E+06
6	6	20	0	3	20	1.73E+07
6	6	20	0	4	20	1.70E+06
6	6	20	0	5	20	1.05E+07
6	6	20	0	6	20	1.50E+07
6	6	20	0	7	20	4.26E+04
6	6	21	0	0	21	2.20E+07
6	6	21	0	1	21	1.26E+07
6	6	21	0	2	21	2.07E+06
6	6	21	0	3	21	1.67E+07
6	6	21	0	4	21	1.57E+06
6	6	21	0	5	21	9.64E+06
6	6	21	0	6	21	1.49E+07
6	6	22	0	0	22	2.16E+07
6	6	22	0	1	22	1.15E+07
6	6	22	0	2	22	2.33E+06
6	6	22	0	3	22	1.60E+07
6	6	22	0	4	22	1.48E+06
6	6	22	0	5	22	8.59E+06
6	6	22	0	6	22	1.48E+07
6	6	23	0	0	23	2.11E+07
6	6	23	0	1	23	1.03E+07
6	6	23	0	2	23	2.59E+06
6	6	23	0	3	23	1.52E+07
6	6	23	0	4	23	1.42E+06
6	6	23	0	5	23	7.33E+06
6	6	24	0	0	24	2.04E+07
6	6	24	0	1	24	9.12E+06
6	6	24	0	2	24	2.83E+06
6	6	24	0	3	24	1.42E+07
6	6	24	0	4	24	1.38E+06
6	6	24	0	5	24	5.82E+06
6	6	25	0	0	25	1.95E+07
6	6	25	0	1	25	7.88E+06
6	6	25	0	2	25	3.05E+06
6	6	25	0	3	25	1.32E+07
6	6	25	0	4	25	1.38E+06
6	7	1	0	0	1	1.65E+07
6	7	1	0	1	1	2.44E+07
6	7	1	0	2	1	1.67E+06
6	7	1	0	3	1	1.22E+07
6	7	1	0	4	1	1.32E+07
6	7	1	0	5	1	1.56E+06
6	7	1	0	6	1	2.03E+07
6	7	1	0	7	1	1.44E+06
6	7	1	0	8	1	1.84E+07
6	7	1	0	9	1	1.49E+07
6	7	1	0	10	1	4.86E+06
6	7	1	0	11	1	1.35E+08
6	7	1	0	12	1	9.76E+07
6	7	1	0	13	1	5.34E+06
6	7	1	0	14	1	1.04E+04
6	7	2	0	0	2	1.65E+07
6	7	2	0	1	2	2.43E+07
6	7	2	0	2	2	1.64E+06
6	7	2	0	3	2	1.22E+07
6	7	2	0	4	2	1.32E+07
6	7	2	0	5	2	1.57E+06
6	7	2	0	6	2	2.03E+07
6	7	2	0	7	2	1.46E+06
6	7	2	0	8	2	1.82E+07
6	7	2	0	9	2	1.51E+07
6	7	2	0	10	2	4.33E+06
6	7	2	0	11	2	1.39E+08
6	7	2	0	12	2	9.37E+07
6	7	2	0	13	2	6.22E+06
6	7	2	0	14	2	6.00E+04
6	7	3	0	0	3	1.66E+07
6	7	3	0	1	3	2.42E+07
6	7	3	0	2	3	1.59E+06
6	7	3	0	3	3	1.22E+07
6	7	3	0	4	3	1.31E+07
6	7	3	0	5	3	1.58E+06
6	7	3	0	6	3	2.02E+07
6	7	3	0	7	3	1.49E+06
6	7	3	0	8	3	1.80E+07
6	7	3	0	9	3	1.54E+07
6	7	3	0	10	3	3.59E+06
6	7	3	0	11	3	1.45E+08
6	7	3	0	12	3	8.76E+07
6	7	3	0	13	3	7.58E+06
6	7	3	0	14	3	1.98E+05
6	7	4	0	0	4	1.66E+07
6	7	4	0	1	4	2.41E+07
6	7	4	0	2	4	1.53E+06
6	7	4	0	3	4	1.23E+07
6	7	4	0	4	4	1.29E+07
6	7	4	0	5	4	1.59E+06
6	7	4	0	6	4	2.01E+07
6	7	4	0	7	4	1.53E+06
6	7	4	0	8	4	1.77E+07
6	7	4	0	9	4	1.59E+07
6	7	4	0	10	4	2.66E+06
6	7	4	0	11	4	1.53E+08
6	7	4	0	12	4	7.92E+07
6	7	4	0	13	4	9.35E+06
6	7	4	0	14	4	4.11E+05
6	7	5	0	0	5	1.66E+07
6	7	5	0	1	5	2.39E+07
6	7	5	0	2	5	1.45E+06
6	7	5	0	3	5	1.23E+07
6	7	5	0	4	5	1.28E+07
6	7	5	0	5	5	1.61E+06
6	7	5	0	6	5	2.00E+07
6	7	5	0	7	5	1.58E+06
6	7	5	0	8	5	1.73E+07
6	7	5	0	9	5	1.64E+07
6	7	5	0	10	5	1.65E+06
6	7	5	0	11	5	1.63E+08
6	7	5	0	12	5	6.82E+07
6	7	5	0	13	5	1.13E+07
6	7	6	0	0	6	1.67E+07
6	7	6	0	1	6	2.36E+07
6	7	6	0	2	6	1.36E+06
6	7	6	0	3	6	1.24E+07
6	7	6	0	4	6	1.26E+07
6	7	6	0	5	6	1.64E+06
6	7	6	0	6	6	1.98E+07
6	7	6	0	7	6	1.64E+06
6	7	6	0	8	6	1.68E+07
6	7	6	0	9	6	1.70E+07
6	7	6	0	10	6	7.07E+05
6	7	6	0	11	6	1.75E+08
6	7	6	0	12	6	5.48E+07
6	7	6	0	13	6	1.29E+07
6	7	7	0	0	7	1.67E+07
6	7	7	0	1	7	2.34E+07
6	7	7	0	2	7	1.26E+06
6	7	7	0	3	7	1.24E+07
6	7	7	0	4	7	1.24E+07
6	7	7	0	5	7	1.67E+06
6	7	7	0	6	7	1.96E+07
6	7	7	0	7	7	1.72E+06
6	7	7	0	8	7	1.62E+07
6	7	7	0	9	7	1.76E+07
6	7	7	0	10	7	7.88E+04
6	7	7	0	11	7	1.88E+08
6	7	7	0	12	7	3.93E+07
6	7	7	0	13	7	1.29E+07
6	7	8	0	0	8	1.67E+07
6	7	8	0	1	8	2.30E+07
6	7	8	0	2	8	1.15E+06
6	7	8	0	3	8	1.25E+07
6	7	8	0	4	8	1.21E+07
6	7	8	0	5	8	1.70E+06
6	7	8	0	6	8	1.94E+07
6	7	8	0	7	8	1.80E+06
6	7	8	0	8	8	1.55E+07
6	7	8	0	9	8	1.83E+07
6	7	8	0	10	8	1.76E+05
6	7	8	0	11	8	2.02E+08
6	7	8	0	12	8	2.29E+07
6	7	9	0	0	9	1.67E+07
6	7	9	0	1	9	2.27E+07
6	7	9	0	2	9	1.03E+06
6	7	9	0	3	9	1.26E+07
6	7	9	0	4	9	1.18E+07
6	7	9	0	5	9	1.75E+06
6	7	9	0	6	9	1.91E+07
6	7	9	0	7	9	1.91E+06
6	7	9	0	8	9	1.47E+07
6	7	9	0	9	9	1.89E+07
6	7	9	0	10	9	1.67E+06
6	7	9	0	11	9	2.15E+08
6	7	9	0	12	9	8.53E+06
6	7	10	0	0	10	1.67E+07
6	7	10	0	1	10	2.23E+07
6	7	10	0	2	10	9.02E+05
6	7	10	0	3	10	1.26E+07
6	7	10	0	4	10	1.14E+07
6	7	10	0	5	10	1.79E+06
6	7	10	0	6	10	1.89E+07
6	7	10	0	7	10	2.03E+06
6	7	10	0	8	10	1.37E+07
6	7	10	0	9	10	1.93E+07
6	7	10	0	10	10	5.62E+06
6	7	10	0	11	10	2.23E+08
6	7	10	0	12	10	4.31E+05
6	7	11	0	0	11	1.67E+07
6	7	11	0	1	11	2.18E+07
6	7	11	0	2	11	7.70E+05
6	7	11	0	3	11	1.27E+07
6	7	11	0	4	11	1.10E+07
6	7	11	0	5	11	1.84E+06
6	7	11	0	6	11	1.85E+07
6	7	11	0	7	11	2.19E+06
6	7	11	0	8	11	1.27E+07
6	7	11	0	9	11	1.94E+07
6	7	11	0	10	11	1.37E+07
6	7	11	0	11	11	2.21E+08
6	7	12	0	0	12	1.67E+07
6	7	12	0	1	12	2.13E+07
6	7	12	0	2	12	6.36E+05
6	7	12	0	3	12	1.27E+07
6	7	12	0	4	12	1.06E+07
6	7	12	0	5	12	1.90E+06
6	7	12	0	6	12	1.82E+07
6	7	12	0	7	12	2.37E+06
6	7	12	0	8	12	1.14E+07
6	7	12	0	9	12	1.89E+07
6	7	12	0	10	12	2.84E+07
6	7	12	0	11	12	2.00E+08
6	7	13	0	0	13	1.67E+07
6	7	13	0	1	13	2.07E+07
6	7	13	0	2	13	5.04E+05
6	7	13	0	3	13	1.28E+07
6	7	13	0	4	13	1.01E+07
6	7	13	0	5	13	1.95E+06
6	7	13	0	6	13	1.78E+07
6	7	13	0	7	13	2.60E+06
6	7	13	0	8	13	1.00E+07
6	7	13	0	9	13	1.74E+07
6	7	13	0	10	13	5.32E+07
6	7	14	0	0	14	1.67E+07
6	7	14	0	1	14	2.00E+07
6	7	14	0	2	14	3.78E+05
6	7	14	0	3	14	1.28E+07
6	7	14	0	4	14	9.63E+06
6	7	14	0	5	14	2.01E+06
6	7	14	0	6	14	1.74E+07
6	7	14	0	7	14	2.88E+06
6	7	14	0	8	14	8.49E+06
6	7	14	0	9	14	1.44E+07
6	7	14	0	10	14	9.16E+07
6	7	15	0	0	15	1.66E+07
6	7	15	0	1	15	1.93E+07
6	7	15	0	2	15	2.62E+05
6	7	15	0	3	15	1.28E+07
6	7	15	0	4	15	9.10E+06
6	7	15	0	5	15	2.05E+06
6	7	15	0	6	15	1.69E+07
6	7	15	0	7	15	3.23E+06
6	7	15	0	8	15	6.87E+06
6	7	15	0	9	15	9.61E+06
6	7	15	0	10	15	1.43E+08
6	7	16	0	0	16	1.65E+07
6	7	16	0	1	16	1.85E+07
6	7	16	0	2	16	1.60E+05
6	7	16	0	3	16	1.28E+07
6	7	16	0	4	16	8.56E+06
6	7	16	0	5	16	2.08E+06
6	7	16	0	6	16	1.64E+07
6	7	16	0	7	16	3.66E+06
6	7	16	0	8	16	5.26E+06
6	7	16	0	9	16	3.51E+06
6	7	17	0	0	17	1.64E+07
6	7	17	0	1	17	1.76E+07
6	7	17	0	2	17	7.96E+04
6	7	17	0	3	17	1.27E+07
6	7	17	0	4	17	7.99E+06
6	7	17	0	5	17	2.09E+06
6	7	17	0	6	17	1.58E+07
6	7	17	0	7	17	4.17E+06
6	7	17	0	8	17	3.82E+06
6	7	17	0	9	17	4.80E+04
6	7	18	0	0	18	1.63E+07
6	7	18	0	1	18	1.67E+07
6	7	18	0	2	18	2.47E+04
6	7	18	0	3	18	1.26E+07
6	7	18	0	4	18	7.42E+06
6	7	18	0	5	18	2.07E+06
6	7	18	0	6	18	1.51E+07
6	7	18	0	7	18	4.80E+06
6	7	18	0	8	18	2.83E+06
6	7	19	0	0	19	1.61E+07
6	7	19	0	1	19	1.57E+07
6	7	19	0	2	19	6.87E+02
6	7	19	0	3	19	1.24E+07
6	7	19	0	4	19	6.84E+06
6	7	19	0	5	19	2.01E+06
6	7	19	0	6	19	1.42E+07
6	7	19	0	7	19	5.54E+06
6	7	19	0	8	19	2.88E+06
6	7	20	0	0	20	1.59E+07
6	7	20	0	1	20	1.46E+07
6	7	20	0	2	20	1.20E+04
6	7	20	0	3	20	1.22E+07
6	7	20	0	4	20	6.26E+06
6	7	20	0	5	20	1.91E+06
6	7	20	0	6	20	1.32E+07
6	7	20	0	7	20	6.47E+06
6	7	21	0	0	21	1.56E+07
6	7	21	0	1	21	1.34E+07
6	7	21	0	2	21	6.22E+04
6	7	21	0	3	21	1.19E+07
6	7	21	0	4	21	5.68E+06
6	7	21	0	5	21	1.75E+06
6	7	21	0	6	21	1.20E+07
6	7	22	0	0	22	1.52E+07
6	7	22	0	1	22	1.21E+07
6	7	22	0	2	22	1.53E+05
6	7	22	0	3	22	1.14E+07
6	7	22	0	4	22	5.10E+06
6	7	22	0	5	22	1.53E+06
6	7	22	0	6	22	1.04E+07
6	7	23	0	0	23	1.46E+07
6	7	23	0	1	23	1.08E+07
6	7	23	0	2	23	2.84E+05
6	7	23	0	3	23	1.09E+07
6	7	23	0	4	23	4.51E+06
6	7	23	0	5	23	1.25E+06
6	7	24	0	0	24	1.38E+07
6	7	24	0	1	24	9.23E+06
6	7	24	0	2	24	4.49E+05
6	7	24	0	3	24	1.00E+07
6	7	24	0	4	24	3.90E+06
6	7	24	0	5	24	9.26E+05
6	8	1	0	0	1	1.13E+07
6	8	1	0	1	1	2.22E+07
6	8	1	0	2	1	5.46E+06
6	8	1	0	3	1	4.55E+06
6	8	1	0	4	1	1.59E+07
6	8	1	0	5	1	8.14E+05
6	8	1	0	6	1	1.17E+07
6	8	1	0	7	1	1.14E+07
6	8	1	0	8	1	1.45E+06
6	8	1	0	9	1	2.07E+07
6	8	1	0	10	1	5.63E+06
6	8	1	0	11	1	2.48E+06
6	8	1	0	12	1	1.87E+08
6	8	1	0	13	1	3.94E+07
6	8	1	0	14	1	1.67E+07
6	8	2	0	0	2	1.13E+07
6	8	2	0	1	2	2.22E+07
6	8	2	0	2	2	5.40E+06
6	8	2	0	3	2	4.58E+06
6	8	2	0	4	2	1.58E+07
6	8	2	0	5	2	7.99E+05
6	8	2	0	6	2	1.16E+07
6	8	2	0	7	2	1.14E+07
6	8	2	0	8	2	1.41E+06
6	8	2	0	9	2	2.06E+07
6	8	2	0	10	2	5.84E+06
6	8	2	0	11	2	1.92E+06
6	8	2	0	12	2	1.93E+08
6	8	2	0	13	2	3.37E+07
6	8	2	0	14	2	1.54E+07
6	8	3	0	0	3	1.14E+07
6	8	3	0	1	3	2.21E+07
6	8	3	0	2	3	5.30E+06
6	8	3	0	3	3	4.63E+06
6	8	3	0	4	3	1.57E+07
6	8	3	0	5	3	7.77E+05
6	8	3	0	6	3	1.16E+07
6	8	3	0	7	3	1.13E+07
6	8	3	0	8	3	1.35E+06
6	8	3	0	9	3	2.05E+07
6	8	3	0	10	3	6.16E+06
6	8	3	0	11	3	1.19E+06
6	8	3	0	12	3	2.00E+08
6	8	3	0	13	3	2.58E+07
6	8	3	0	14	3	1.27E+07
6	8	4	0	0	4	1.14E+07
6	8	4	0	1	4	2.19E+07
6	8	4	0	2	4	5.18E+06
6	8	4	0	3	4	4.70E+06
6	8	4	0	4	4	1.56E+07
6	8	4	0	5	4	7.48E+05
6	8	4	0	6	4	1.15E+07
6	8	4	0	7	4	1.13E+07
6	8	4	0	8	4	1.27E+06
6	8	4	0	9	4	2.02E+07
6	8	4	0	10	4	6.57E+06
6	8	4	0	11	4	4.56E+05
6	8	4	0	12	4	2.09E+08
6	8	4	0	13	4	1.65E+07
6	8	4	0	14	4	8.12E+06
6	8	5	0	0	5	1.14E+07
6	8	5	0	1	5	2.18E+07
6	8	5	0	2	5	5.02E+06
6	8	5	0	3	5	4.78E+06
6	8	5	0	4	5	1.55E+07
6	8	5	0	5	5	7.11E+05
6	8	5	0	6	5	1.15E+07
6	8	5	0	7	5	1.12E+07
6	8	5	0	8	5	1.17E+06
6	8	5	0	9	5	1.99E+07
6	8	5	0	10	5	7.08E+06
6	8	5	0	11	5	1.46E+04
6	8	5	0	12	5	2.19E+08
6	8	5	0	13	5	7.37E+06
6	8	6	0	0	6	1.15E+07
6	8	6	0	1	6	2.16E+07
6	8	6	0	2	6	4.83E+06
6	8	6	0	3	6	4.88E+06
6	8	6	0	4	6	1.53E+07
6	8	6	0	5	6	6.67E+05
6	8	6	0	6	6	1.14E+07
6	8	6	0	7	6	1.12E+07
6	8	6	0	8	6	1.05E+06
6	8	6	0	9	6	1.95E+07
6	8	6	0	10	6	7.65E+06
6	8	6	0	11	6	3.58E+05
6	8	6	0	12	6	2.28E+08
6	8	6	0	13	6	1.09E+06
6	8	7	0	0	7	1.15E+07
6	8	7	0	1	7	2.14E+07
6	8	7	0	2	7	4.62E+06
6	8	7	0	3	7	4.99E+06
6	8	7	0	4	7	1.51E+07
6	8	7	0	5	7	6.16E+05
6	8	7	0	6	7	1.13E+07
6	8	7	0	7	7	1.11E+07
6	8	7	0	8	7	9.26E+05
6	8	7	0	9	7	1.89E+07
6	8	7	0	10	7	8.25E+06
6	8	7	0	11	7	2.30E+06
6	8	7	0	12	7	2.33E+08
6	8	7	0	13	7	7.89E+05
6	8	8	0	0	8	1.16E+07
6	8	8	0	1	8	2.11E+07
6	8	8	0	2	8	4.38E+06
6	8	8	0	3	8	5.12E+06
6	8	8	0	4	8	1.49E+07
6	8	8	0	5	8	5.60E+05
6	8	8	0	6	8	1.12E+07
6	8	8	0	7	8	1.10E+07
6	8	8	0	8	8	7.87E+05
6	8	8	0	9	8	1.83E+07
6	8	8	0	10	8	8.78E+06
6	8	8	0	11	8	7.12E+06
6	8	8	0	12	8	2.29E+08
6	8	9	0	0	9	1.16E+07
6	8	9	0	1	9	2.08E+07
6	8	9	0	2	9	4.12E+06
6	8	9	0	3	9	5.26E+06
6	8	9	0	4	9	1.46E+07
6	8	9	0	5	9	4.98E+05
6	8	9	0	6	9	1.11E+07
6	8	9	0	7	9	1.09E+07
6	8	9	0	8	9	6.40E+05
6	8	9	0	9	9	1.75E+07
6	8	9	0	10	9	9.10E+06
6	8	9	0	11	9	1.68E+07
6	8	9	0	12	9	2.08E+08
6	8	10	0	0	10	1.17E+07
6	8	10	0	1	10	2.05E+07
6	8	10	0	2	10	3.83E+06
6	8	10	0	3	10	5.42E+06
6	8	10	0	4	10	1.43E+07
6	8	10	0	5	10	4.33E+05
6	8	10	0	6	10	1.09E+07
6	8	10	0	7	10	1.08E+07
6	8	10	0	8	10	4.88E+05
6	8	10	0	9	10	1.65E+07
6	8	10	0	10	10	9.00E+06
6	8	10	0	11	10	3.42E+07
6	8	10	0	12	10	1.62E+08
6	8	11	0	0	11	1.17E+07
6	8	11	0	1	11	2.01E+07
6	8	11	0	2	11	3.52E+06
6	8	11	0	3	11	5.59E+06
6	8	11	0	4	11	1.39E+07
6	8	11	0	5	11	3.66E+05
6	8	11	0	6	11	1.08E+07
6	8	11	0	7	11	1.07E+07
6	8	11	0	8	11	3.37E+05
6	8	11	0	9	11	1.54E+07
6	8	11	0	10	11	8.15E+06
6	8	11	0	11	11	6.26E+07
6	8	12	0	0	12	1.17E+07
6	8	12	0	1	12	1.96E+07
6	8	12	0	2	12	3.19E+06
6	8	12	0	3	12	5.77E+06
6	8	12	0	4	12	1.35E+07
6	8	12	0	5	12	2.99E+05
6	8	12	0	6	12	1.06E+07
6	8	12	0	7	12	1.05E+07
6	8	12	0	8	12	1.98E+05
6	8	12	0	9	12	1.40E+07
6	8	12	0	10	12	6.21E+06
6	8	12	0	11	12	1.04E+08
6	8	13	0	0	13	1.17E+07
6	8	13	0	1	13	1.91E+07
6	8	13	0	2	13	2.84E+06
6	8	13	0	3	13	5.96E+06
6	8	13	0	4	13	1.30E+07
6	8	13	0	5	13	2.34E+05
6	8	13	0	6	13	1.04E+07
6	8	13	0	7	13	1.04E+07
6	8	13	0	8	13	8.25E+04
6	8	13	0	9	13	1.25E+07
6	8	13	0	10	13	3.14E+06
6	8	14	0	0	14	1.17E+07
6	8	14	0	1	14	1.86E+07
6	8	14	0	2	14	2.48E+06
6	8	14	0	3	14	6.15E+06
6	8	14	0	4	14	1.25E+07
6	8	14	0	5	14	1.74E+05
6	8	14	0	6	14	1.01E+07
6	8	14	0	7	14	1.02E+07
6	8	14	0	8	14	1.10E+04
6	8	14	0	9	14	1.09E+07
6	8	14	0	10	14	2.12E+05
6	8	15	0	0	15	1.16E+07
6	8	15	0	1	15	1.79E+07
6	8	15	0	2	15	2.12E+06
6	8	15	0	3	15	6.34E+06
6	8	15	0	4	15	1.19E+07
6	8	15	0	5	15	1.21E+05
6	8	15	0	6	15	9.80E+06
6	8	15	0	7	15	1.00E+07
6	8	15	0	8	15	1.12E+04
6	8	15	0	9	15	9.52E+06
6	8	15	0	10	15	3.19E+06
6	8	16	0	0	16	1.16E+07
6	8	16	0	1	16	1.72E+07
6	8	16	0	2	16	1.76E+06
6	8	16	0	3	16	6.53E+06
6	8	16	0	4	16	1.13E+07
6	8	16	0	5	16	7.76E+04
6	8	16	0	6	16	9.43E+06
6	8	16	0	7	16	9.84E+06
6	8	16	0	8	16	1.23E+05
6	8	16	0	9	16	8.86E+06
6	8	17	0	0	17	1.15E+07
6	8	17	0	1	17	1.64E+07
6	8	17	0	2	17	1.40E+06
6	8	17	0	3	17	6.71E+06
6	8	17	0	4	17	1.06E+07
6	8	17	0	5	17	4.37E+04
6	8	17	0	6	17	8.99E+06
6	8	17	0	7	17	9.61E+06
6	8	17	0	8	17	4.05E+05
6	8	17	0	9	17	1.05E+07
6	8	18	0	0	18	1.14E+07
6	8	18	0	1	18	1.54E+07
6	8	18	0	2	18	1.06E+06
6	8	18	0	3	18	6.85E+06
6	8	18	0	4	18	9.83E+06
6	8	18	0	5	18	2.01E+04
6	8	18	0	6	18	8.46E+06
6	8	18	0	7	18	9.31E+06
6	8	18	0	8	18	9.87E+05
6	8	19	0	0	19	1.12E+07
6	8	19	0	1	19	1.44E+07
6	8	19	0	2	19	7.53E+05
6	8	19	0	3	19	6.95E+06
6	8	19	0	4	19	9.04E+06
6	8	19	0	5	19	6.25E+03
6	8	19	0	6	19	7.83E+06
6	8	19	0	7	19	8.89E+06
6	8	19	0	8	19	2.33E+06
6	8	20	0	0	20	1.10E+07
6	8	20	0	1	20	1.33E+07
6	8	20	0	2	20	4.82E+05
6	8	20	0	3	20	6.99E+06
6	8	20	0	4	20	8.19E+06
6	8	20	0	5	20	5.14E+02
6	8	20	0	6	20	7.06E+06
6	8	20	0	7	20	8.22E+06
6	8	21	0	0	21	1.06E+07
6	8	21	0	1	21	1.20E+07
6	8	21	0	2	21	2.61E+05
6	8	21	0	3	21	6.93E+06
6	8	21	0	4	21	7.28E+06
6	8	21	0	5	21	6.24E+02
6	8	21	0	6	21	6.15E+06
6	8	22	0	0	22	1.01E+07
6	8	22	0	1	22	1.05E+07
6	8	22	0	2	22	1.01E+05
6	8	22	0	3	22	6.73E+06
6	8	22	0	4	22	6.29E+06
6	8	22	0	5	22	3.81E+03
6	8	22	0	6	22	5.08E+06
6	9	1	0	0	1	7.73E+06
6	9	1	0	1	1	1.88E+07
6	9	1	0	2	1	8.64E+06
6	9	1	0	3	1	8.05E+05
6	9	1	0	4	1	1.31E+07
6	9	1	0	5	1	5.15E+06
6	9	1	0	6	1	3.07E+06
6	9	1	0	7	1	1.43E+07
6	9	1	0	8	1	1.85E+06
6	9	1	0	9	1	7.60E+06
6	9	1	0	10	1	1.62E+07
6	9	1	0	11	1	1.34E+06
6	9	1	0	12	1	1.00E+06
6	9	1	0	13	1	2.35E+08
6	9	1	0	14	1	4.73E+06
6	9	2	0	0	2	7.74E+06
6	9	2	0	1	2	1.88E+07
6	9	2	0	2	2	8.55E+06
6	9	2	0	3	2	8.27E+05
6	9	2	0	4	2	1.31E+07
6	9	2	0	5	2	5.10E+06
6	9	2	0	6	2	3.08E+06
6	9	2	0	7	2	1.43E+07
6	9	2	0	8	2	1.87E+06
6	9	2	0	9	2	7.47E+06
6	9	2	0	10	2	1.62E+07
6	9	2	0	11	2	1.44E+06
6	9	2	0	12	2	1.75E+06
6	9	2	0	13	2	2.34E+08
6	9	2	0	14	2	7.29E+06
6	9	3	0	0	3	7.77E+06
6	9	3	0	1	3	1.87E+07
6	9	3	0	2	3	8.43E+06
6	9	3	0	3	3	8.59E+05
6	9	3	0	4	3	1.31E+07
6	9	3	0	5	3	5.02E+06
6	9	3	0	6	3	3.09E+06
6	9	3	0	7	3	1.42E+07
6	9	3	0	8	3	1.89E+06
6	9	3	0	9	3	7.27E+06
6	9	3	0	10	3	1.62E+07
6	9	3	0	11	3	1.60E+06
6	9	3	0	12	3	3.32E+06
6	9	3	0	13	3	2.30E+08
6	9	3	0	14	3	1.13E+07
6	9	4	0	0	4	7.80E+06
6	9	4	0	1	4	1.86E+07
6	9	4	0	2	4	8.26E+06
6	9	4	0	3	4	9.03E+05
6	9	4	0	4	4	1.30E+07
6	9	4	0	5	4	4.92E+06
6	9	4	0	6	4	3.11E+06
6	9	4	0	7	4	1.41E+07
6	9	4	0	8	4	1.92E+06
6	9	4	0	9	4	7.01E+06
6	9	4	0	10	4	1.61E+07
6	9	4	0	11	4	1.78E+06
6	9	4	0	12	4	6.37E+06
6	9	4	0	13	4	2.22E+08
6	9	4	0	14	4	1.45E+07
6	9	5	0	0	5	7.84E+06
6	9	5	0	1	5	1.85E+07
6	9	5	0	2	5	8.05E+06
6	9	5	0	3	5	9.59E+05
6	9	5	0	4	5	1.30E+07
6	9	5	0	5	5	4.79E+06
6	9	5	0	6	5	3.13E+06
6	9	5	0	7	5	1.39E+07
6	9	5	0	8	5	1.96E+06
6	9	5	0	9	5	6.69E+06
6	9	5	0	10	5	1.60E+07
6	9	5	0	11	5	1.98E+06
6	9	5	0	12	5	1.19E+07
6	9	5	0	13	5	2.04E+08
6	9	6	0	0	6	7.88E+06
6	9	6	0	1	6	1.84E+07
6	9	6	0	2	6	7.81E+06
6	9	6	0	3	6	1.03E+06
6	9	6	0	4	6	1.29E+07
6	9	6	0	5	6	4.63E+06
6	9	6	0	6	6	3.15E+06
6	9	6	0	7	6	1.37E+07
6	9	6	0	8	6	2.00E+06
6	9	6	0	9	6	6.30E+06
6	9	6	0	10	6	1.59E+07
6	9	6	0	11	6	2.13E+06
6	9	6	0	12	6	2.14E+07
6	9	6	0	13	6	1.72E+08
6	9	7	0	0	7	7.93E+06
6	9	7	0	1	7	1.82E+07
6	9	7	0	2	7	7.52E+06
6	9	7	0	3	7	1.11E+06
6	9	7	0	4	7	1.28E+07
6	9	7	0	5	7	4.45E+06
6	9	7	0	6	7	3.18E+06
6	9	7	0	7	7	1.35E+07
6	9	7	0	8	7	2.05E+06
6	9	7	0	9	7	5.85E+06
6	9	7	0	10	7	1.57E+07
6	9	7	0	11	7	2.15E+06
6	9	7	0	12	7	3.70E+07
6	9	7	0	13	7	1.22E+08
6	9	8	0	0	8	7.98E+06
6	9	8	0	1	8	1.80E+07
6	9	8	0	2	8	7.20E+06
6	9	8	0	3	8	1.21E+06
6	9	8	0	4	8	1.27E+07
6	9	8	0	5	8	4.24E+06
6	9	8	0	6	8	3.21E+06
6	9	8	0	7	8	1.33E+07
6	9	8	0	8	8	2.11E+06
6	9	8	0	9	8	5.34E+06
6	9	8	0	10	8	1.53E+07
6	9	8	0	11	8	1.91E+06
6	9	8	0	12	8	6.08E+07
6	9	9	0	0	9	8.03E+06
6	9	9	0	1	9	1.78E+07
6	9	9	0	2	9	6.84E+06
6	9	9	0	3	9	1.33E+06
6	9	9	0	4	9	1.26E+07
6	9	9	0	5	9	4.00E+06
6	9	9	0	6	9	3.25E+06
6	9	9	0	7	9	1.30E+07
6	9	9	0	8	9	2.18E+06
6	9	9	0	9	9	4.77E+06
6	9	9	0	10	9	1.49E+07
6	9	9	0	11	9	1.30E+06
6	9	9	0	12	9	9.36E+07
6	9	10	0	0	10	8.08E+06
6	9	10	0	1	10	1.75E+07
6	9	10	0	2	10	6.45E+06
6	9	10	0	3	10	1.46E+06
6	9	10	0	4	10	1.24E+07
6	9	10	0	5	10	3.74E+06
6	9	10	0	6	10	3.29E+06
6	9	10	0	7	10	1.27E+07
6	9	10	0	8	10	2.26E+06
6	9	10	0	9	10	4.14E+06
6	9	10	0	10	10	1.43E+07
6	9	10	0	11	10	4.06E+05
6	9	10	0	12	10	1.29E+08
6	9	11	0	0	11	8.11E+06
6	9	11	0	1	11	1.72E+07
6	9	11	0	2	11	6.02E+06
6	9	11	0	3	11	1.61E+06
6	9	11	0	4	11	1.22E+07
6	9	11	0	5	11	3.45E+06
6	9	11	0	6	11	3.32E+06
6	9	11	0	7	11	1.23E+07
6	9	11	0	8	11	2.35E+06
6	9	11	0	9	11	3.45E+06
6	9	11	0	10	11	1.37E+07
6	9	11	0	11	11	8.52E+04
6	9	12	0	0	12	8.14E+06
6	9	12	0	1	12	1.68E+07
6	9	12	0	2	12	5.55E+06
6	9	12	0	3	12	1.78E+06
6	9	12	0	4	12	1.19E+07
6	9	12	0	5	12	3.15E+06
6	9	12	0	6	12	3.36E+06
6	9	12	0	7	12	1.20E+07
6	9	12	0	8	12	2.46E+06
6	9	12	0	9	12	2.73E+06
6	9	12	0	10	12	1.32E+07
6	9	12	0	11	12	3.52E+06
6	9	13	0	0	13	8.14E+06
6	9	13	0	1	13	1.63E+07
6	9	13	0	2	13	5.06E+06
6	9	13	0	3	13	1.97E+06
6	9	13	0	4	13	1.16E+07
6	9	13	0	5	13	2.83E+06
6	9	13	0	6	13	3.38E+06
6	9	13	0	7	13	1.15E+07
6	9	13	0	8	13	2.59E+06
6	9	13	0	9	13	1.99E+06
6	9	13	0	10	13	1.31E+07
6	9	14	0	0	14	8.14E+06
6	9	14	0	1	14	1.58E+07
6	9	14	0	2	14	4.53E+06
6	9	14	0	3	14	2.17E+06
6	9	14	0	4	14	1.12E+07
6	9	14	0	5	14	2.50E+06
6	9	14	0	6	14	3.40E+06
6	9	14	0	7	14	1.10E+07
6	9	14	0	8	14	2.74E+06
6	9	14	0	9	14	1.26E+06
6	9	14	0	10	14	1.46E+07
6	9	15	0	0	15	8.10E+06
6	9	15	0	1	15	1.52E+07
6	9	15	0	2	15	3.98E+06
6	9	15	0	3	15	2.39E+06
6	9	15	0	4	15	1.08E+07
6	9	15	0	5	15	2.17E+06
6	9	15	0	6	15	3.39E+06
6	9	15	0	7	15	1.05E+07
6	9	15	0	8	15	2.92E+06
6	9	15	0	9	15	5.86E+05
6	9	15	0	10	15	2.08E+07
6	9	16	0	0	16	8.04E+06
6	9	16	0	1	16	1.45E+07
6	9	16	0	2	16	3.42E+06
6	9	16	0	3	16	2.62E+06
6	9	16	0	4	16	1.03E+07
6	9	16	0	5	16	1.84E+06
6	9	16	0	6	16	3.35E+06
6	9	16	0	7	16	9.88E+06
6	9	16	0	8	16	3.10E+06
6	9	16	0	9	16	8.46E+04
6	9	17	0	0	17	7.95E+06
6	9	17	0	1	17	1.38E+07
6	9	17	0	2	17	2.84E+06
6	9	17	0	3	17	2.86E+06
6	9	17	0	4	17	9.66E+06
6	9	17	0	5	17	1.52E+06
6	9	17	0	6	17	3.28E+06
6	9	17	0	7	17	9.20E+06
6	9	17	0	8	17	3.27E+06
6	9	17	0	9	17	2.31E+05
6	9	18	0	0	18	7.80E+06
6	9	18	0	1	18	1.28E+07
6	9	18	0	2	18	2.28E+06
6	9	18	0	3	18	3.09E+06
6	9	18	0	4	18	8.98E+06
6	9	18	0	5	18	1.21E+06
6	9	18	0	6	18	3.16E+06
6	9	18	0	7	18	8.41E+06
6	9	18	0	8	18	3.36E+06
6	9	19	0	0	19	7.58E+06
6	9	19	0	1	19	1.18E+07
6	9	19	0	2	19	1.73E+06
6	9	19	0	3	19	3.29E+06
6	9	19	0	4	19	8.18E+06
6	9	19	0	5	19	9.24E+05
6	9	19	0	6	19	2.97E+06
6	9	19	0	7	19	7.49E+06
6	9	19	0	8	19	3.08E+06
6	9	20	0	0	20	7.24E+06
6	9	20	0	1	20	1.05E+07
6	9	20	0	2	20	1.21E+06
6	9	20	0	3	20	3.43E+06
6	9	20	0	4	20	7.25E+06
6	9	20	0	5	20	6.66E+05
6	9	20	0	6	20	2.70E+06
6	9	20	0	7	20	6.40E+06
6	9	21	0	0	21	6.73E+06
6	9	21	0	1	21	9.05E+06
6	9	21	0	2	21	7.52E+05
6	9	21	0	3	21	3.45E+06
6	9	21	0	4	21	6.15E+06
6	9	21	0	5	21	4.39E+05
6	9	21	0	6	21	2.33E+06
6	10	1	0	0	1	5.29E+06
6	10	1	0	1	1	1.53E+07
6	10	1	0	2	1	1.03E+07
6	10	1	0	3	1	6.90E+03
6	10	1	0	4	1	8.66E+06
6	10	1	0	5	1	8.45E+06
6	10	1	0	6	1	5.53E+04
6	10	1	0	7	1	9.98E+06
6	10	1	0	8	1	7.38E+06
6	10	1	0	9	1	3.37E+05
6	10	1	0	10	1	1.11E+07
6	10	1	0	11	1	1.03E+07
6	10	1	0	12	1	1.32E+04
6	10	1	0	13	1	4.11E+07
6	10	1	0	14	1	8.60E+07
6	10	2	0	0	2	5.30E+06
6	10	2	0	1	2	1.52E+07
6	10	2	0	2	2	1.02E+07
6	10	2	0	3	2	4.63E+03
6	10	2	0	4	2	8.67E+06
6	10	2	0	5	2	8.38E+06
6	10	2	0	6	2	5.94E+04
6	10	2	0	7	2	9.95E+06
6	10	2	0	8	2	7.35E+06
6	10	2	0	9	2	3.19E+05
6	10	2	0	10	2	1.10E+07
6	10	2	0	11	2	1.03E+07
6	10	2	0	12	2	1.63E+04
6	10	2	0	13	2	4.73E+07
6	10	2	0	14	2	6.95E+07
6	10	3	0	0	3	5.32E+06
6	10	3	0	1	3	1.52E+07
6	10	3	0	2	3	1.01E+07
6	10	3	0	3	3	2.08E+03
6	10	3	0	4	3	8.69E+06
6	10	3	0	5	3	8.27E+06
6	10	3	0	6	3	6.59E+04
6	10	3	0	7	3	9.90E+06
6	10	3	0	8	3	7.31E+06
6	10	3	0	9	3	2.93E+05
6	10	3	0	10	3	1.07E+07
6	10	3	0	11	3	1.05E+07
6	10	3	0	12	3	2.68E+04
6	10	3	0	13	3	5.74E+07
6	10	3	0	14	3	4.63E+07
6	10	4	0	0	4	5.35E+06
6	10	4	0	1	4	1.51E+07
6	10	4	0	2	4	9.88E+06
6	10	4	0	3	4	2.42E+02
6	10	4	0	4	4	8.70E+06
6	10	4	0	5	4	8.13E+06
6	10	4	0	6	4	7.51E+04
6	10	4	0	7	4	9.82E+06
6	10	4	0	8	4	7.25E+06
6	10	4	0	9	4	2.60E+05
6	10	4	0	10	4	1.04E+07
6	10	4	0	11	4	1.06E+07
6	10	4	0	12	4	5.99E+04
6	10	4	0	13	4	7.19E+07
6	10	4	0	14	4	2.00E+07
6	10	5	0	0	5	5.39E+06
6	10	5	0	1	5	1.50E+07
6	10	5	0	2	5	9.65E+06
6	10	5	0	3	5	4.82E+02
6	10	5	0	4	5	8.72E+06
6	10	5	0	5	5	7.96E+06
6	10	5	0	6	5	8.77E+04
6	10	5	0	7	5	9.73E+06
6	10	5	0	8	5	7.18E+06
6	10	5	0	9	5	2.21E+05
6	10	5	0	10	5	9.95E+06
6	10	5	0	11	5	1.08E+07
6	10	5	0	12	5	1.65E+05
6	10	5	0	13	5	9.09E+07
6	10	6	0	0	6	5.43E+06
6	10	6	0	1	6	1.49E+07
6	10	6	0	2	6	9.37E+06
6	10	6	0	3	6	4.49E+03
6	10	6	0	4	6	8.74E+06
6	10	6	0	5	6	7.74E+06
6	10	6	0	6	6	1.04E+05
6	10	6	0	7	6	9.62E+06
6	10	6	0	8	6	7.09E+06
6	10	6	0	9	6	1.78E+05
6	10	6	0	10	6	9.42E+06
6	10	6	0	11	6	1.11E+07
6	10	6	0	12	6	4.95E+05
6	10	6	0	13	6	1.12E+08
6	10	7	0	0	7	5.47E+06
6	10	7	0	1	7	1.48E+07
6	10	7	0	2	7	9.05E+06
6	10	7	0	3	7	1.43E+04
6	10	7	0	4	7	8.75E+06
6	10	7	0	5	7	7.49E+06
6	10	7	0	6	7	1.26E+05
6	10	7	0	7	7	9.49E+06
6	10	7	0	8	7	6.98E+06
6	10	7	0	9	7	1.34E+05
6	10	7	0	10	7	8.79E+06
6	10	7	0	11	7	1.13E+07
6	10	7	0	12	7	1.48E+06
6	10	7	0	13	7	1.26E+08
6	10	8	0	0	8	5.51E+06
6	10	8	0	1	8	1.46E+07
6	10	8	0	2	8	8.69E+06
6	10	8	0	3	8	3.22E+04
6	10	8	0	4	8	8.76E+06
6	10	8	0	5	8	7.19E+06
6	10	8	0	6	8	1.53E+05
6	10	8	0	7	8	9.33E+06
6	10	8	0	8	8	6.85E+06
6	10	8	0	9	8	8.97E+04
6	10	8	0	10	8	8.05E+06
6	10	8	0	11	8	1.17E+07
6	10	8	0	12	8	4.24E+06
6	10	9	0	0	9	5.55E+06
6	10	9	0	1	9	1.44E+07
6	10	9	0	2	9	8.28E+06
6	10	9	0	3	9	6.06E+04
6	10	9	0	4	9	8.75E+06
6	10	9	0	5	9	6.85E+06
6	10	9	0	6	9	1.86E+05
6	10	9	0	7	9	9.15E+06
6	10	9	0	8	9	6.70E+06
6	10	9	0	9	9	5.00E+04
6	10	9	0	10	9	7.20E+06
6	10	9	0	11	9	1.22E+07
6	10	9	0	12	9	1.14E+07
6	10	10	0	0	10	5.59E+06
6	10	10	0	1	10	1.42E+07
6	10	10	0	2	10	7.83E+06
6	10	10	0	3	10	1.03E+05
6	10	10	0	4	10	8.72E+06
6	10	10	0	5	10	6.47E+06
6	10	10	0	6	10	2.27E+05
6	10	10	0	7	10	8.93E+06
6	10	10	0	8	10	6.53E+06
6	10	10	0	9	10	1.87E+04
6	10	10	0	10	10	6.22E+06
6	10	10	0	11	10	1.33E+07
6	10	10	0	12	10	2.82E+07
6	10	11	0	0	11	5.62E+06
6	10	11	0	1	11	1.39E+07
6	10	11	0	2	11	7.33E+06
6	10	11	0	3	11	1.61E+05
6	10	11	0	4	11	8.67E+06
6	10	11	0	5	11	6.05E+06
6	10	11	0	6	11	2.76E+05
6	10	11	0	7	11	8.68E+06
6	10	11	0	8	11	6.34E+06
6	10	11	0	9	11	1.43E+03
6	10	11	0	10	11	5.12E+06
6	10	11	0	11	11	1.57E+07
6	10	12	0	0	12	5.63E+06
6	10	12	0	1	12	1.35E+07
6	10	12	0	2	12	6.78E+06
6	10	12	0	3	12	2.38E+05
6	10	12	0	4	12	8.58E+06
6	10	12	0	5	12	5.59E+06
6	10	12	0	6	12	3.34E+05
6	10	12	0	7	12	8.39E+06
6	10	12	0	8	12	6.13E+06
6	10	12	0	9	12	5.53E+03
6	10	12	0	10	12	3.88E+06
6	10	12	0	11	12	2.17E+07
6	10	13	0	0	13	5.63E+06
6	10	13	0	1	13	1.31E+07
6	10	13	0	2	13	6.19E+06
6	10	13	0	3	13	3.37E+05
6	10	13	0	4	13	8.44E+06
6	10	13	0	5	13	5.09E+06
6	10	13	0	6	13	4.00E+05
6	10	13	0	7	13	8.06E+06
6	10	13	0	8	13	5.90E+06
6	10	13	0	9	13	4.01E+04
6	10	13	0	10	13	2.50E+06
6	10	14	0	0	14	5.61E+06
6	10	14	0	1	14	1.27E+07
6	10	14	0	2	14	5.56E+06
6	10	14	0	3	14	4.60E+05
6	10	14	0	4	14	8.25E+06
6	10	14	0	5	14	4.56E+06
6	10	14	0	6	14	4.74E+05
6	10	14	0	7	14	7.67E+06
6	10	14	0	8	14	5.64E+06
6	10	14	0	9	14	1.15E+05
6	10	14	0	10	14	9.99E+05
6	10	15	0	0	15	5.55E+06
6	10	15	0	1	15	1.21E+07
6	10	15	0	2	15	4.89E+06
6	10	15	0	3	15	6.07E+05
6	10	15	0	4	15	7.99E+06
6	10	15	0	5	15	4.00E+06
6	10	15	0	6	15	5.52E+05
6	10	15	0	7	15	7.23E+06
6	10	15	0	8	15	5.35E+06
6	10	15	0	9	15	2.35E+05
6	10	15	0	10	15	7.72E+03
6	10	16	0	0	16	5.46E+06
6	10	16	0	1	16	1.14E+07
6	10	16	0	2	16	4.18E+06
6	10	16	0	3	16	7.79E+05
6	10	16	0	4	16	7.63E+06
6	10	16	0	5	16	3.42E+06
6	10	16	0	6	16	6.31E+05
6	10	16	0	7	16	6.71E+06
6	10	16	0	8	16	5.01E+06
6	10	16	0	9	16	3.80E+05
6	10	17	0	0	17	5.31E+06
6	10	17	0	1	17	1.06E+07
6	10	17	0	2	17	3.45E+06
6	10	17	0	3	17	9.68E+05
6	10	17	0	4	17	7.17E+06
6	10	17	0	5	17	2.83E+06
6	10	17	0	6	17	7.05E+05
6	10	17	0	7	17	6.10E+06
6	10	17	0	8	17	4.60E+06
6	10	17	0	9	17	3.96E+05
6	10	18	0	0	18	5.08E+06
6	10	18	0	1	18	9.57E+06
6	10	18	0	2	18	2.72E+06
6	10	18	0	3	18	1.16E+06
6	10	18	0	4	18	6.56E+06
6	10	18	0	5	18	2.23E+06
6	10	18	0	6	18	7.63E+05
6	10	18	0	7	18	5.38E+06
6	10	18	0	8	18	4.09E+06
6	10	19	0	0	19	4.72E+06
6	10	19	0	1	19	8.33E+06
6	10	19	0	2	19	1.98E+06
6	10	19	0	3	19	1.33E+06
6	10	19	0	4	19	5.77E+06
6	10	19	0	5	19	1.64E+06
6	10	19	0	6	19	7.89E+05
6	10	19	0	7	19	4.52E+06
6	10	19	0	8	19	3.48E+06
6	11	1	0	0	1	3.63E+06
6	11	1	0	1	1	1.20E+07
6	11	1	0	2	1	1.05E+07
6	11	1	0	3	1	6.12E+05
6	11	1	0	4	1	4.79E+06
6	11	1	0	5	1	9.12E+06
6	11	1	0	6	1	7.46E+05
6	11	1	0	7	1	4.68E+06
6	11	1	0	8	1	9.33E+06
6	11	1	0	9	1	1.05E+06
6	11	1	0	10	1	3.51E+06
6	11	1	0	11	1	1.00E+07
6	11	1	0	12	1	6.71E+06
6	11	1	0	13	1	9.44E+06
6	11	1	0	14	1	1.11E+08
6	11	2	0	0	2	3.64E+06
6	11	2	0	1	2	1.19E+07
6	11	2	0	2	2	1.04E+07
6	11	2	0	3	2	5.85E+05
6	11	2	0	4	2	4.82E+06
6	11	2	0	5	2	9.05E+06
6	11	2	0	6	2	7.23E+05
6	11	2	0	7	2	4.68E+06
6	11	2	0	8	2	9.27E+06
6	11	2	0	9	2	1.06E+06
6	11	2	0	10	2	3.42E+06
6	11	2	0	11	2	9.90E+06
6	11	2	0	12	2	6.96E+06
6	11	2	0	13	2	1.09E+07
6	11	2	0	14	2	1.06E+08
6	11	3	0	0	3	3.66E+06
6	11	3	0	1	3	1.19E+07
6	11	3	0	2	3	1.03E+07
6	11	3	0	3	3	5.46E+05
6	11	3	0	4	3	4.85E+06
6	11	3	0	5	3	8.95E+06
6	11	3	0	6	3	6.88E+05
6	11	3	0	7	3	4.68E+06
6	11	3	0	8	3	9.18E+06
6	11	3	0	9	3	1.06E+06
6	11	3	0	10	3	3.28E+06
6	11	3	0	11	3	9.69E+06
6	11	3	0	12	3	7.35E+06
6	11	3	0	13	3	1.37E+07
6	11	3	0	14	3	9.31E+07
6	11	4	0	0	4	3.68E+06
6	11	4	0	1	4	1.18E+07
6	11	4	0	2	4	1.01E+07
6	11	4	0	3	4	4.95E+05
6	11	4	0	4	4	4.90E+06
6	11	4	0	5	4	8.82E+06
6	11	4	0	6	4	6.42E+05
6	11	4	0	7	4	4.68E+06
6	11	4	0	8	4	9.06E+06
6	11	4	0	9	4	1.08E+06
6	11	4	0	10	4	3.11E+06
6	11	4	0	11	4	9.39E+06
6	11	4	0	12	4	7.93E+06
6	11	4	0	13	4	1.84E+07
6	11	4	0	14	4	6.46E+07
6	11	5	0	0	5	3.70E+06
6	11	5	0	1	5	1.18E+07
6	11	5	0	2	5	9.84E+06
6	11	5	0	3	5	4.35E+05
6	11	5	0	4	5	4.96E+06
6	11	5	0	5	5	8.65E+06
6	11	5	0	6	5	5.87E+05
6	11	5	0	7	5	4.67E+06
6	11	5	0	8	5	8.90E+06
6	11	5	0	9	5	1.09E+06
6	11	5	0	10	5	2.89E+06
6	11	5	0	11	5	8.99E+06
6	11	5	0	12	5	8.79E+06
6	11	5	0	13	5	2.65E+07
6	11	6	0	0	6	3.73E+06
6	11	6	0	1	6	1.17E+07
6	11	6	0	2	6	9.56E+06
6	11	6	0	3	6	3.68E+05
6	11	6	0	4	6	5.03E+06
6	11	6	0	5	6	8.44E+06
6	11	6	0	6	6	5.23E+05
6	11	6	0	7	6	4.67E+06
6	11	6	0	8	6	8.71E+06
6	11	6	0	9	6	1.10E+06
6	11	6	0	10	6	2.63E+06
6	11	6	0	11	6	8.47E+06
6	11	6	0	12	6	1.01E+07
6	11	6	0	13	6	3.97E+07
6	11	7	0	0	7	3.76E+06
6	11	7	0	1	7	1.15E+07
6	11	7	0	2	7	9.23E+06
6	11	7	0	3	7	2.96E+05
6	11	7	0	4	7	5.11E+06
6	11	7	0	5	7	8.19E+06
6	11	7	0	6	7	4.53E+05
6	11	7	0	7	7	4.65E+06
6	11	7	0	8	7	8.48E+06
6	11	7	0	9	7	1.12E+06
6	11	7	0	10	7	2.34E+06
6	11	7	0	11	7	7.81E+06
6	11	7	0	12	7	1.23E+07
6	11	7	0	13	7	5.92E+07
6	11	8	0	0	8	3.80E+06
6	11	8	0	1	8	1.14E+07
6	11	8	0	2	8	8.84E+06
6	11	8	0	3	8	2.24E+05
6	11	8	0	4	8	5.19E+06
6	11	8	0	5	8	7.89E+06
6	11	8	0	6	8	3.77E+05
6	11	8	0	7	8	4.64E+06
6	11	8	0	8	8	8.22E+06
6	11	8	0	9	8	1.14E+06
6	11	8	0	10	8	2.02E+06
6	11	8	0	11	8	6.98E+06
6	11	8	0	12	8	1.61E+07
6	11	9	0	0	9	3.82E+06
6	11	9	0	1	9	1.12E+07
6	11	9	0	2	9	8.41E+06
6	11	9	0	3	9	1.55E+05
6	11	9	0	4	9	5.26E+06
6	11	9	0	5	9	7.55E+06
6	11	9	0	6	9	3.00E+05
6	11	9	0	7	9	4.61E+06
6	11	9	0	8	9	7.91E+06
6	11	9	0	9	9	1.16E+06
6	11	9	0	10	9	1.68E+06
6	11	9	0	11	9	5.93E+06
6	11	9	0	12	9	2.37E+07
6	11	10	0	0	10	3.85E+06
6	11	10	0	1	10	1.10E+07
6	11	10	0	2	10	7.93E+06
6	11	10	0	3	10	9.31E+04
6	11	10	0	4	10	5.33E+06
6	11	10	0	5	10	7.15E+06
6	11	10	0	6	10	2.24E+05
6	11	10	0	7	10	4.57E+06
6	11	10	0	8	10	7.57E+06
6	11	10	0	9	10	1.18E+06
6	11	10	0	10	10	1.32E+06
6	11	10	0	11	10	4.60E+06
6	11	10	0	12	10	4.06E+07
6	11	11	0	0	11	3.86E+06
6	11	11	0	1	11	1.07E+07
6	11	11	0	2	11	7.39E+06
6	11	11	0	3	11	4.33E+04
6	11	11	0	4	11	5.38E+06
6	11	11	0	5	11	6.70E+06
6	11	11	0	6	11	1.52E+05
6	11	11	0	7	11	4.50E+06
6	11	11	0	8	11	7.18E+06
6	11	11	0	9	11	1.21E+06
6	11	11	0	10	11	9.67E+05
6	11	11	0	11	11	2.87E+06
6	11	12	0	0	12	3.85E+06
6	11	12	0	1	12	1.04E+07
6	11	12	0	2	12	6.80E+06
6	11	12	0	3	12	1.06E+04
6	11	12	0	4	12	5.40E+06
6	11	12	0	5	12	6.19E+06
6	11	12	0	6	12	8.99E+04
6	11	12	0	7	12	4.42E+06
6	11	12	0	8	12	6.75E+06
6	11	12	0	9	12	1.23E+06
6	11	12	0	10	12	6.37E+05
6	11	12	0	11	12	8.04E+05
6	11	13	0	0	13	3.82E+06
6	11	13	0	1	13	9.99E+06
6	11	13	0	2	13	6.15E+06
6	11	13	0	3	13	1.02E+02
6	11	13	0	4	13	5.38E+06
6	11	13	0	5	13	5.63E+06
6	11	13	0	6	13	4.10E+04
6	11	13	0	7	13	4.29E+06
6	11	13	0	8	13	6.28E+06
6	11	13	0	9	13	1.26E+06
6	11	13	0	10	13	3.60E+05
6	11	14	0	0	14	3.77E+06
6	11	14	0	1	14	9.48E+06
6	11	14	0	2	14	5.45E+06
6	11	14	0	3	14	1.68E+04
6	11	14	0	4	14	5.31E+06
6	11	14	0	5	14	5.00E+06
6	11	14	0	6	14	9.87E+03
6	11	14	0	7	14	4.13E+06
6	11	14	0	8	14	5.75E+06
6	11	14	0	9	14	1.28E+06
6	11	14	0	10	14	1.80E+05
6	11	15	0	0	15	3.66E+06
6	11	15	0	1	15	8.86E+06
6	11	15	0	2	15	4.68E+06
6	11	15	0	3	15	6.44E+04
6	11	15	0	4	15	5.15E+06
6	11	15	0	5	15	4.32E+06
6	11	15	0	6	15	6.22E+01
6	11	15	0	7	15	3.90E+06
6	11	15	0	8	15	5.16E+06
6	11	15	0	9	15	1.29E+06
6	11	15	0	10	15	2.12E+05
6	11	16	0	0	16	3.50E+06
6	11	16	0	1	16	8.08E+06
6	11	16	0	2	16	3.87E+06
6	11	16	0	3	16	1.44E+05
6	11	16	0	4	16	4.87E+06
6	11	16	0	5	16	3.59E+06
6	11	16	0	6	16	1.36E+04
6	11	16	0	7	16	3.60E+06
6	11	16	0	8	16	4.49E+06
6	11	16	0	9	16	1.27E+06
6	11	17	0	0	17	3.24E+06
6	11	17	0	1	17	7.08E+06
6	11	17	0	2	17	3.01E+06
6	11	17	0	3	17	2.48E+05
6	11	17	0	4	17	4.43E+06
6	11	17	0	5	17	2.80E+06
6	11	17	0	6	17	4.90E+04
6	11	17	0	7	17	3.19E+06
6	11	17	0	8	17	3.73E+06
6	11	17	0	9	17	1.26E+06
6	12	1	0	0	1	2.49E+06
6	12	1	0	1	1	9.12E+06
6	12	1	0	2	1	9.69E+06
6	12	1	0	3	1	1.50E+06
6	12	1	0	4	1	2.25E+06
6	12	1	0	5	1	7.92E+06
6	12	1	0	6	1	2.30E+06
6	12	1	0	7	1	1.43E+06
6	12	1	0	8	1	7.77E+06
6	12	1	0	9	1	3.57E+06
6	12	1	0	10	1	2.64E+05
6	12	1	0	11	1	5.60E+06
6	12	1	0	12	1	6.62E+06
6	12	1	0	13	1	1.06E+07
6	12	1	0	14	1	8.73E+07
6	12	2	0	0	2	2.50E+06
6	12	2	0	1	2	9.09E+06
6	12	2	0	2	2	9.59E+06
6	12	2	0	3	2	1.45E+06
6	12	2	0	4	2	2.28E+06
6	12	2	0	5	2	7.87E+06
6	12	2	0	6	2	2.25E+06
6	12	2	0	7	2	1.45E+06
6	12	2	0	8	2	7.72E+06
6	12	2	0	9	2	3.54E+06
6	12	2	0	10	2	2.50E+05
6	12	2	0	11	2	5.46E+06
6	12	2	0	12	2	6.49E+06
6	12	2	0	13	2	1.19E+07
6	12	2	0	14	2	9.08E+07
6	12	3	0	0	3	2.51E+06
6	12	3	0	1	3	9.05E+06
6	12	3	0	2	3	9.45E+06
6	12	3	0	3	3	1.38E+06
6	12	3	0	4	3	2.32E+06
6	12	3	0	5	3	7.80E+06
6	12	3	0	6	3	2.17E+06
6	12	3	0	7	3	1.47E+06
6	12	3	0	8	3	7.63E+06
6	12	3	0	9	3	3.49E+06
6	12	3	0	10	3	2.30E+05
6	12	3	0	11	3	5.25E+06
6	12	3	0	12	3	6.29E+06
6	12	3	0	13	3	1.43E+07
6	12	3	0	14	3	9.21E+07
6	12	4	0	0	4	2.52E+06
6	12	4	0	1	4	8.99E+06
6	12	4	0	2	4	9.26E+06
6	12	4	0	3	4	1.29E+06
6	12	4	0	4	4	2.38E+06
6	12	4	0	5	4	7.69E+06
6	12	4	0	6	4	2.07E+06
6	12	4	0	7	4	1.50E+06
6	12	4	0	8	4	7.52E+06
6	12	4	0	9	4	3.43E+06
6	12	4	0	10	4	2.05E+05
6	12	4	0	11	4	4.97E+06
6	12	4	0	12	4	5.98E+06
6	12	4	0	13	4	1.83E+07
6	12	4	0	14	4	7.97E+07
6	12	5	0	0	5	2.54E+06
6	12	5	0	1	5	8.92E+06
6	12	5	0	2	5	9.02E+06
6	12	5	0	3	5	1.18E+06
6	12	5	0	4	5	2.45E+06
6	12	5	0	5	5	7.56E+06
6	12	5	0	6	5	1.94E+06
6	12	5	0	7	5	1.53E+06
6	12	5	0	8	5	7.38E+06
6	12	5	0	9	5	3.36E+06
6	12	5	0	10	5	1.75E+05
6	12	5	0	11	5	4.63E+06
6	12	5	0	12	5	5.52E+06
6	12	5	0	13	5	2.53E+07
6	12	6	0	0	6	2.56E+06
6	12	6	0	1	6	8.82E+06
6	12	6	0	2	6	8.73E+06
6	12	6	0	3	6	1.05E+06
6	12	6	0	4	6	2.53E+06
6	12	6	0	5	6	7.39E+06
6	12	6	0	6	6	1.79E+06
6	12	6	0	7	6	1.58E+06
6	12	6	0	8	6	7.20E+06
6	12	6	0	9	6	3.26E+06
6	12	6	0	10	6	1.42E+05
6	12	6	0	11	6	4.22E+06
6	12	6	0	12	6	4.85E+06
6	12	6	0	13	6	3.79E+07
6	12	7	0	0	7	2.57E+06
6	12	7	0	1	7	8.70E+06
6	12	7	0	2	7	8.39E+06
6	12	7	0	3	7	9.10E+05
6	12	7	0	4	7	2.62E+06
6	12	7	0	5	7	7.18E+06
6	12	7	0	6	7	1.62E+06
6	12	7	0	7	7	1.63E+06
6	12	7	0	8	7	6.99E+06
6	12	7	0	9	7	3.15E+06
6	12	7	0	10	7	1.07E+05
6	12	7	0	11	7	3.75E+06
6	12	7	0	12	7	3.87E+06
6	12	7	0	13	7	6.09E+07
6	12	8	0	0	8	2.59E+06
6	12	8	0	1	8	8.55E+06
6	12	8	0	2	8	8.00E+06
6	12	8	0	3	8	7.63E+05
6	12	8	0	4	8	2.72E+06
6	12	8	0	5	8	6.92E+06
6	12	8	0	6	8	1.44E+06
6	12	8	0	7	8	1.68E+06
6	12	8	0	8	8	6.74E+06
6	12	8	0	9	8	3.02E+06
6	12	8	0	10	8	7.37E+04
6	12	8	0	11	8	3.23E+06
6	12	8	0	12	8	2.48E+06
6	12	9	0	0	9	2.60E+06
6	12	9	0	1	9	8.36E+06
6	12	9	0	2	9	7.55E+06
6	12	9	0	3	9	6.13E+05
6	12	9	0	4	9	2.82E+06
6	12	9	0	5	9	6.62E+06
6	12	9	0	6	9	1.24E+06
6	12	9	0	7	9	1.74E+06
6	12	9	0	8	9	6.45E+06
6	12	9	0	9	9	2.87E+06
6	12	9	0	10	9	4.30E+04
6	12	9	0	11	9	2.67E+06
6	12	9	0	12	9	7.41E+05
6	12	10	0	0	10	2.60E+06
6	12	10	0	1	10	8.13E+06
6	12	10	0	2	10	7.04E+06
6	12	10	0	3	10	4.64E+05
6	12	10	0	4	10	2.92E+06
6	12	10	0	5	10	6.25E+06
6	12	10	0	6	10	1.03E+06
6	12	10	0	7	10	1.79E+06
6	12	10	0	8	10	6.11E+06
6	12	10	0	9	10	2.71E+06
6	12	10	0	10	10	1.82E+04
6	12	10	0	11	10	2.10E+06
6	12	10	0	12	10	3.49E+05
6	12	11	0	0	11	2.58E+06
6	12	11	0	1	11	7.84E+06
6	12	11	0	2	11	6.48E+06
6	12	11	0	3	11	3.24E+05
6	12	11	0	4	11	3.01E+06
6	12	11	0	5	11	5.83E+06
6	12	11	0	6	11	8.17E+05
6	12	11	0	7	11	1.84E+06
6	12	11	0	8	11	5.72E+06
6	12	11	0	9	11	2.52E+06
6	12	11	0	10	11	2.98E+03
6	12	11	0	11	11	1.60E+06
6	12	12	0	0	12	2.54E+06
6	12	12	0	1	12	7.47E+06
6	12	12	0	2	12	5.84E+06
6	12	12	0	3	12	2.01E+05
6	12	12	0	4	12	3.07E+06
6	12	12	0	5	12	5.33E+06
6	12	12	0	6	12	6.12E+05
6	12	12	0	7	12	1.87E+06
6	12	12	0	8	12	5.28E+06
6	12	12	0	9	12	2.32E+06
6	12	12	0	10	12	1.13E+03
6	12	12	0	11	12	1.36E+06
6	12	13	0	0	13	2.47E+06
6	12	13	0	1	13	7.00E+06
6	12	13	0	2	13	5.14E+06
6	12	13	0	3	13	1.01E+05
6	12	13	0	4	13	3.08E+06
6	12	13	0	5	13	4.74E+06
6	12	13	0	6	13	4.20E+05
6	12	13	0	7	13	1.88E+06
6	12	13	0	8	13	4.76E+06
6	12	13	0	9	13	2.08E+06
6	12	13	0	10	13	1.64E+04
6	12	14	0	0	14	2.35E+06
6	12	14	0	1	14	6.40E+06
6	12	14	0	2	14	4.35E+06
6	12	14	0	3	14	3.20E+04
6	12	14	0	4	14	3.02E+06
6	12	14	0	5	14	4.07E+06
6	12	14	0	6	14	2.53E+05
6	12	14	0	7	14	1.84E+06
6	12	14	0	8	14	4.17E+06
6	12	14	0	9	14	1.82E+06
6	12	14	0	10	14	5.33E+04
6	12	15	0	0	15	2.16E+06
6	12	15	0	1	15	5.60E+06
6	12	15	0	2	15	3.48E+06
6	12	15	0	3	15	1.37E+03
6	12	15	0	4	15	2.84E+06
6	12	15	0	5	15	3.30E+06
6	12	15	0	6	15	1.21E+05
6	12	15	0	7	15	1.74E+06
6	12	15	0	8	15	3.48E+06
6	12	15	0	9	15	1.52E+06
6	12	15	0	10	15	1.64E+05
6	13	1	0	0	1	1.70E+06
6	13	1	0	1	1	6.74E+06
6	13	1	0	2	1	8.21E+06
6	13	1	0	3	1	2.08E+06
6	13	1	0	4	1	8.82E+05
6	13	1	0	5	1	6.00E+06
6	13	1	0	6	1	3.23E+06
6	13	1	0	7	1	1.93E+05
6	13	1	0	8	1	5.13E+06
6	13	1	0	9	1	4.68E+06
6	13	1	0	10	1	1.77E+05
6	13	1	0	11	1	2.05E+06
6	13	1	0	12	1	4.90E+06
6	13	1	0	13	1	2.13E+06
6	13	1	0	14	1	7.76E+07
6	13	2	0	0	2	1.70E+06
6	13	2	0	1	2	6.71E+06
6	13	2	0	2	2	8.12E+06
6	13	2	0	3	2	2.01E+06
6	13	2	0	4	2	9.06E+05
6	13	2	0	5	2	5.97E+06
6	13	2	0	6	2	3.16E+06
6	13	2	0	7	2	2.03E+05
6	13	2	0	8	2	5.10E+06
6	13	2	0	9	2	4.61E+06
6	13	2	0	10	2	1.78E+05
6	13	2	0	11	2	1.98E+06
6	13	2	0	12	2	4.77E+06
6	13	2	0	13	2	1.85E+06
6	13	2	0	14	2	8.77E+07
6	13	3	0	0	3	1.70E+06
6	13	3	0	1	3	6.66E+06
6	13	3	0	2	3	7.97E+06
6	13	3	0	3	3	1.92E+06
6	13	3	0	4	3	9.41E+05
6	13	3	0	5	3	5.91E+06
6	13	3	0	6	3	3.06E+06
6	13	3	0	7	3	2.20E+05
6	13	3	0	8	3	5.05E+06
6	13	3	0	9	3	4.52E+06
6	13	3	0	10	3	1.79E+05
6	13	3	0	11	3	1.88E+06
6	13	3	0	12	3	4.56E+06
6	13	3	0	13	3	1.41E+06
6	13	3	0	14	3	1.02E+08
6	13	4	0	0	4	1.71E+06
6	13	4	0	1	4	6.60E+06
6	13	4	0	2	4	7.78E+06
6	13	4	0	3	4	1.80E+06
6	13	4	0	4	4	9.89E+05
6	13	4	0	5	4	5.84E+06
6	13	4	0	6	4	2.92E+06
6	13	4	0	7	4	2.43E+05
6	13	4	0	8	4	4.98E+06
6	13	4	0	9	4	4.40E+06
6	13	4	0	10	4	1.80E+05
6	13	4	0	11	4	1.75E+06
6	13	4	0	12	4	4.28E+06
6	13	4	0	13	4	7.86E+05
6	13	4	0	14	4	1.10E+08
6	13	5	0	0	5	1.71E+06
6	13	5	0	1	5	6.51E+06
6	13	5	0	2	5	7.54E+06
6	13	5	0	3	5	1.66E+06
6	13	5	0	4	5	1.05E+06
6	13	5	0	5	5	5.74E+06
6	13	5	0	6	5	2.74E+06
6	13	5	0	7	5	2.74E+05
6	13	5	0	8	5	4.89E+06
6	13	5	0	9	5	4.24E+06
6	13	5	0	10	5	1.82E+05
6	13	5	0	11	5	1.59E+06
6	13	5	0	12	5	3.94E+06
6	13	5	0	13	5	1.39E+05
6	13	6	0	0	6	1.72E+06
6	13	6	0	1	6	6.40E+06
6	13	6	0	2	6	7.24E+06
6	13	6	0	3	6	1.49E+06
6	13	6	0	4	6	1.12E+06
6	13	6	0	5	6	5.60E+06
6	13	6	0	6	6	2.54E+06
6	13	6	0	7	6	3.12E+05
6	13	6	0	8	6	4.78E+06
6	13	6	0	9	6	4.05E+06
6	13	6	0	10	6	1.83E+05
6	13	6	0	11	6	1.41E+06
6	13	6	0	12	6	3.54E+06
6	13	6	0	13	6	2.87E+05
6	13	7	0	0	7	1.72E+06
6	13	7	0	1	7	6.27E+06
6	13	7	0	2	7	6.90E+06
6	13	7	0	3	7	1.30E+06
6	13	7	0	4	7	1.20E+06
6	13	7	0	5	7	5.43E+06
6	13	7	0	6	7	2.30E+06
6	13	7	0	7	7	3.58E+05
6	13	7	0	8	7	4.64E+06
6	13	7	0	9	7	3.82E+06
6	13	7	0	10	7	1.84E+05
6	13	7	0	11	7	1.20E+06
6	13	7	0	12	7	3.12E+06
6	13	7	0	13	7	4.94E+06
6	13	8	0	0	8	1.72E+06
6	13	8	0	1	8	6.09E+06
6	13	8	0	2	8	6.49E+06
6	13	8	0	3	8	1.11E+06
6	13	8	0	4	8	1.29E+06
6	13	8	0	5	8	5.22E+06
6	13	8	0	6	8	2.04E+06
6	13	8	0	7	8	4.12E+05
6	13	8	0	8	8	4.46E+06
6	13	8	0	9	8	3.57E+06
6	13	8	0	10	8	1.85E+05
6	13	8	0	11	8	9.85E+05
6	13	8	0	12	8	2.74E+06
6	13	9	0	0	9	1.70E+06
6	13	9	0	1	9	5.87E+06
6	13	9	0	2	9	6.02E+06
6	13	9	0	3	9	9.00E+05
6	13	9	0	4	9	1.38E+06
6	13	9	0	5	9	4.94E+06
6	13	9	0	6	9	1.75E+06
6	13	9	0	7	9	4.72E+05
6	13	9	0	8	9	4.25E+06
6	13	9	0	9	9	3.27E+06
6	13	9	0	10	9	1.86E+05
6	13	9	0	11	9	7.61E+05
6	13	9	0	12	9	2.63E+06
6	13	10	0	0	10	1.67E+06
6	13	10	0	1	10	5.59E+06
6	13	10	0	2	10	5.48E+06
6	13	10	0	3	10	6.95E+05
6	13	10	0	4	10	1.46E+06
6	13	10	0	5	10	4.61E+06
6	13	10	0	6	10	1.45E+06
6	13	10	0	7	10	5.38E+05
6	13	10	0	8	10	3.98E+06
6	13	10	0	9	10	2.95E+06
6	13	10	0	10	10	1.85E+05
6	13	10	0	11	10	5.41E+05
6	13	10	0	12	10	3.84E+06
6	13	11	0	0	11	1.62E+06
6	13	11	0	1	11	5.22E+06
6	13	11	0	2	11	4.86E+06
6	13	11	0	3	11	4.99E+05
6	13	11	0	4	11	1.52E+06
6	13	11	0	5	11	4.19E+06
6	13	11	0	6	11	1.14E+06
6	13	11	0	7	11	6.02E+05
6	13	11	0	8	11	3.65E+06
6	13	11	0	9	11	2.58E+06
6	13	11	0	10	11	1.83E+05
6	13	11	0	11	11	3.35E+05
6	13	12	0	0	12	1.52E+06
6	13	12	0	1	12	4.74E+06
6	13	12	0	2	12	4.16E+06
6	13	12	0	3	12	3.21E+05
6	13	12	0	4	12	1.55E+06
6	13	12	0	5	12	3.67E+06
6	13	12	0	6	12	8.33E+05
6	13	12	0	7	12	6.56E+05
6	13	12	0	8	12	3.24E+06
6	13	12	0	9	12	2.18E+06
6	13	12	0	10	12	1.78E+05
6	13	12	0	11	12	1.44E+05
6	13	13	0	0	13	1.37E+06
6	13	13	0	1	13	4.09E+06
6	13	13	0	2	13	3.34E+06
6	13	13	0	3	13	1.72E+05
6	13	13	0	4	13	1.50E+06
6	13	13	0	5	13	3.02E+06
6	13	13	0	6	13	5.42E+05
6	13	13	0	7	13	6.79E+05
6	13	13	0	8	13	2.72E+06
6	13	13	0	9	13	1.73E+06
6	13	13	0	10	13	1.64E+05
6	14	1	0	0	1	1.12E+06
6	14	1	0	1	1	4.75E+06
6	14	1	0	2	1	6.39E+06
6	14	1	0	3	1	2.16E+06
6	14	1	0	4	1	2.79E+05
6	14	1	0	5	1	4.10E+06
6	14	1	0	6	1	3.24E+06
6	14	1	0	7	1	3.11E+03
6	14	1	0	8	1	2.90E+06
6	14	1	0	9	1	4.24E+06
6	14	1	0	10	1	8.21E+05
6	14	1	0	11	1	4.72E+05
6	14	1	0	12	1	2.69E+06
6	14	1	0	13	1	3.05E+06
6	14	1	0	14	1	1.35E+07
6	14	2	0	0	2	1.12E+06
6	14	2	0	1	2	4.71E+06
6	14	2	0	2	2	6.29E+06
6	14	2	0	3	2	2.09E+06
6	14	2	0	4	2	2.95E+05
6	14	2	0	5	2	4.07E+06
6	14	2	0	6	2	3.16E+06
6	14	2	0	7	2	1.50E+03
6	14	2	0	8	2	2.89E+06
6	14	2	0	9	2	4.16E+06
6	14	2	0	10	2	8.03E+05
6	14	2	0	11	2	4.54E+05
6	14	2	0	12	2	2.58E+06
6	14	2	0	13	2	3.00E+06
6	14	2	0	14	2	1.96E+07
6	14	3	0	0	3	1.12E+06
6	14	3	0	1	3	4.65E+06
6	14	3	0	2	3	6.14E+06
6	14	3	0	3	3	1.99E+06
6	14	3	0	4	3	3.18E+05
6	14	3	0	5	3	4.03E+06
6	14	3	0	6	3	3.04E+06
6	14	3	0	7	3	1.77E+02
6	14	3	0	8	3	2.87E+06
6	14	3	0	9	3	4.05E+06
6	14	3	0	10	3	7.76E+05
6	14	3	0	11	3	4.27E+05
6	14	3	0	12	3	2.43E+06
6	14	3	0	13	3	2.94E+06
6	14	3	0	14	3	3.25E+07
6	14	4	0	0	4	1.12E+06
6	14	4	0	1	4	4.57E+06
6	14	4	0	2	4	5.94E+06
6	14	4	0	3	4	1.85E+06
6	14	4	0	4	4	3.50E+05
6	14	4	0	5	4	3.97E+06
6	14	4	0	6	4	2.89E+06
6	14	4	0	7	4	4.17E+02
6	14	4	0	8	4	2.84E+06
6	14	4	0	9	4	3.90E+06
6	14	4	0	10	4	7.40E+05
6	14	4	0	11	4	3.92E+05
6	14	4	0	12	4	2.23E+06
6	14	4	0	13	4	2.93E+06
6	14	4	0	14	4	5.61E+07
6	14	5	0	0	5	1.11E+06
6	14	5	0	1	5	4.47E+06
6	14	5	0	2	5	5.69E+06
6	14	5	0	3	5	1.68E+06
6	14	5	0	4	5	3.90E+05
6	14	5	0	5	5	3.88E+06
6	14	5	0	6	5	2.69E+06
6	14	5	0	7	5	3.85E+03
6	14	5	0	8	5	2.79E+06
6	14	5	0	9	5	3.71E+06
6	14	5	0	10	5	6.95E+05
6	14	5	0	11	5	3.50E+05
6	14	5	0	12	5	1.99E+06
6	14	5	0	13	5	3.11E+06
6	14	6	0	0	6	1.10E+06
6	14	6	0	1	6	4.33E+06
6	14	6	0	2	6	5.38E+06
6	14	6	0	3	6	1.49E+06
6	14	6	0	4	6	4.39E+05
6	14	6	0	5	6	3.76E+06
6	14	6	0	6	6	2.45E+06
6	14	6	0	7	6	1.23E+04
6	14	6	0	8	6	2.73E+06
6	14	6	0	9	6	3.48E+06
6	14	6	0	10	6	6.42E+05
6	14	6	0	11	6	3.02E+05
6	14	6	0	12	6	1.71E+06
6	14	6	0	13	6	3.94E+06
6	14	7	0	0	7	1.08E+06
6	14	7	0	1	7	4.15E+06
6	14	7	0	2	7	5.00E+06
6	14	7	0	3	7	1.29E+06
6	14	7	0	4	7	4.93E+05
6	14	7	0	5	7	3.60E+06
6	14	7	0	6	7	2.18E+06
6	14	7	0	7	7	2.77E+04
6	14	7	0	8	7	2.64E+06
6	14	7	0	9	7	3.20E+06
6	14	7	0	10	7	5.81E+05
6	14	7	0	11	7	2.50E+05
6	14	7	0	12	7	1.40E+06
6	14	7	0	13	7	7.51E+06
6	14	8	0	0	8	1.05E+06
6	14	8	0	1	8	3.93E+06
6	14	8	0	2	8	4.56E+06
6	14	8	0	3	8	1.06E+06
6	14	8	0	4	8	5.50E+05
6	14	8	0	5	8	3.38E+06
6	14	8	0	6	8	1.88E+06
6	14	8	0	7	8	5.12E+04
6	14	8	0	8	8	2.51E+06
6	14	8	0	9	8	2.88E+06
6	14	8	0	10	8	5.12E+05
6	14	8	0	11	8	1.97E+05
6	14	8	0	12	8	1.06E+06
6	14	9	0	0	9	1.00E+06
6	14	9	0	1	9	3.63E+06
6	14	9	0	2	9	4.04E+06
6	14	9	0	3	9	8.29E+05
6	14	9	0	4	9	6.03E+05
6	14	9	0	5	9	3.10E+06
6	14	9	0	6	9	1.55E+06
6	14	9	0	7	9	8.31E+04
6	14	9	0	8	9	2.34E+06
6	14	9	0	9	9	2.51E+06
6	14	9	0	10	9	4.36E+05
6	14	9	0	11	9	1.43E+05
6	14	9	0	12	9	6.80E+05
6	14	10	0	0	10	9.25E+05
6	14	10	0	1	10	3.23E+06
6	14	10	0	2	10	3.42E+06
6	14	10	0	3	10	5.99E+05
6	14	10	0	4	10	6.38E+05
6	14	10	0	5	10	2.72E+06
6	14	10	0	6	10	1.19E+06
6	14	10	0	7	10	1.20E+05
6	14	10	0	8	10	2.09E+06
6	14	10	0	9	10	2.08E+06
6	14	10	0	10	10	3.53E+05
6	14	10	0	11	10	9.31E+04
6	14	10	0	12	10	1.76E+05
6	14	11	0	0	11	7.92E+05
6	14	11	0	1	11	2.66E+06
6	14	11	0	2	11	2.66E+06
6	14	11	0	3	11	3.77E+05
6	14	11	0	4	11	6.25E+05
6	14	11	0	5	11	2.19E+06
6	14	11	0	6	11	8.17E+05
6	14	11	0	7	11	1.53E+05
6	14	11	0	8	11	1.73E+06
6	14	11	0	9	11	1.58E+06
6	14	11	0	10	11	2.60E+05
6	14	11	0	11	11	4.99E+04
6	15	1	0	0	1	6.90E+05
6	15	1	0	1	1	3.05E+06
6	15	1	0	2	1	4.40E+06
6	15	1	0	3	1	1.77E+06
6	15	1	0	4	1	6.76E+04
6	15	1	0	5	1	2.50E+06
6	15	1	0	6	1	2.54E+06
6	15	1	0	7	1	9.10E+04
6	15	1	0	8	1	1.45E+06
6	15	1	0	9	1	3.02E+06
6	15	1	0	10	1	1.05E+06
6	15	1	0	11	1	4.73E+04
6	15	1	0	12	1	1.23E+06
6	15	1	0	13	1	1.69E+06
6	15	1	0	14	1	9.94E+06
6	15	2	0	0	2	6.85E+05
6	15	2	0	1	2	3.00E+06
6	15	2	0	2	2	4.29E+06
6	15	2	0	3	2	1.70E+06
6	15	2	0	4	2	7.56E+04
6	15	2	0	5	2	2.47E+06
6	15	2	0	6	2	2.46E+06
6	15	2	0	7	2	7.89E+04
6	15	2	0	8	2	1.45E+06
6	15	2	0	9	2	2.94E+06
6	15	2	0	10	2	1.01E+06
6	15	2	0	11	2	4.59E+04
6	15	2	0	12	2	1.18E+06
6	15	2	0	13	2	1.59E+06
6	15	2	0	14	2	1.35E+07
6	15	3	0	0	3	6.75E+05
6	15	3	0	1	3	2.93E+06
6	15	3	0	2	3	4.13E+06
6	15	3	0	3	3	1.59E+06
6	15	3	0	4	3	8.79E+04
6	15	3	0	5	3	2.42E+06
6	15	3	0	6	3	2.33E+06
6	15	3	0	7	3	6.24E+04
6	15	3	0	8	3	1.44E+06
6	15	3	0	9	3	2.82E+06
6	15	3	0	10	3	9.55E+05
6	15	3	0	11	3	4.39E+04
6	15	3	0	12	3	1.09E+06
6	15	3	0	13	3	1.44E+06
6	15	3	0	14	3	2.26E+07
6	15	4	0	0	4	6.61E+05
6	15	4	0	1	4	2.82E+06
6	15	4	0	2	4	3.91E+06
6	15	4	0	3	4	1.45E+06
6	15	4	0	4	4	1.05E+05
6	15	4	0	5	4	2.35E+06
6	15	4	0	6	4	2.17E+06
6	15	4	0	7	4	4.37E+04
6	15	4	0	8	4	1.41E+06
6	15	4	0	9	4	2.67E+06
6	15	4	0	10	4	8.79E+05
6	15	4	0	11	4	4.11E+04
6	15	4	0	12	4	9.81E+05
6	15	4	0	13	4	1.24E+06
6	15	4	0	14	4	4.82E+07
6	15	5	0	0	5	6.40E+05
6	15	5	0	1	5	2.68E+06
6	15	5	0	2	5	3.63E+06
6	15	5	0	3	5	1.28E+06
6	15	5	0	4	5	1.26E+05
6	15	5	0	5	5	2.25E+06
6	15	5	0	6	5	1.96E+06
6	15	5	0	7	5	2.52E+04
6	15	5	0	8	5	1.38E+06
6	15	5	0	9	5	2.46E+06
6	15	5	0	10	5	7.85E+05
6	15	5	0	11	5	3.76E+04
6	15	5	0	12	5	8.50E+05
6	15	5	0	13	5	9.66E+05
6	15	6	0	0	6	6.09E+05
6	15	6	0	1	6	2.49E+06
6	15	6	0	2	6	3.28E+06
6	15	6	0	3	6	1.08E+06
6	15	6	0	4	6	1.51E+05
6	15	6	0	5	6	2.10E+06
6	15	6	0	6	6	1.71E+06
6	15	6	0	7	6	1.01E+04
6	15	6	0	8	6	1.32E+06
6	15	6	0	9	6	2.21E+06
6	15	6	0	10	6	6.75E+05
6	15	6	0	11	6	3.33E+04
6	15	6	0	12	6	7.00E+05
6	15	6	0	13	6	5.81E+05
6	15	7	0	0	7	5.61E+05
6	15	7	0	1	7	2.23E+06
6	15	7	0	2	7	2.84E+06
6	15	7	0	3	7	8.61E+05
6	15	7	0	4	7	1.75E+05
6	15	7	0	5	7	1.90E+06
6	15	7	0	6	7	1.41E+06
6	15	7	0	7	7	1.32E+03
6	15	7	0	8	7	1.22E+06
6	15	7	0	9	7	1.89E+06
6	15	7	0	10	7	5.50E+05
6	15	7	0	11	7	2.83E+04
6	15	7	0	12	7	5.37E+05
6	15	7	0	13	7	4.53E+04
6	15	8	0	0	8	4.85E+05
6	15	8	0	1	8	1.87E+06
6	15	8	0	2	8	2.28E+06
6	15	8	0	3	8	6.22E+05
6	15	8	0	4	8	1.90E+05
6	15	8	0	5	8	1.59E+06
6	15	8	0	6	8	1.07E+06
6	15	8	0	7	8	8.80E+02
6	15	8	0	8	8	1.06E+06
6	15	8	0	9	8	1.50E+06
6	15	8	0	10	8	4.10E+05
6	15	8	0	11	8	2.22E+04
6	15	8	0	12	8	3.67E+05
6	16	1	0	0	1	3.39E+05
6	16	1	0	1	1	1.54E+06
6	16	1	0	2	1	2.31E+06
6	16	1	0	3	1	1.03E+06
6	16	1	0	4	1	1.19E+04
6	16	1	0	5	1	1.20E+06
6	16	1	0	6	1	1.42E+06
6	16	1	0	7	1	1.08E+05
6	16	1	0	8	1	5.98E+05
6	16	1	0	9	1	1.57E+06
6	16	1	0	10	1	7.23E+05
6	16	1	0	11	1	4.49E+00
6	16	1	0	12	1	4.62E+05
6	16	1	0	13	1	7.81E+05
6	16	1	0	14	1	8.55E+03
6	16	2	0	0	2	3.27E+05
6	16	2	0	1	2	1.47E+06
6	16	2	0	2	2	2.18E+06
6	16	2	0	3	2	9.54E+05
6	16	2	0	4	2	1.47E+04
6	16	2	0	5	2	1.16E+06
6	16	2	0	6	2	1.33E+06
6	16	2	0	7	2	9.28E+04
6	16	2	0	8	2	5.84E+05
6	16	2	0	9	2	1.49E+06
6	16	2	0	10	2	6.71E+05
6	16	2	0	11	2	4.60E+01
6	16	2	0	12	2	4.30E+05
6	16	2	0	13	2	7.13E+05
6	16	2	0	14	2	5.24E+04
6	16	3	0	0	3	3.05E+05
6	16	3	0	1	3	1.36E+06
6	16	3	0	2	3	1.99E+06
6	16	3	0	3	3	8.42E+05
6	16	3	0	4	3	1.90E+04
6	16	3	0	5	3	1.08E+06
6	16	3	0	6	3	1.20E+06
6	16	3	0	7	3	7.20E+04
6	16	3	0	8	3	5.57E+05
6	16	3	0	9	3	1.36E+06
6	16	3	0	10	3	5.93E+05
6	16	3	0	11	3	1.79E+02
6	16	3	0	12	3	3.82E+05
6	16	3	0	13	3	6.13E+05
6	16	3	0	14	3	1.03E+06
6	16	4	0	0	4	2.73E+05
6	16	4	0	1	4	1.19E+06
6	16	4	0	2	4	1.71E+06
6	16	4	0	3	4	6.94E+05
6	16	4	0	4	4	2.42E+04
6	16	4	0	5	4	9.61E+05
6	16	4	0	6	4	1.01E+06
6	16	4	0	7	4	4.86E+04
6	16	4	0	8	4	5.10E+05
6	16	4	0	9	4	1.17E+06
6	16	4	0	10	4	4.89E+05
6	16	4	0	11	4	4.53E+02
6	16	4	0	12	4	3.18E+05
6	16	4	0	13	4	4.84E+05
6	16	4	0	14	4	1.18E+07
6	16	5	0	0	5	2.23E+05
6	16	5	0	1	5	9.54E+05
6	16	5	0	2	5	1.33E+06
6	16	5	0	3	5	5.11E+05
6	16	5	0	4	5	2.86E+04
6	16	5	0	5	5	7.80E+05
6	16	5	0	6	5	7.63E+05
6	16	5	0	7	5	2.62E+04
6	16	5	0	8	5	4.30E+05
6	16	5	0	9	5	9.07E+05
6	16	5	0	10	5	3.60E+05
6	16	5	0	11	5	8.48E+02
6	16	5	0	12	5	2.37E+05
6	16	5	0	13	5	3.33E+05
6	16	6	0	0	6	1.47E+05
6	16	6	0	1	6	6.11E+05
6	16	6	0	2	6	8.28E+05
6	16	6	0	3	6	2.94E+05
6	16	6	0	4	6	2.70E+04
6	16	6	0	5	6	5.07E+05
6	16	6	0	6	6	4.55E+05
6	16	6	0	7	6	8.90E+03
6	16	6	0	8	6	2.92E+05
6	16	6	0	9	6	5.60E+05
6	16	6	0	10	6	2.07E+05
6	16	6	0	11	6	1.13E+03
6	16	6	0	12	6	1.39E+05
6	16	6	0	13	6	1.71E+05
6	17	1	0	0	1	6.86E+04
6	17	1	0	1	1	3.14E+05
6	17	1	0	2	1	4.79E+05
6	17	1	0	3	1	2.21E+05
6	17	1	0	4	1	1.28E+03
6	17	1	0	5	1	2.41E+05
6	17	1	0	6	1	3.01E+05
6	17	1	0	7	1	2.84E+04
6	17	1	0	8	1	1.12E+05
6	17	1	0	9	1	3.24E+05
6	17	1	0	10	1	1.63E+05
6	17	1	0	11	1	6.59E+02
6	17	1	0	12	1	8.22E+04
6	17	1	0	13	1	1.52E+05
6	17	1	0	14	1	6.16E+04
6	17	2	0	0	2	5.92E+04
6	17	2	0	1	2	2.69E+05
6	17	2	0	2	2	4.05E+05
6	17	2	0	3	2	1.83E+05
6	17	2	0	4	2	1.65E+03
6	17	2	0	5	2	2.08E+05
6	17	2	0	6	2	2.52E+05
6	17	2	0	7	2	2.16E+04
6	17	2	0	8	2	9.86E+04
6	17	2	0	9	2	2.74E+05
6	17	2	0	10	2	1.35E+05
6	17	2	0	11	2	3.72E+02
6	17	2	0	12	2	6.95E+04
6	17	2	0	13	2	1.25E+05
6	17	2	0	14	2	3.96E+04
6	17	3	0	0	3	4.63E+04
6	17	3	0	1	3	2.07E+05
6	17	3	0	2	3	3.07E+05
6	17	3	0	3	3	1.34E+05
6	17	3	0	4	3	2.08E+03
6	17	3	0	5	3	1.63E+05
6	17	3	0	6	3	1.88E+05
6	17	3	0	7	3	1.37E+04
6	17	3	0	8	3	7.97E+04
6	17	3	0	9	3	2.08E+05
6	17	3	0	10	3	9.82E+04
6	17	3	0	11	3	1.24E+02
6	17	3	0	12	3	5.25E+04
6	17	3	0	13	3	9.01E+04
6	17	3	0	14	3	1.54E+04
6	17	4	0	0	4	2.98E+04
6	17	4	0	1	4	1.31E+05
6	17	4	0	2	4	1.90E+05
6	17	4	0	3	4	7.86E+04
6	17	4	0	4	4	2.17E+03
6	17	4	0	5	4	1.04E+05
6	17	4	0	6	4	1.13E+05
6	17	4	0	7	4	6.48E+03
6	17	4	0	8	4	5.34E+04
6	17	4	0	9	4	1.29E+05
6	17	4	0	10	4	5.73E+04
6	17	4	0	11	4	7.69E+00
6	17	4	0	12	4	3.22E+04
6	17	4	0	13	4	5.16E+04
6	17	4	0	14	4	1.40E+03
6	18	1	0	0	1	9.81E+03
6	18	1	0	1	1	4.50E+04
6	18	1	0	2	1	6.88E+04
6	18	1	0	3	1	3.20E+04
6	18	1	0	4	1	1.59E+02
6	18	1	0	5	1	3.43E+04
6	18	1	0	6	1	4.34E+04
6	18	1	0	7	1	4.25E+03
6	18	1	0	8	1	1.57E+04
6	18	1	0	9	1	4.64E+04
6	18	1	0	10	1	2.38E+04
6	18	1	0	11	1	1.34E+02
6	18	1	0	12	1	1.15E+04
6	18	1	0	13	1	2.16E+04
6	18	1	0	14	1	9.92E+03


