2 4 29 // magic number - today's date
#
# this file gives the vibration, rotation, and trans prob, of all 
# levels within the B primed electronic state of molecular hydrogen
# data are taken from
#>>refer	H2	As	Abgrall, H., Roueff, E., & Drira, I. 2000, A&AS, 141, 297-300
#
# Any line starting with a #
# is interpreted as a comment and ignored.  The same magic number
# appears at the start and end of the file.
#
#EU	VU	JU	EL	VL	JL	A (s-1) T
4	0	0	0	0	1	2.34E+07
4	0	0	0	1	1	8.52E+07
4	0	0	0	2	1	1.25E+08
4	0	0	0	3	1	9.56E+07
4	0	0	0	4	1	4.11E+07
4	0	0	0	5	1	9.98E+06
4	0	0	0	6	1	1.21E+06
4	0	0	0	7	1	4.31E+04
4	0	0	0	8	1	4.81E+00
4	0	0	0	9	1	1.02E+02
4	0	0	0	10	1	3.64E+00
4	0	0	0	11	1	2.71E+00
4	0	0	0	12	1	1.66E+00
4	0	0	0	13	1	1.25E+00
4	0	0	0	14	1	1.18E+00
4	0	1	0	0	2	1.36E+07
4	0	1	0	0	0	6.44E+06
4	0	1	0	1	2	5.82E+07
4	0	1	0	1	0	3.57E+07
4	0	1	0	2	2	7.52E+07
4	0	1	0	2	0	4.25E+07
4	0	1	0	3	2	6.04E+07
4	0	1	0	3	0	3.20E+07
4	0	1	0	4	2	2.83E+07
4	0	1	0	4	0	1.77E+07
4	0	1	0	5	2	4.88E+06
4	0	1	0	5	0	3.57E+06
4	0	1	0	6	2	7.59E+05
4	0	1	0	6	0	1.91E+05
4	0	1	0	7	2	2.73E+05
4	0	1	0	7	0	6.11E+04
4	0	1	0	8	2	7.81E+04
4	0	1	0	8	0	1.91E+03
4	0	1	0	9	2	1.74E+03
4	0	1	0	9	0	2.82E+04
4	0	1	0	10	2	2.89E+05
4	0	1	0	10	0	6.27E+04
4	0	1	0	11	2	5.94E+03
4	0	1	0	11	0	1.87E+05
4	0	1	0	12	2	9.42E+03
4	0	1	0	12	0	2.23E+04
4	0	1	0	13	2	1.54E+03
4	0	1	0	13	0	2.53E+01
4	0	1	0	14	2	3.36E+03
4	0	1	0	14	0	3.72E+03
4	0	2	0	0	3	1.26E+07
4	0	2	0	0	1	1.05E+07
4	0	2	0	1	3	4.70E+07
4	0	2	0	1	1	3.76E+07
4	0	2	0	2	3	6.82E+07
4	0	2	0	2	1	5.60E+07
4	0	2	0	3	3	5.14E+07
4	0	2	0	3	1	4.35E+07
4	0	2	0	4	3	2.21E+07
4	0	2	0	4	1	1.88E+07
4	0	2	0	5	3	5.29E+06
4	0	2	0	5	1	4.61E+06
4	0	2	0	6	3	5.87E+05
4	0	2	0	6	1	6.00E+05
4	0	2	0	7	3	1.91E+04
4	0	2	0	7	1	2.51E+04
4	0	2	0	8	3	7.79E+01
4	0	2	0	8	1	3.03E+02
4	0	2	0	9	3	4.91E+02
4	0	2	0	9	1	3.05E+00
4	0	2	0	10	3	1.25E+03
4	0	2	0	10	1	2.08E+03
4	0	2	0	11	3	1.73E+02
4	0	2	0	11	1	3.70E+02
4	0	2	0	12	3	1.82E+01
4	0	2	0	12	1	3.63E+01
4	0	2	0	13	3	3.38E-01
4	0	2	0	13	1	8.12E+00
4	0	2	0	14	3	1.91E+00
4	0	2	0	14	1	5.26E+00
4	0	3	0	0	4	1.16E+07
4	0	3	0	0	2	1.13E+07
4	0	3	0	1	4	4.22E+07
4	0	3	0	1	2	4.16E+07
4	0	3	0	2	4	6.18E+07
4	0	3	0	2	2	6.16E+07
4	0	3	0	3	4	4.66E+07
4	0	3	0	3	2	4.78E+07
4	0	3	0	4	4	1.95E+07
4	0	3	0	4	2	2.11E+07
4	0	3	0	5	4	4.62E+06
4	0	3	0	5	2	5.26E+06
4	0	3	0	6	4	5.29E+05
4	0	3	0	6	2	6.51E+05
4	0	3	0	7	4	1.30E+04
4	0	3	0	7	2	2.61E+04
4	0	3	0	8	4	1.44E+02
4	0	3	0	8	2	1.08E+02
4	0	3	0	9	4	1.30E+00
4	0	3	0	9	2	1.89E+02
4	0	3	0	10	4	1.48E+02
4	0	3	0	10	2	4.11E+02
4	0	3	0	11	4	6.97E+01
4	0	3	0	11	2	3.20E+01
4	0	3	0	12	4	1.33E+01
4	0	3	0	12	2	9.52E-06
4	0	3	0	13	4	1.66E+00
4	0	3	0	13	2	6.17E-01
4	0	3	0	14	4	5.29E-02
4	0	3	0	14	2	5.03E-02
4	0	4	0	0	5	1.07E+07
4	0	4	0	0	3	1.19E+07
4	0	4	0	1	5	3.89E+07
4	0	4	0	1	3	4.39E+07
4	0	4	0	2	5	5.69E+07
4	0	4	0	2	3	6.53E+07
4	0	4	0	3	5	4.27E+07
4	0	4	0	3	3	5.09E+07
4	0	4	0	4	5	1.78E+07
4	0	4	0	4	3	2.25E+07
4	0	4	0	5	5	4.14E+06
4	0	4	0	5	3	5.66E+06
4	0	4	0	6	5	4.57E+05
4	0	4	0	6	3	7.02E+05
4	0	4	0	7	5	1.00E+04
4	0	4	0	7	3	2.79E+04
4	0	4	0	8	5	1.87E+02
4	0	4	0	8	3	6.71E+01
4	0	4	0	9	5	1.21E-02
4	0	4	0	9	3	1.71E+02
4	0	4	0	10	5	1.31E+02
4	0	4	0	10	3	2.91E+02
4	0	4	0	11	5	4.21E+01
4	0	4	0	11	3	2.69E+01
4	0	4	0	12	5	9.48E+00
4	0	4	0	12	3	5.01E-02
4	0	4	0	13	5	1.40E+00
4	0	4	0	13	3	3.89E-01
4	0	4	0	14	3	1.96E-02
4	0	5	0	0	6	9.92E+06
4	0	5	0	0	4	1.23E+07
4	0	5	0	1	6	3.61E+07
4	0	5	0	1	4	4.54E+07
4	0	5	0	2	6	5.28E+07
4	0	5	0	2	4	6.78E+07
4	0	5	0	3	6	3.95E+07
4	0	5	0	3	4	5.31E+07
4	0	5	0	4	6	1.64E+07
4	0	5	0	4	4	2.36E+07
4	0	5	0	5	6	3.74E+06
4	0	5	0	5	4	5.97E+06
4	0	5	0	6	6	3.92E+05
4	0	5	0	6	4	7.41E+05
4	0	5	0	7	6	7.78E+03
4	0	5	0	7	4	2.84E+04
4	0	5	0	8	6	2.45E+02
4	0	5	0	8	4	3.15E+01
4	0	5	0	9	6	2.97E+00
4	0	5	0	9	4	1.46E+02
4	0	5	0	10	6	1.30E+02
4	0	5	0	10	4	2.11E+02
4	0	5	0	11	6	1.70E+01
4	0	5	0	11	4	1.78E+01
4	0	5	0	12	6	4.89E+00
4	0	5	0	12	4	2.35E-02
4	0	5	0	13	6	9.07E-01
4	0	5	0	13	4	3.57E-01
4	0	5	0	14	4	2.44E-03
4	0	6	0	0	7	9.23E+06
4	0	6	0	0	5	1.25E+07
4	0	6	0	1	7	3.38E+07
4	0	6	0	1	5	4.64E+07
4	0	6	0	2	7	4.92E+07
4	0	6	0	2	5	6.95E+07
4	0	6	0	3	7	3.67E+07
4	0	6	0	3	5	5.48E+07
4	0	6	0	4	7	1.51E+07
4	0	6	0	4	5	2.46E+07
4	0	6	0	5	7	3.38E+06
4	0	6	0	5	5	6.20E+06
4	0	6	0	6	7	3.37E+05
4	0	6	0	6	5	7.65E+05
4	0	6	0	7	7	5.63E+03
4	0	6	0	7	5	2.90E+04
4	0	6	0	8	7	3.69E+02
4	0	6	0	8	5	6.04E+00
4	0	6	0	9	7	2.05E+00
4	0	6	0	9	5	1.60E+02
4	0	6	0	10	7	1.35E+02
4	0	6	0	10	5	1.38E+02
4	0	6	0	11	7	4.41E+00
4	0	6	0	11	5	2.76E+01
4	0	6	0	12	7	8.51E-01
4	0	6	0	12	5	1.15E+00
4	0	6	0	13	7	7.51E-02
4	0	6	0	13	5	3.06E-02
4	0	7	0	0	8	8.64E+06
4	0	7	0	0	6	1.25E+07
4	0	7	0	1	8	3.15E+07
4	0	7	0	1	6	4.67E+07
4	0	7	0	2	8	4.60E+07
4	0	7	0	2	6	7.06E+07
4	0	7	0	3	8	3.42E+07
4	0	7	0	3	6	5.60E+07
4	0	7	0	4	8	1.39E+07
4	0	7	0	4	6	2.52E+07
4	0	7	0	5	8	3.06E+06
4	0	7	0	5	6	6.42E+06
4	0	7	0	6	8	2.88E+05
4	0	7	0	6	6	7.83E+05
4	0	7	0	7	8	3.50E+03
4	0	7	0	7	6	2.68E+04
4	0	7	0	8	8	3.96E+02
4	0	7	0	8	6	5.70E+00
4	0	7	0	9	8	3.75E+00
4	0	7	0	9	6	1.52E+02
4	0	7	0	10	8	1.66E+02
4	0	7	0	10	6	2.23E+02
4	0	7	0	11	8	1.17E+01
4	0	7	0	11	6	1.47E+01
4	0	7	0	12	8	8.52E+00
4	0	7	0	12	6	1.68E-02
4	0	7	0	13	6	2.61E-01
4	0	8	0	0	9	8.02E+06
4	0	8	0	0	7	1.24E+07
4	0	8	0	1	9	2.96E+07
4	0	8	0	1	7	4.67E+07
4	0	8	0	2	9	4.30E+07
4	0	8	0	2	7	7.11E+07
4	0	8	0	3	9	3.19E+07
4	0	8	0	3	7	5.68E+07
4	0	8	0	4	9	1.30E+07
4	0	8	0	4	7	2.58E+07
4	0	8	0	5	9	2.78E+06
4	0	8	0	5	7	6.54E+06
4	0	8	0	6	9	2.37E+05
4	0	8	0	6	7	7.93E+05
4	0	8	0	7	9	2.22E+03
4	0	8	0	7	7	2.66E+04
4	0	8	0	8	9	3.42E+02
4	0	8	0	8	7	5.05E+01
4	0	8	0	9	9	6.33E+01
4	0	8	0	9	7	1.41E+02
4	0	8	0	10	9	4.88E+00
4	0	8	0	10	7	6.88E-02
4	0	8	0	11	9	1.93E-01
4	0	8	0	11	7	5.03E-01
4	0	8	0	12	9	9.68E-03
4	0	8	0	12	7	6.93E-01
4	0	8	0	13	7	3.71E-01
4	0	9	0	0	10	7.53E+06
4	0	9	0	0	8	1.25E+07
4	0	9	0	1	10	2.75E+07
4	0	9	0	1	8	4.56E+07
4	0	9	0	2	10	4.06E+07
4	0	9	0	2	8	7.14E+07
4	0	9	0	3	10	2.97E+07
4	0	9	0	3	8	5.75E+07
4	0	9	0	4	10	1.20E+07
4	0	9	0	4	8	2.58E+07
4	0	9	0	5	10	2.59E+06
4	0	9	0	5	8	6.72E+06
4	0	9	0	6	10	1.78E+05
4	0	9	0	6	8	8.16E+05
4	0	9	0	7	10	6.53E+02
4	0	9	0	7	8	1.80E+04
4	0	9	0	8	10	1.19E+02
4	0	9	0	8	8	3.85E-05
4	0	9	0	9	10	1.58E+03
4	0	9	0	9	8	1.82E+02
4	0	9	0	10	10	1.79E+02
4	0	9	0	10	8	1.77E+02
4	0	9	0	11	10	1.81E+00
4	0	9	0	11	8	9.07E+02
4	0	9	0	12	10	2.45E+01
4	0	9	0	12	8	4.32E+02
4	0	10	0	0	11	6.97E+06
4	0	10	0	0	9	1.19E+07
4	0	10	0	1	11	2.59E+07
4	0	10	0	1	9	4.54E+07
4	0	10	0	2	11	3.78E+07
4	0	10	0	2	9	7.04E+07
4	0	10	0	3	11	2.79E+07
4	0	10	0	3	9	5.73E+07
4	0	10	0	4	11	1.12E+07
4	0	10	0	4	9	2.64E+07
4	0	10	0	5	11	2.25E+06
4	0	10	0	5	9	6.69E+06
4	0	10	0	6	11	1.59E+05
4	0	10	0	6	9	7.80E+05
4	0	10	0	7	11	3.22E+02
4	0	10	0	7	9	2.20E+04
4	0	10	0	8	11	6.42E+02
4	0	10	0	8	9	2.58E+02
4	0	10	0	9	11	3.50E+01
4	0	10	0	9	9	1.71E+02
4	0	10	0	10	11	9.97E+00
4	0	10	0	10	9	2.30E+00
4	0	10	0	11	11	2.51E+00
4	0	10	0	11	9	8.14E-02
4	0	10	0	12	9	4.10E-02
4	0	11	0	0	12	6.48E+06
4	0	11	0	0	10	1.16E+07
4	0	11	0	1	12	2.43E+07
4	0	11	0	1	10	4.38E+07
4	0	11	0	2	12	3.55E+07
4	0	11	0	2	10	6.96E+07
4	0	11	0	3	12	2.60E+07
4	0	11	0	3	10	5.72E+07
4	0	11	0	4	12	1.04E+07
4	0	11	0	4	10	2.63E+07
4	0	11	0	5	12	2.05E+06
4	0	11	0	5	10	6.75E+06
4	0	11	0	6	12	1.11E+05
4	0	11	0	6	10	7.77E+05
4	0	11	0	7	12	1.52E+01
4	0	11	0	7	10	1.69E+04
4	0	11	0	8	12	6.73E+01
4	0	11	0	8	10	3.95E+02
4	0	11	0	9	12	9.33E+02
4	0	11	0	9	10	2.97E+02
4	0	11	0	10	12	9.72E+01
4	0	11	0	10	10	5.77E+02
4	0	11	0	11	12	1.85E+01
4	0	11	0	11	10	2.39E+02
4	0	11	0	12	10	1.19E+02
4	0	12	0	0	13	6.02E+06
4	0	12	0	0	11	1.09E+07
4	0	12	0	1	13	2.27E+07
4	0	12	0	1	11	4.27E+07
4	0	12	0	2	13	3.32E+07
4	0	12	0	2	11	6.78E+07
4	0	12	0	3	13	2.45E+07
4	0	12	0	3	11	5.65E+07
4	0	12	0	4	13	9.61E+06
4	0	12	0	4	11	2.65E+07
4	0	12	0	5	13	1.79E+06
4	0	12	0	5	11	6.68E+06
4	0	12	0	6	13	9.47E+04
4	0	12	0	6	11	7.35E+05
4	0	12	0	7	13	2.26E+02
4	0	12	0	7	11	1.54E+04
4	0	12	0	8	13	8.09E+02
4	0	12	0	8	11	9.51E+02
4	0	12	0	9	13	3.88E+01
4	0	12	0	9	11	1.67E+02
4	0	12	0	10	13	2.04E+01
4	0	12	0	10	11	9.77E+01
4	0	12	0	11	11	3.88E+00
4	0	13	0	0	14	5.55E+06
4	0	13	0	0	12	1.03E+07
4	0	13	0	1	14	2.11E+07
4	0	13	0	1	12	4.09E+07
4	0	13	0	2	14	3.11E+07
4	0	13	0	2	12	6.58E+07
4	0	13	0	3	14	2.30E+07
4	0	13	0	3	12	5.57E+07
4	0	13	0	4	14	8.90E+06
4	0	13	0	4	12	2.63E+07
4	0	13	0	5	14	1.57E+06
4	0	13	0	5	12	6.59E+06
4	0	13	0	6	14	6.74E+04
4	0	13	0	6	12	7.00E+05
4	0	13	0	7	14	1.09E+03
4	0	13	0	7	12	1.19E+04
4	0	13	0	8	14	9.18E+02
4	0	13	0	8	12	1.64E+03
4	0	13	0	9	14	2.37E+01
4	0	13	0	9	12	1.34E+02
4	0	13	0	10	14	6.29E+01
4	0	13	0	10	12	1.60E+02
4	0	13	0	11	12	2.99E+00
4	0	14	0	0	15	5.12E+06
4	0	14	0	0	13	9.63E+06
4	0	14	0	1	15	1.96E+07
4	0	14	0	1	13	3.88E+07
4	0	14	0	2	15	2.90E+07
4	0	14	0	2	13	6.35E+07
4	0	14	0	3	15	2.15E+07
4	0	14	0	3	13	5.45E+07
4	0	14	0	4	15	8.18E+06
4	0	14	0	4	13	2.60E+07
4	0	14	0	5	15	1.36E+06
4	0	14	0	5	13	6.49E+06
4	0	14	0	6	15	4.39E+04
4	0	14	0	6	13	6.53E+05
4	0	14	0	7	15	2.75E+03
4	0	14	0	7	13	7.29E+03
4	0	14	0	8	15	1.02E+03
4	0	14	0	8	13	2.03E+03
4	0	14	0	9	15	4.37E+00
4	0	14	0	9	13	1.44E+02
4	0	14	0	10	15	1.70E+01
4	0	14	0	10	13	8.46E+01
4	0	15	0	0	16	4.70E+06
4	0	15	0	0	14	8.87E+06
4	0	15	0	1	16	1.81E+07
4	0	15	0	1	14	3.65E+07
4	0	15	0	2	16	2.70E+07
4	0	15	0	2	14	6.08E+07
4	0	15	0	3	16	2.01E+07
4	0	15	0	3	14	5.31E+07
4	0	15	0	4	16	7.48E+06
4	0	15	0	4	14	2.56E+07
4	0	15	0	5	16	1.15E+06
4	0	15	0	5	14	6.33E+06
4	0	15	0	6	16	2.48E+04
4	0	15	0	6	14	6.00E+05
4	0	15	0	7	16	5.33E+03
4	0	15	0	7	14	3.37E+03
4	0	15	0	8	16	1.17E+03
4	0	15	0	8	14	2.79E+03
4	0	15	0	9	16	1.30E+01
4	0	15	0	9	14	8.79E+01
4	0	15	0	10	14	3.90E+00
4	0	16	0	0	17	4.26E+06
4	0	16	0	0	15	8.10E+06
4	0	16	0	1	17	1.66E+07
4	0	16	0	1	15	3.39E+07
4	0	16	0	2	17	2.51E+07
4	0	16	0	2	15	5.77E+07
4	0	16	0	3	17	1.86E+07
4	0	16	0	3	15	5.13E+07
4	0	16	0	4	17	6.78E+06
4	0	16	0	4	15	2.50E+07
4	0	16	0	5	17	9.48E+05
4	0	16	0	5	15	6.12E+06
4	0	16	0	6	17	9.81E+03
4	0	16	0	6	15	5.33E+05
4	0	16	0	7	17	9.14E+03
4	0	16	0	7	15	7.78E+02
4	0	16	0	8	17	1.07E+03
4	0	16	0	8	15	3.76E+03
4	0	16	0	9	17	4.02E+00
4	0	16	0	9	15	6.27E+01
4	0	16	0	10	15	5.40E+01
4	0	17	0	0	18	3.83E+06
4	0	17	0	0	16	7.28E+06
4	0	17	0	1	18	1.51E+07
4	0	17	0	1	16	3.12E+07
4	0	17	0	2	18	2.31E+07
4	0	17	0	2	16	5.43E+07
4	0	17	0	3	18	1.72E+07
4	0	17	0	3	16	4.92E+07
4	0	17	0	4	18	6.07E+06
4	0	17	0	4	16	2.42E+07
4	0	17	0	5	18	7.49E+05
4	0	17	0	5	16	5.84E+06
4	0	17	0	6	18	9.55E+02
4	0	17	0	6	16	4.61E+05
4	0	17	0	7	18	1.41E+04
4	0	17	0	7	16	4.62E+01
4	0	17	0	8	18	9.03E+02
4	0	17	0	8	16	5.09E+03
4	0	17	0	9	16	3.55E+01
4	0	18	0	0	19	3.40E+06
4	0	18	0	0	17	6.45E+06
4	0	18	0	1	19	1.37E+07
4	0	18	0	1	17	2.83E+07
4	0	18	0	2	19	2.11E+07
4	0	18	0	2	17	5.05E+07
4	0	18	0	3	19	1.57E+07
4	0	18	0	3	17	4.67E+07
4	0	18	0	4	19	5.34E+06
4	0	18	0	4	17	2.32E+07
4	0	18	0	5	19	5.55E+05
4	0	18	0	5	17	5.51E+06
4	0	18	0	6	19	1.99E+03
4	0	18	0	6	17	3.78E+05
4	0	18	0	7	19	2.08E+04
4	0	18	0	7	17	2.43E+03
4	0	18	0	8	19	7.21E+02
4	0	18	0	8	17	6.62E+03
4	0	18	0	9	17	1.27E+01
4	0	19	0	0	20	2.96E+06
4	0	19	0	0	18	5.60E+06
4	0	19	0	1	20	1.22E+07
4	0	19	0	1	18	2.53E+07
4	0	19	0	2	20	1.91E+07
4	0	19	0	2	18	4.63E+07
4	0	19	0	3	20	1.41E+07
4	0	19	0	3	18	4.40E+07
4	0	19	0	4	20	4.61E+06
4	0	19	0	4	18	2.21E+07
4	0	19	0	5	20	3.68E+05
4	0	19	0	5	18	5.08E+06
4	0	19	0	6	20	1.80E+04
4	0	19	0	6	18	2.95E+05
4	0	19	0	7	20	2.93E+04
4	0	19	0	7	18	1.01E+04
4	0	19	0	8	18	9.66E+03
4	1	0	0	0	1	4.97E+07
4	1	0	0	1	1	8.95E+07
4	1	0	0	2	1	2.88E+07
4	1	0	0	3	1	5.08E+06
4	1	0	0	4	1	5.79E+07
4	1	0	0	5	1	6.32E+07
4	1	0	0	6	1	2.59E+07
4	1	0	0	7	1	4.19E+06
4	1	0	0	8	1	1.32E+05
4	1	0	0	9	1	3.88E+03
4	1	0	0	10	1	1.15E+03
4	1	0	0	11	1	3.07E+00
4	1	0	0	12	1	1.59E+01
4	1	0	0	13	1	9.69E+00
4	1	0	0	14	1	3.11E+00
4	1	1	0	0	2	2.98E+07
4	1	1	0	0	0	1.96E+07
4	1	1	0	1	2	5.13E+07
4	1	1	0	1	0	3.81E+07
4	1	1	0	2	2	1.53E+07
4	1	1	0	2	0	1.38E+07
4	1	1	0	3	2	4.43E+06
4	1	1	0	3	0	8.62E+05
4	1	1	0	4	2	3.96E+07
4	1	1	0	4	0	1.80E+07
4	1	1	0	5	2	4.09E+07
4	1	1	0	5	0	2.18E+07
4	1	1	0	6	2	1.60E+07
4	1	1	0	6	0	9.65E+06
4	1	1	0	7	2	2.61E+06
4	1	1	0	7	0	1.53E+06
4	1	1	0	8	2	8.31E+04
4	1	1	0	8	0	4.40E+04
4	1	1	0	9	2	9.50E+03
4	1	1	0	9	0	4.19E+02
4	1	1	0	10	2	1.25E+02
4	1	1	0	10	0	8.87E+02
4	1	1	0	11	2	1.19E+04
4	1	1	0	11	0	2.33E+04
4	1	1	0	12	2	2.67E+03
4	1	1	0	12	0	6.33E+03
4	1	1	0	13	2	6.10E+02
4	1	1	0	13	0	9.79E+02
4	1	1	0	14	2	6.48E+01
4	1	1	0	14	0	7.86E+01
4	1	2	0	0	3	2.39E+07
4	1	2	0	0	1	2.51E+07
4	1	2	0	1	3	3.99E+07
4	1	2	0	1	1	4.93E+07
4	1	2	0	2	3	1.07E+07
4	1	2	0	2	1	1.89E+07
4	1	2	0	3	3	4.95E+06
4	1	2	0	3	1	6.95E+05
4	1	2	0	4	3	3.58E+07
4	1	2	0	4	1	2.10E+07
4	1	2	0	5	3	3.54E+07
4	1	2	0	5	1	2.65E+07
4	1	2	0	6	3	1.34E+07
4	1	2	0	6	1	1.19E+07
4	1	2	0	7	3	2.14E+06
4	1	2	0	7	1	1.91E+06
4	1	2	0	8	3	6.22E+04
4	1	2	0	8	1	5.82E+04
4	1	2	0	9	3	1.24E+04
4	1	2	0	9	1	3.09E+02
4	1	2	0	10	3	2.17E-01
4	1	2	0	10	1	9.32E+02
4	1	2	0	11	3	1.87E+04
4	1	2	0	11	1	2.55E+04
4	1	2	0	12	3	3.15E+03
4	1	2	0	12	1	7.91E+03
4	1	2	0	13	3	8.11E+02
4	1	2	0	13	1	1.24E+03
4	1	2	0	14	3	7.06E+01
4	1	2	0	14	1	1.10E+02
4	1	3	0	0	4	2.04E+07
4	1	3	0	0	2	2.76E+07
4	1	3	0	1	4	3.28E+07
4	1	3	0	1	2	5.67E+07
4	1	3	0	2	4	7.94E+06
4	1	3	0	2	2	2.18E+07
4	1	3	0	3	4	5.40E+06
4	1	3	0	3	2	5.35E+05
4	1	3	0	4	4	3.41E+07
4	1	3	0	4	2	2.16E+07
4	1	3	0	5	4	3.24E+07
4	1	3	0	5	2	2.88E+07
4	1	3	0	6	4	1.15E+07
4	1	3	0	6	2	1.31E+07
4	1	3	0	7	4	1.88E+06
4	1	3	0	7	2	1.99E+06
4	1	3	0	8	4	7.06E+04
4	1	3	0	8	2	5.37E+04
4	1	3	0	9	4	2.70E+04
4	1	3	0	9	2	7.03E+02
4	1	3	0	10	4	1.37E+02
4	1	3	0	10	2	4.93E+02
4	1	3	0	11	4	4.38E+04
4	1	3	0	11	2	4.11E+04
4	1	3	0	12	4	2.64E+03
4	1	3	0	12	2	1.75E+04
4	1	3	0	13	4	6.71E+02
4	1	3	0	13	2	3.66E+03
4	1	3	0	14	4	2.05E+01
4	1	3	0	14	2	5.99E+02
4	1	4	0	0	5	1.73E+07
4	1	4	0	0	3	3.04E+07
4	1	4	0	1	5	2.89E+07
4	1	4	0	1	3	5.88E+07
4	1	4	0	2	5	6.05E+06
4	1	4	0	2	3	2.49E+07
4	1	4	0	3	5	6.12E+06
4	1	4	0	3	3	3.26E+05
4	1	4	0	4	5	3.17E+07
4	1	4	0	4	3	2.30E+07
4	1	4	0	5	5	2.97E+07
4	1	4	0	5	3	2.98E+07
4	1	4	0	6	5	1.09E+07
4	1	4	0	6	3	1.32E+07
4	1	4	0	7	5	1.47E+06
4	1	4	0	7	3	2.29E+06
4	1	4	0	8	5	2.28E+04
4	1	4	0	8	3	8.50E+04
4	1	4	0	9	5	3.10E+03
4	1	4	0	9	3	2.36E+03
4	1	4	0	10	5	6.48E+02
4	1	4	0	10	3	7.93E+02
4	1	4	0	11	5	1.56E+02
4	1	4	0	11	3	3.04E+02
4	1	4	0	12	5	1.88E+01
4	1	4	0	12	3	9.36E+01
4	1	4	0	13	5	5.41E+00
4	1	4	0	13	3	2.29E+01
4	1	4	0	14	3	2.39E+00
4	1	5	0	0	6	1.55E+07
4	1	5	0	0	4	3.13E+07
4	1	5	0	1	6	2.53E+07
4	1	5	0	1	4	6.15E+07
4	1	5	0	2	6	4.92E+06
4	1	5	0	2	4	2.65E+07
4	1	5	0	3	6	6.32E+06
4	1	5	0	3	4	2.40E+05
4	1	5	0	4	6	3.03E+07
4	1	5	0	4	4	2.30E+07
4	1	5	0	5	6	2.75E+07
4	1	5	0	5	4	3.05E+07
4	1	5	0	6	6	9.79E+06
4	1	5	0	6	4	1.38E+07
4	1	5	0	7	6	1.26E+06
4	1	5	0	7	4	2.35E+06
4	1	5	0	8	6	1.40E+04
4	1	5	0	8	4	7.71E+04
4	1	5	0	9	6	5.32E+03
4	1	5	0	9	4	1.60E+03
4	1	5	0	10	6	2.48E+02
4	1	5	0	10	4	7.54E+02
4	1	5	0	11	6	3.95E+02
4	1	5	0	11	4	3.58E+02
4	1	5	0	12	6	2.82E+01
4	1	5	0	12	4	4.77E+01
4	1	5	0	13	6	2.22E+01
4	1	5	0	13	4	3.22E+00
4	1	5	0	14	4	1.11E-01
4	1	6	0	0	7	3.63E+07
4	1	6	0	0	5	4.49E+06
4	1	6	0	1	7	3.56E+04
4	1	6	0	1	5	9.56E+07
4	1	6	0	2	7	1.22E+07
4	1	6	0	2	5	8.63E+06
4	1	6	0	3	7	1.21E+04
4	1	6	0	3	5	4.47E+06
4	1	6	0	4	7	6.31E+07
4	1	6	0	4	5	2.03E+06
4	1	6	0	5	7	1.27E+07
4	1	6	0	5	5	1.87E+07
4	1	6	0	6	7	7.81E+05
4	1	6	0	6	5	3.22E+07
4	1	6	0	7	7	1.46E+07
4	1	6	0	7	5	1.84E+04
4	1	6	0	8	7	1.84E+06
4	1	6	0	8	5	4.90E+06
4	1	6	0	9	7	1.72E+07
4	1	6	0	9	5	7.98E+06
4	1	6	0	10	7	8.44E+06
4	1	6	0	10	5	3.06E+05
4	1	6	0	11	7	7.35E+07
4	1	6	0	11	5	8.44E+07
4	1	6	0	12	7	3.03E+06
4	1	6	0	12	5	2.26E+07
4	1	6	0	13	7	2.30E+06
4	1	6	0	13	5	5.07E+06
4	1	7	0	0	8	1.28E+07
4	1	7	0	0	6	3.21E+07
4	1	7	0	1	8	2.11E+07
4	1	7	0	1	6	6.30E+07
4	1	7	0	2	8	3.66E+06
4	1	7	0	2	6	2.89E+07
4	1	7	0	3	8	6.28E+06
4	1	7	0	3	6	1.02E+05
4	1	7	0	4	8	2.68E+07
4	1	7	0	4	6	2.30E+07
4	1	7	0	5	8	2.36E+07
4	1	7	0	5	6	3.11E+07
4	1	7	0	6	8	8.10E+06
4	1	7	0	6	6	1.41E+07
4	1	7	0	7	8	8.20E+05
4	1	7	0	7	6	2.44E+06
4	1	7	0	8	8	7.48E+02
4	1	7	0	8	6	7.09E+04
4	1	7	0	9	8	1.64E+03
4	1	7	0	9	6	4.89E+03
4	1	7	0	10	8	1.76E+03
4	1	7	0	10	6	1.16E+03
4	1	7	0	11	8	1.89E+03
4	1	7	0	11	6	2.36E+03
4	1	7	0	12	8	1.98E+01
4	1	7	0	12	6	1.14E+03
4	1	7	0	13	6	4.00E+02
4	1	8	0	0	9	1.20E+07
4	1	8	0	0	7	3.14E+07
4	1	8	0	1	9	1.96E+07
4	1	8	0	1	7	6.36E+07
4	1	8	0	2	9	3.36E+06
4	1	8	0	2	7	2.94E+07
4	1	8	0	3	9	5.90E+06
4	1	8	0	3	7	5.81E+04
4	1	8	0	4	9	2.52E+07
4	1	8	0	4	7	2.23E+07
4	1	8	0	5	9	2.18E+07
4	1	8	0	5	7	3.13E+07
4	1	8	0	6	9	7.13E+06
4	1	8	0	6	7	1.43E+07
4	1	8	0	7	9	6.78E+05
4	1	8	0	7	7	2.35E+06
4	1	8	0	8	9	2.13E+01
4	1	8	0	8	7	6.21E+04
4	1	8	0	9	9	5.71E+03
4	1	8	0	9	7	5.32E+03
4	1	8	0	10	9	3.48E+02
4	1	8	0	10	7	1.15E+03
4	1	8	0	11	9	4.25E+01
4	1	8	0	11	7	2.91E+02
4	1	8	0	12	9	9.10E+00
4	1	8	0	12	7	2.77E+01
4	1	8	0	13	7	1.17E+01
4	1	9	0	0	10	1.12E+07
4	1	9	0	0	8	3.07E+07
4	1	9	0	1	10	1.85E+07
4	1	9	0	1	8	6.31E+07
4	1	9	0	2	10	3.21E+06
4	1	9	0	2	8	3.00E+07
4	1	9	0	3	10	5.48E+06
4	1	9	0	3	8	2.06E+04
4	1	9	0	4	10	2.34E+07
4	1	9	0	4	8	2.17E+07
4	1	9	0	5	10	2.01E+07
4	1	9	0	5	8	3.11E+07
4	1	9	0	6	10	6.35E+06
4	1	9	0	6	8	1.43E+07
4	1	9	0	7	10	5.21E+05
4	1	9	0	7	8	2.29E+06
4	1	9	0	8	10	1.26E+03
4	1	9	0	8	8	5.07E+04
4	1	9	0	9	10	5.92E+03
4	1	9	0	9	8	7.08E+03
4	1	9	0	10	10	3.79E+02
4	1	9	0	10	8	1.26E+03
4	1	9	0	11	10	1.43E+02
4	1	9	0	11	8	5.86E+02
4	1	9	0	12	10	4.59E+00
4	1	9	0	12	8	5.82E+01
4	1	10	0	0	11	1.05E+07
4	1	10	0	0	9	2.97E+07
4	1	10	0	1	11	1.76E+07
4	1	10	0	1	9	6.22E+07
4	1	10	0	2	11	3.17E+06
4	1	10	0	2	9	3.04E+07
4	1	10	0	3	11	4.93E+06
4	1	10	0	3	9	9.59E+02
4	1	10	0	4	11	2.16E+07
4	1	10	0	4	9	2.08E+07
4	1	10	0	5	11	1.85E+07
4	1	10	0	5	9	3.07E+07
4	1	10	0	6	11	5.57E+06
4	1	10	0	6	9	1.41E+07
4	1	10	0	7	11	3.88E+05
4	1	10	0	7	9	2.19E+06
4	1	10	0	8	11	5.45E+03
4	1	10	0	8	9	3.87E+04
4	1	10	0	9	11	7.35E+03
4	1	10	0	9	9	9.65E+03
4	1	10	0	10	11	1.60E+02
4	1	10	0	10	9	1.20E+03
4	1	10	0	11	11	1.08E+02
4	1	10	0	11	9	5.15E+02
4	1	10	0	12	9	9.93E+00
4	1	11	0	0	12	9.93E+06
4	1	11	0	0	10	2.85E+07
4	1	11	0	1	12	1.68E+07
4	1	11	0	1	10	6.09E+07
4	1	11	0	2	12	3.23E+06
4	1	11	0	2	10	3.09E+07
4	1	11	0	3	12	4.34E+06
4	1	11	0	3	10	9.93E+03
4	1	11	0	4	12	1.98E+07
4	1	11	0	4	10	1.97E+07
4	1	11	0	5	12	1.68E+07
4	1	11	0	5	10	3.00E+07
4	1	11	0	6	12	4.83E+06
4	1	11	0	6	10	1.39E+07
4	1	11	0	7	12	2.68E+05
4	1	11	0	7	10	2.07E+06
4	1	11	0	8	12	1.35E+04
4	1	11	0	8	10	2.43E+04
4	1	11	0	9	12	8.19E+03
4	1	11	0	9	10	1.23E+04
4	1	11	0	10	12	6.05E+01
4	1	11	0	10	10	1.14E+03
4	1	11	0	11	12	3.22E+01
4	1	11	0	11	10	3.20E+02
4	1	11	0	12	10	4.74E-02
4	1	12	0	0	13	9.35E+06
4	1	12	0	0	11	2.70E+07
4	1	12	0	1	13	1.62E+07
4	1	12	0	1	11	5.92E+07
4	1	12	0	2	13	3.34E+06
4	1	12	0	2	11	3.12E+07
4	1	12	0	3	13	3.71E+06
4	1	12	0	3	11	6.37E+04
4	1	12	0	4	13	1.80E+07
4	1	12	0	4	11	1.83E+07
4	1	12	0	5	13	1.52E+07
4	1	12	0	5	11	2.91E+07
4	1	12	0	6	13	4.12E+06
4	1	12	0	6	11	1.35E+07
4	1	12	0	7	13	1.65E+05
4	1	12	0	7	11	1.91E+06
4	1	12	0	8	13	2.58E+04
4	1	12	0	8	11	1.27E+04
4	1	12	0	9	13	8.85E+03
4	1	12	0	9	11	1.68E+04
4	1	12	0	10	13	1.48E+01
4	1	12	0	10	11	9.96E+02
4	1	12	0	11	11	4.30E+02
4	1	13	0	0	14	8.80E+06
4	1	13	0	0	12	2.54E+07
4	1	13	0	1	14	1.56E+07
4	1	13	0	1	12	5.71E+07
4	1	13	0	2	14	3.52E+06
4	1	13	0	2	12	3.15E+07
4	1	13	0	3	14	3.05E+06
4	1	13	0	3	12	1.81E+05
4	1	13	0	4	14	1.61E+07
4	1	13	0	4	12	1.67E+07
4	1	13	0	5	14	1.36E+07
4	1	13	0	5	12	2.79E+07
4	1	13	0	6	14	3.42E+06
4	1	13	0	6	12	1.30E+07
4	1	13	0	7	14	8.45E+04
4	1	13	0	7	12	1.72E+06
4	1	13	0	8	14	4.37E+04
4	1	13	0	8	12	3.51E+03
4	1	13	0	9	14	9.65E+03
4	1	13	0	9	12	2.24E+04
4	1	13	0	10	14	1.25E+01
4	1	13	0	10	12	7.78E+02
4	1	13	0	11	12	2.75E+02
4	1	14	0	0	15	8.24E+06
4	1	14	0	0	13	2.36E+07
4	1	14	0	1	15	1.50E+07
4	1	14	0	1	13	5.45E+07
4	1	14	0	2	15	3.75E+06
4	1	14	0	2	13	3.17E+07
4	1	14	0	3	15	2.41E+06
4	1	14	0	3	13	3.84E+05
4	1	14	0	4	15	1.43E+07
4	1	14	0	4	13	1.50E+07
4	1	14	0	5	15	1.20E+07
4	1	14	0	5	13	2.63E+07
4	1	14	0	6	15	2.76E+06
4	1	14	0	6	13	1.23E+07
4	1	14	0	7	15	2.59E+04
4	1	14	0	7	13	1.51E+06
4	1	14	0	8	15	6.84E+04
4	1	14	0	8	13	5.65E+01
4	1	14	0	9	15	9.73E+03
4	1	14	0	9	13	2.90E+04
4	1	14	0	10	15	4.79E+01
4	1	14	0	10	13	6.46E+02
4	1	15	0	0	16	7.65E+06
4	1	15	0	0	14	2.15E+07
4	1	15	0	1	16	1.44E+07
4	1	15	0	1	14	5.16E+07
4	1	15	0	2	16	4.02E+06
4	1	15	0	2	14	3.17E+07
4	1	15	0	3	16	1.80E+06
4	1	15	0	3	14	6.97E+05
4	1	15	0	4	16	1.24E+07
4	1	15	0	4	14	1.31E+07
4	1	15	0	5	16	1.04E+07
4	1	15	0	5	14	2.45E+07
4	1	15	0	6	16	2.12E+06
4	1	15	0	6	14	1.15E+07
4	1	15	0	7	16	2.90E+02
4	1	15	0	7	14	1.27E+06
4	1	15	0	8	16	1.04E+05
4	1	15	0	8	14	7.12E+03
4	1	15	0	9	16	9.55E+03
4	1	15	0	9	14	3.86E+04
4	1	15	0	10	14	4.59E+02
4	1	16	0	0	17	7.05E+06
4	1	16	0	0	15	1.93E+07
4	1	16	0	1	17	1.37E+07
4	1	16	0	1	15	4.82E+07
4	1	16	0	2	17	4.34E+06
4	1	16	0	2	15	3.16E+07
4	1	16	0	3	17	1.23E+06
4	1	16	0	3	15	1.14E+06
4	1	16	0	4	17	1.06E+07
4	1	16	0	4	15	1.10E+07
4	1	16	0	5	17	8.78E+06
4	1	16	0	5	15	2.24E+07
4	1	16	0	6	17	1.49E+06
4	1	16	0	6	15	1.05E+07
4	1	16	0	7	17	1.99E+04
4	1	16	0	7	15	9.97E+05
4	1	16	0	8	17	1.58E+05
4	1	16	0	8	15	3.27E+04
4	1	16	0	9	17	9.70E+03
4	1	16	0	9	15	5.06E+04
4	1	16	0	10	15	2.37E+02
4	1	17	0	0	18	6.32E+06
4	1	17	0	0	16	1.71E+07
4	1	17	0	1	18	1.30E+07
4	1	17	0	1	16	4.42E+07
4	1	17	0	2	18	4.61E+06
4	1	17	0	2	16	3.11E+07
4	1	17	0	3	18	7.51E+05
4	1	17	0	3	16	1.75E+06
4	1	17	0	4	18	8.62E+06
4	1	17	0	4	16	8.80E+06
4	1	17	0	5	18	7.19E+06
4	1	17	0	5	16	1.99E+07
4	1	17	0	6	18	9.37E+05
4	1	17	0	6	16	9.35E+06
4	1	17	0	7	18	1.21E+05
4	1	17	0	7	16	7.23E+05
4	1	17	0	8	18	2.29E+05
4	1	17	0	8	16	8.76E+04
4	1	17	0	9	16	7.84E+04
4	2	0	0	0	1	6.31E+07
4	2	0	0	1	1	4.88E+07
4	2	0	0	2	1	6.79E+05
4	2	0	0	3	1	4.66E+07
4	2	0	0	4	1	2.36E+07
4	2	0	0	5	1	3.67E+06
4	2	0	0	6	1	4.01E+07
4	2	0	0	7	1	3.27E+07
4	2	0	0	8	1	7.01E+06
4	2	0	0	9	1	1.19E+05
4	2	0	0	10	1	5.77E+04
4	2	0	0	11	1	5.82E+03
4	2	0	0	12	1	6.13E+01
4	2	0	0	13	1	2.07E-01
4	2	0	0	14	1	2.22E+00
4	2	1	0	0	2	3.93E+07
4	2	1	0	0	0	2.36E+07
4	2	1	0	1	2	3.04E+07
4	2	1	0	1	0	1.84E+07
4	2	1	0	2	2	3.79E+05
4	2	1	0	2	0	2.74E+05
4	2	1	0	3	2	2.79E+07
4	2	1	0	3	0	1.86E+07
4	2	1	0	4	2	1.32E+07
4	2	1	0	4	0	1.06E+07
4	2	1	0	5	2	3.07E+06
4	2	1	0	5	0	6.68E+05
4	2	1	0	6	2	2.67E+07
4	2	1	0	6	0	1.31E+07
4	2	1	0	7	2	2.08E+07
4	2	1	0	7	0	1.16E+07
4	2	1	0	8	2	4.26E+06
4	2	1	0	8	0	2.66E+06
4	2	1	0	9	2	5.96E+04
4	2	1	0	9	0	5.37E+04
4	2	1	0	10	2	4.17E+04
4	2	1	0	10	0	1.78E+04
4	2	1	0	11	2	3.61E+03
4	2	1	0	11	0	1.97E+03
4	2	1	0	12	2	6.56E+02
4	2	1	0	12	0	4.52E+02
4	2	1	0	13	2	3.78E+01
4	2	1	0	13	0	1.17E+02
4	2	1	0	14	2	2.86E+01
4	2	1	0	14	0	3.65E+01
4	2	2	0	0	3	3.29E+07
4	2	2	0	0	1	2.97E+07
4	2	2	0	1	3	2.59E+07
4	2	2	0	1	1	2.30E+07
4	2	2	0	2	3	2.74E+05
4	2	2	0	2	1	3.25E+05
4	2	2	0	3	3	2.24E+07
4	2	2	0	3	1	2.38E+07
4	2	2	0	4	3	9.77E+06
4	2	2	0	4	1	1.45E+07
4	2	2	0	5	3	3.29E+06
4	2	2	0	5	1	5.46E+05
4	2	2	0	6	3	2.36E+07
4	2	2	0	6	1	1.55E+07
4	2	2	0	7	3	1.78E+07
4	2	2	0	7	1	1.41E+07
4	2	2	0	8	3	3.43E+06
4	2	2	0	8	1	3.29E+06
4	2	2	0	9	3	2.83E+04
4	2	2	0	9	1	8.10E+04
4	2	2	0	10	3	3.56E+04
4	2	2	0	10	1	2.48E+04
4	2	2	0	11	3	2.67E+03
4	2	2	0	11	1	3.54E+03
4	2	2	0	12	3	3.05E+02
4	2	2	0	12	1	1.17E+03
4	2	2	0	13	3	6.52E+01
4	2	2	0	13	1	1.91E+02
4	2	2	0	14	3	2.48E+01
4	2	2	0	14	1	8.41E+01
4	2	3	0	0	4	2.93E+07
4	2	3	0	0	2	3.27E+07
4	2	3	0	1	4	2.32E+07
4	2	3	0	1	2	2.57E+07
4	2	3	0	2	4	1.73E+05
4	2	3	0	2	2	3.55E+05
4	2	3	0	3	4	1.88E+07
4	2	3	0	3	2	2.69E+07
4	2	3	0	4	4	7.67E+06
4	2	3	0	4	2	1.71E+07
4	2	3	0	5	4	3.59E+06
4	2	3	0	5	2	3.65E+05
4	2	3	0	6	4	2.20E+07
4	2	3	0	6	2	1.61E+07
4	2	3	0	7	4	1.58E+07
4	2	3	0	7	2	1.53E+07
4	2	3	0	8	4	2.85E+06
4	2	3	0	8	2	3.62E+06
4	2	3	0	9	4	1.41E+04
4	2	3	0	9	2	8.20E+04
4	2	3	0	10	4	3.85E+04
4	2	3	0	10	2	2.66E+04
4	2	3	0	11	4	2.20E+03
4	2	3	0	11	2	3.43E+03
4	2	3	0	12	4	5.76E+01
4	2	3	0	12	2	3.94E+01
4	2	3	0	13	4	3.05E+00
4	2	3	0	13	2	3.52E-02
4	2	3	0	14	4	5.09E-03
4	2	3	0	14	2	8.06E-01
4	2	4	0	0	5	2.68E+07
4	2	4	0	0	3	3.45E+07
4	2	4	0	1	5	2.18E+07
4	2	4	0	1	3	2.73E+07
4	2	4	0	2	5	8.76E+04
4	2	4	0	2	3	3.56E+05
4	2	4	0	3	5	1.60E+07
4	2	4	0	3	3	2.91E+07
4	2	4	0	4	5	6.07E+06
4	2	4	0	4	3	1.94E+07
4	2	4	0	5	5	3.83E+06
4	2	4	0	5	3	2.08E+05
4	2	4	0	6	5	2.06E+07
4	2	4	0	6	3	1.61E+07
4	2	4	0	7	5	1.42E+07
4	2	4	0	7	3	1.58E+07
4	2	4	0	8	5	2.36E+06
4	2	4	0	8	3	3.78E+06
4	2	4	0	9	5	2.71E+03
4	2	4	0	9	3	8.45E+04
4	2	4	0	10	5	3.72E+04
4	2	4	0	10	3	3.16E+04
4	2	4	0	11	5	1.98E+03
4	2	4	0	11	3	4.06E+03
4	2	4	0	12	5	1.36E+02
4	2	4	0	12	3	7.62E+02
4	2	4	0	13	5	2.84E+01
4	2	4	0	13	3	9.11E+01
4	2	4	0	14	3	3.84E+01
4	2	5	0	0	6	2.50E+07
4	2	5	0	0	4	3.54E+07
4	2	5	0	1	6	2.10E+07
4	2	5	0	1	4	2.83E+07
4	2	5	0	2	6	2.02E+04
4	2	5	0	2	4	3.59E+05
4	2	5	0	3	6	1.35E+07
4	2	5	0	3	4	3.07E+07
4	2	5	0	4	6	4.87E+06
4	2	5	0	4	4	2.14E+07
4	2	5	0	5	6	3.98E+06
4	2	5	0	5	4	8.59E+04
4	2	5	0	6	6	1.93E+07
4	2	5	0	6	4	1.58E+07
4	2	5	0	7	6	1.27E+07
4	2	5	0	7	4	1.60E+07
4	2	5	0	8	6	1.93E+06
4	2	5	0	8	4	3.82E+06
4	2	5	0	9	6	5.90E+01
4	2	5	0	9	4	7.67E+04
4	2	5	0	10	6	4.08E+04
4	2	5	0	10	4	3.55E+04
4	2	5	0	11	6	1.44E+03
4	2	5	0	11	4	4.37E+03
4	2	5	0	12	6	1.80E+01
4	2	5	0	12	4	5.01E+02
4	2	5	0	13	6	1.91E+01
4	2	5	0	13	4	1.57E+01
4	2	5	0	14	4	1.11E+01
4	2	6	0	0	7	2.38E+07
4	2	6	0	0	5	3.55E+07
4	2	6	0	1	7	2.08E+07
4	2	6	0	1	5	2.87E+07
4	2	6	0	2	7	3.72E+03
4	2	6	0	2	5	3.58E+05
4	2	6	0	3	7	1.13E+07
4	2	6	0	3	5	3.20E+07
4	2	6	0	4	7	3.94E+06
4	2	6	0	4	5	2.33E+07
4	2	6	0	5	7	4.02E+06
4	2	6	0	5	5	1.53E+04
4	2	6	0	6	7	1.80E+07
4	2	6	0	6	5	1.52E+07
4	2	6	0	7	7	1.14E+07
4	2	6	0	7	5	1.60E+07
4	2	6	0	8	7	1.53E+06
4	2	6	0	8	5	3.79E+06
4	2	6	0	9	7	5.65E+03
4	2	6	0	9	5	6.32E+04
4	2	6	0	10	7	4.28E+04
4	2	6	0	10	5	4.13E+04
4	2	6	0	11	7	1.11E+03
4	2	6	0	11	5	4.59E+03
4	2	6	0	12	7	2.62E+01
4	2	6	0	12	5	5.68E+02
4	2	6	0	13	7	1.05E+01
4	2	6	0	13	5	1.19E+01
4	2	7	0	0	8	2.32E+07
4	2	7	0	0	6	3.47E+07
4	2	7	0	1	8	2.15E+07
4	2	7	0	1	6	2.84E+07
4	2	7	0	2	8	1.12E+05
4	2	7	0	2	6	3.77E+05
4	2	7	0	3	8	9.13E+06
4	2	7	0	3	6	3.30E+07
4	2	7	0	4	8	3.18E+06
4	2	7	0	4	6	2.51E+07
4	2	7	0	5	8	3.94E+06
4	2	7	0	5	6	4.36E+03
4	2	7	0	6	8	1.65E+07
4	2	7	0	6	6	1.44E+07
4	2	7	0	7	8	1.00E+07
4	2	7	0	7	6	1.57E+07
4	2	7	0	8	8	1.17E+06
4	2	7	0	8	6	3.68E+06
4	2	7	0	9	8	2.08E+04
4	2	7	0	9	6	4.58E+04
4	2	7	0	10	8	4.59E+04
4	2	7	0	10	6	4.84E+04
4	2	7	0	11	8	7.31E+02
4	2	7	0	11	6	4.71E+03
4	2	7	0	12	8	5.70E+00
4	2	7	0	12	6	4.70E+02
4	2	7	0	13	6	1.01E+00
4	2	8	0	0	9	2.33E+07
4	2	8	0	0	7	3.30E+07
4	2	8	0	1	9	2.33E+07
4	2	8	0	1	7	2.72E+07
4	2	8	0	2	9	5.18E+05
4	2	8	0	2	7	4.53E+05
4	2	8	0	3	9	6.89E+06
4	2	8	0	3	7	3.41E+07
4	2	8	0	4	9	2.51E+06
4	2	8	0	4	7	2.70E+07
4	2	8	0	5	9	3.74E+06
4	2	8	0	5	7	8.49E+04
4	2	8	0	6	9	1.49E+07
4	2	8	0	6	7	1.33E+07
4	2	8	0	7	9	8.65E+06
4	2	8	0	7	7	1.51E+07
4	2	8	0	8	9	8.40E+05
4	2	8	0	8	7	3.48E+06
4	2	8	0	9	9	4.63E+04
4	2	8	0	9	7	2.82E+04
4	2	8	0	10	9	4.98E+04
4	2	8	0	10	7	5.87E+04
4	2	8	0	11	9	3.74E+02
4	2	8	0	11	7	4.81E+03
4	2	8	0	12	9	1.07E+01
4	2	8	0	12	7	5.22E+02
4	2	8	0	13	7	2.52E+00
4	2	9	0	0	10	2.45E+07
4	2	9	0	0	8	3.00E+07
4	2	9	0	1	10	2.72E+07
4	2	9	0	1	8	2.45E+07
4	2	9	0	2	10	1.73E+06
4	2	9	0	2	8	6.79E+05
4	2	9	0	3	10	4.38E+06
4	2	9	0	3	8	3.56E+07
4	2	9	0	4	10	1.83E+06
4	2	9	0	4	8	2.94E+07
4	2	9	0	5	10	3.44E+06
4	2	9	0	5	8	3.27E+05
4	2	9	0	6	10	1.32E+07
4	2	9	0	6	8	1.17E+07
4	2	9	0	7	10	7.28E+06
4	2	9	0	7	8	1.42E+07
4	2	9	0	8	10	5.53E+05
4	2	9	0	8	8	3.21E+06
4	2	9	0	9	10	8.45E+04
4	2	9	0	9	8	1.14E+04
4	2	9	0	10	10	5.30E+04
4	2	9	0	10	8	7.09E+04
4	2	9	0	11	10	1.46E+02
4	2	9	0	11	8	4.79E+03
4	2	9	0	12	10	7.81E+00
4	2	9	0	12	8	4.51E+02
4	2	10	0	0	11	2.76E+07
4	2	10	0	0	9	2.46E+07
4	2	10	0	1	11	3.55E+07
4	2	10	0	1	9	1.89E+07
4	2	10	0	2	11	5.52E+06
4	2	10	0	2	9	1.46E+06
4	2	10	0	3	11	1.52E+06
4	2	10	0	3	9	3.85E+07
4	2	10	0	4	11	1.00E+06
4	2	10	0	4	9	3.27E+07
4	2	10	0	5	11	3.04E+06
4	2	10	0	5	9	9.28E+05
4	2	10	0	6	11	1.10E+07
4	2	10	0	6	9	9.46E+06
4	2	10	0	7	11	5.79E+06
4	2	10	0	7	9	1.27E+07
4	2	10	0	8	11	3.12E+05
4	2	10	0	8	9	2.81E+06
4	2	10	0	9	11	1.35E+05
4	2	10	0	9	9	1.23E+03
4	2	10	0	10	11	5.93E+04
4	2	10	0	10	9	8.19E+04
4	2	10	0	11	11	3.70E+02
4	2	10	0	11	9	3.41E+03
4	2	10	0	12	9	1.80E+03
4	2	11	0	0	12	3.43E+07
4	2	11	0	0	10	1.43E+07
4	2	11	0	1	12	5.48E+07
4	2	11	0	1	10	8.36E+06
4	2	11	0	2	12	1.86E+07
4	2	11	0	2	10	4.65E+06
4	2	11	0	3	12	1.89E+05
4	2	11	0	3	10	4.35E+07
4	2	11	0	4	12	8.42E+04
4	2	11	0	4	10	3.68E+07
4	2	11	0	5	12	2.40E+06
4	2	11	0	5	10	2.46E+06
4	2	11	0	6	12	7.78E+06
4	2	11	0	6	10	5.77E+06
4	2	11	0	7	12	3.93E+06
4	2	11	0	7	10	9.56E+06
4	2	11	0	8	12	1.21E+05
4	2	11	0	8	10	2.12E+06
4	2	11	0	9	12	1.77E+05
4	2	11	0	9	10	1.05E+03
4	2	11	0	10	12	5.34E+04
4	2	11	0	10	10	9.65E+04
4	2	11	0	11	12	1.75E-01
4	2	11	0	11	10	4.67E+03
4	2	11	0	12	10	3.80E+02
4	2	12	0	0	13	2.81E+05
4	2	12	0	0	11	3.79E+07
4	2	12	0	1	13	9.12E+06
4	2	12	0	1	11	5.81E+07
4	2	12	0	2	13	3.55E+07
4	2	12	0	2	11	1.68E+07
4	2	12	0	3	13	3.93E+07
4	2	12	0	3	11	1.35E+05
4	2	12	0	4	13	9.70E+06
4	2	12	0	4	11	1.83E+06
4	2	12	0	5	13	6.12E+05
4	2	12	0	5	11	9.39E+05
4	2	12	0	6	13	5.91E+06
4	2	12	0	6	11	9.72E+06
4	2	12	0	7	13	2.43E+06
4	2	12	0	7	11	8.22E+06
4	2	12	0	8	13	5.34E+03
4	2	12	0	8	11	1.20E+06
4	2	12	0	9	13	1.97E+05
4	2	12	0	9	11	2.60E+04
4	2	12	0	10	13	2.97E+04
4	2	12	0	10	11	7.99E+04
4	2	12	0	11	11	1.42E+03
4	2	13	0	0	14	1.40E+06
4	2	13	0	0	12	3.79E+07
4	2	13	0	1	14	1.43E+05
4	2	13	0	1	12	5.34E+07
4	2	13	0	2	14	1.31E+07
4	2	13	0	2	12	9.69E+06
4	2	13	0	3	14	2.54E+07
4	2	13	0	3	12	3.99E+06
4	2	13	0	4	14	7.62E+06
4	2	13	0	4	12	8.74E+06
4	2	13	0	5	14	8.19E+05
4	2	13	0	5	12	1.10E+04
4	2	13	0	6	14	6.63E+06
4	2	13	0	6	12	9.45E+06
4	2	13	0	7	14	2.48E+06
4	2	13	0	7	12	9.88E+06
4	2	13	0	8	14	1.41E+04
4	2	13	0	8	12	1.39E+06
4	2	13	0	9	14	4.12E+05
4	2	13	0	9	12	9.46E+04
4	2	13	0	10	14	5.12E+04
4	2	13	0	10	12	1.56E+05
4	2	13	0	11	12	2.70E+03
4	2	14	0	0	15	3.60E+06
4	2	14	0	0	13	3.37E+07
4	2	14	0	1	15	7.78E+05
4	2	14	0	1	13	4.73E+07
4	2	14	0	2	15	5.12E+06
4	2	14	0	2	13	7.34E+06
4	2	14	0	3	15	1.75E+07
4	2	14	0	3	13	6.29E+06
4	2	14	0	4	15	6.41E+06
4	2	14	0	4	13	1.29E+07
4	2	14	0	5	15	6.33E+05
4	2	14	0	5	13	2.12E+05
4	2	14	0	6	15	5.62E+06
4	2	14	0	6	13	7.61E+06
4	2	14	0	7	15	1.76E+06
4	2	14	0	7	13	9.21E+06
4	2	14	0	8	15	1.52E+05
4	2	14	0	8	13	1.12E+06
4	2	14	0	9	15	6.88E+05
4	2	14	0	9	13	2.41E+05
4	2	14	0	10	15	7.51E+04
4	2	14	0	10	13	2.44E+05
4	3	0	0	0	1	6.19E+07
4	3	0	0	1	1	1.57E+07
4	3	0	0	2	1	1.84E+07
4	3	0	0	3	1	3.15E+07
4	3	0	0	4	1	9.98E+05
4	3	0	0	5	1	3.41E+07
4	3	0	0	6	1	9.13E+06
4	3	0	0	7	1	7.67E+06
4	3	0	0	8	1	2.32E+07
4	3	0	0	9	1	6.67E+06
4	3	0	0	10	1	3.72E+03
4	3	0	0	11	1	4.06E+05
4	3	0	0	12	1	2.06E+04
4	3	0	0	13	1	5.52E+02
4	3	0	0	14	1	6.00E+01
4	3	1	0	0	2	4.20E+07
4	3	1	0	0	0	1.99E+07
4	3	1	0	1	2	1.14E+07
4	3	1	0	1	0	4.54E+06
4	3	1	0	2	2	1.15E+07
4	3	1	0	2	0	6.71E+06
4	3	1	0	3	2	2.15E+07
4	3	1	0	3	0	1.01E+07
4	3	1	0	4	2	2.91E+05
4	3	1	0	4	0	8.06E+05
4	3	1	0	5	2	1.91E+07
4	3	1	0	5	0	1.49E+07
4	3	1	0	6	2	4.72E+06
4	3	1	0	6	0	4.75E+06
4	3	1	0	7	2	5.51E+06
4	3	1	0	7	0	2.00E+06
4	3	1	0	8	2	1.49E+07
4	3	1	0	8	0	7.93E+06
4	3	1	0	9	2	3.98E+06
4	3	1	0	9	0	2.54E+06
4	3	1	0	10	2	1.23E+04
4	3	1	0	10	0	4.44E+02
4	3	1	0	11	2	2.73E+05
4	3	1	0	11	0	1.40E+05
4	3	1	0	12	2	1.19E+04
4	3	1	0	12	0	8.92E+03
4	3	1	0	13	2	1.62E+02
4	3	1	0	13	0	5.80E+02
4	3	1	0	14	2	5.35E+01
4	3	1	0	14	0	1.12E+01
4	3	2	0	0	3	3.88E+07
4	3	2	0	0	1	2.28E+07
4	3	2	0	1	3	1.14E+07
4	3	2	0	1	1	5.02E+06
4	3	2	0	2	3	9.50E+06
4	3	2	0	2	1	8.26E+06
4	3	2	0	3	3	2.02E+07
4	3	2	0	3	1	1.16E+07
4	3	2	0	4	3	3.02E+04
4	3	2	0	4	1	1.36E+06
4	3	2	0	5	3	1.40E+07
4	3	2	0	5	1	2.01E+07
4	3	2	0	6	3	3.17E+06
4	3	2	0	6	1	6.96E+06
4	3	2	0	7	3	5.22E+06
4	3	2	0	7	1	1.95E+06
4	3	2	0	8	3	1.26E+07
4	3	2	0	8	1	9.42E+06
4	3	2	0	9	3	3.08E+06
4	3	2	0	9	1	3.15E+06
4	3	2	0	10	3	2.99E+04
4	3	2	0	10	1	8.16E+02
4	3	2	0	11	3	2.61E+05
4	3	2	0	11	1	1.67E+05
4	3	2	0	12	3	7.81E+03
4	3	2	0	12	1	1.24E+04
4	3	2	0	13	3	1.68E+03
4	3	2	0	13	1	1.45E+02
4	3	2	0	14	3	7.29E+01
4	3	2	0	14	1	5.30E+01
4	3	3	0	0	4	3.87E+07
4	3	3	0	0	2	2.26E+07
4	3	3	0	1	4	1.26E+07
4	3	3	0	1	2	4.66E+06
4	3	3	0	2	4	8.21E+06
4	3	3	0	2	2	8.81E+06
4	3	3	0	3	4	2.06E+07
4	3	3	0	3	2	1.15E+07
4	3	3	0	4	4	6.98E+04
4	3	3	0	4	2	2.02E+06
4	3	3	0	5	4	1.00E+07
4	3	3	0	5	2	2.43E+07
4	3	3	0	6	4	2.14E+06
4	3	3	0	6	2	9.07E+06
4	3	3	0	7	4	5.00E+06
4	3	3	0	7	2	1.62E+06
4	3	3	0	8	4	1.11E+07
4	3	3	0	8	2	9.69E+06
4	3	3	0	9	4	2.44E+06
4	3	3	0	9	2	3.37E+06
4	3	3	0	10	4	6.20E+04
4	3	3	0	10	2	7.77E+02
4	3	3	0	11	4	2.41E+05
4	3	3	0	11	2	2.05E+05
4	3	3	0	12	4	7.89E+03
4	3	3	0	12	2	1.32E+04
4	3	3	0	13	4	1.23E+01
4	3	3	0	13	2	1.81E+03
4	3	3	0	14	4	1.19E+01
4	3	3	0	14	2	2.20E+01
4	3	4	0	0	5	4.08E+07
4	3	4	0	0	3	2.02E+07
4	3	4	0	1	5	1.51E+07
4	3	4	0	1	3	3.77E+06
4	3	4	0	2	5	6.97E+06
4	3	4	0	2	3	8.89E+06
4	3	4	0	3	5	2.26E+07
4	3	4	0	3	3	1.02E+07
4	3	4	0	4	5	7.95E+05
4	3	4	0	4	3	3.12E+06
4	3	4	0	5	5	6.35E+06
4	3	4	0	5	3	2.85E+07
4	3	4	0	6	5	1.32E+06
4	3	4	0	6	3	1.15E+07
4	3	4	0	7	5	4.73E+06
4	3	4	0	7	3	1.10E+06
4	3	4	0	8	5	9.55E+06
4	3	4	0	8	3	9.37E+06
4	3	4	0	9	5	1.85E+06
4	3	4	0	9	3	3.38E+06
4	3	4	0	10	5	1.09E+05
4	3	4	0	10	3	4.25E+01
4	3	4	0	11	5	2.48E+05
4	3	4	0	11	3	2.23E+05
4	3	4	0	12	5	5.63E+03
4	3	4	0	12	3	1.50E+04
4	3	4	0	13	5	2.35E+01
4	3	4	0	13	3	9.23E+02
4	3	4	0	14	3	2.38E+01
4	3	5	0	0	6	4.58E+07
4	3	5	0	0	4	1.51E+07
4	3	5	0	1	6	1.99E+07
4	3	5	0	1	4	2.21E+06
4	3	5	0	2	6	5.63E+06
4	3	5	0	2	4	8.40E+06
4	3	5	0	3	6	2.69E+07
4	3	5	0	3	4	7.39E+06
4	3	5	0	4	6	3.43E+06
4	3	5	0	4	4	5.25E+06
4	3	5	0	5	6	2.66E+06
4	3	5	0	5	4	3.38E+07
4	3	5	0	6	6	6.16E+05
4	3	5	0	6	4	1.46E+07
4	3	5	0	7	6	4.22E+06
4	3	5	0	7	4	5.23E+05
4	3	5	0	8	6	7.83E+06
4	3	5	0	8	4	8.35E+06
4	3	5	0	9	6	1.30E+06
4	3	5	0	9	4	3.15E+06
4	3	5	0	10	6	1.73E+05
4	3	5	0	10	4	5.20E+02
4	3	5	0	11	6	2.50E+05
4	3	5	0	11	4	2.44E+05
4	3	5	0	12	6	4.01E+03
4	3	5	0	12	4	1.68E+04
4	3	5	0	13	6	3.95E+01
4	3	5	0	13	4	7.52E+02
4	3	5	0	14	4	4.23E+01
4	3	6	0	0	7	5.41E+07
4	3	6	0	0	5	7.25E+06
4	3	6	0	1	7	2.86E+07
4	3	6	0	1	5	3.68E+05
4	3	6	0	2	7	3.88E+06
4	3	6	0	2	5	6.96E+06
4	3	6	0	3	7	3.47E+07
4	3	6	0	3	5	3.12E+06
4	3	6	0	4	7	1.13E+07
4	3	6	0	4	5	9.79E+06
4	3	6	0	5	7	8.40E+04
4	3	6	0	5	5	4.01E+07
4	3	6	0	6	7	8.91E+04
4	3	6	0	6	5	1.83E+07
4	3	6	0	7	7	3.26E+06
4	3	6	0	7	5	4.95E+04
4	3	6	0	8	7	5.61E+06
4	3	6	0	8	5	6.31E+06
4	3	6	0	9	7	7.80E+05
4	3	6	0	9	5	2.60E+06
4	3	6	0	10	7	2.32E+05
4	3	6	0	10	5	3.90E+03
4	3	6	0	11	7	2.36E+05
4	3	6	0	11	5	2.52E+05
4	3	6	0	12	7	3.03E+03
4	3	6	0	12	5	1.79E+04
4	3	6	0	13	7	1.78E+01
4	3	6	0	13	5	6.95E+02
4	3	7	0	0	8	1.90E+06
4	3	7	0	0	6	5.47E+07
4	3	7	0	1	8	7.46E+06
4	3	7	0	1	6	2.97E+07
4	3	7	0	2	8	3.36E+06
4	3	7	0	2	6	3.52E+06
4	3	7	0	3	8	4.64E+06
4	3	7	0	3	6	3.80E+07
4	3	7	0	4	8	3.68E+07
4	3	7	0	4	6	1.77E+07
4	3	7	0	5	8	3.52E+07
4	3	7	0	5	6	4.20E+05
4	3	7	0	6	8	4.50E+06
4	3	7	0	6	6	1.44E+04
4	3	7	0	7	8	1.81E+06
4	3	7	0	7	6	3.23E+06
4	3	7	0	8	8	3.52E+06
4	3	7	0	8	6	5.79E+06
4	3	7	0	9	8	2.25E+05
4	3	7	0	9	6	1.35E+06
4	3	7	0	10	8	2.49E+05
4	3	7	0	10	6	3.07E+04
4	3	7	0	11	8	1.12E+05
4	3	7	0	11	6	1.54E+05
4	3	7	0	12	8	2.49E+02
4	3	7	0	12	6	5.49E+03
4	3	7	0	13	6	8.98E+02
4	3	8	0	0	9	1.77E+05
4	3	8	0	0	7	5.33E+07
4	3	8	0	1	9	1.37E+06
4	3	8	0	1	7	2.66E+07
4	3	8	0	2	9	3.94E+06
4	3	8	0	2	7	5.01E+06
4	3	8	0	3	9	3.95E+05
4	3	8	0	3	7	3.65E+07
4	3	8	0	4	9	2.13E+07
4	3	8	0	4	7	1.01E+07
4	3	8	0	5	9	2.79E+07
4	3	8	0	5	7	8.39E+05
4	3	8	0	6	9	3.70E+06
4	3	8	0	6	7	1.10E+06
4	3	8	0	7	9	2.39E+06
4	3	8	0	7	7	2.31E+06
4	3	8	0	8	9	4.08E+06
4	3	8	0	8	7	7.14E+06
4	3	8	0	9	9	1.43E+05
4	3	8	0	9	7	1.78E+06
4	3	8	0	10	9	5.14E+05
4	3	8	0	10	7	8.42E+04
4	3	8	0	11	9	1.92E+05
4	3	8	0	11	7	2.84E+05
4	3	8	0	12	9	1.22E+02
4	3	8	0	12	7	1.07E+04
4	3	8	0	13	7	6.64E+02
4	3	9	0	0	10	2.30E+06
4	3	9	0	0	8	4.86E+07
4	3	9	0	1	10	8.29E+03
4	3	9	0	1	8	2.36E+07
4	3	9	0	2	10	3.71E+06
4	3	9	0	2	8	5.32E+06
4	3	9	0	3	10	1.14E+05
4	3	9	0	3	8	3.36E+07
4	3	9	0	4	10	1.20E+07
4	3	9	0	4	8	6.55E+06
4	3	9	0	5	10	2.14E+07
4	3	9	0	5	8	3.18E+06
4	3	9	0	6	10	3.06E+06
4	3	9	0	6	8	3.23E+06
4	3	9	0	7	10	2.32E+06
4	3	9	0	7	8	1.40E+06
4	3	9	0	8	10	3.65E+06
4	3	9	0	8	8	7.08E+06
4	3	9	0	9	10	2.64E+04
4	3	9	0	9	8	1.74E+06
4	3	9	0	10	10	8.54E+05
4	3	9	0	10	8	1.86E+05
4	3	9	0	11	10	2.60E+05
4	3	9	0	11	8	4.32E+05
4	3	9	0	12	10	2.12E+02
4	3	9	0	12	8	1.55E+04
4	3	10	0	0	11	4.51E+06
4	3	10	0	0	9	4.34E+07
4	3	10	0	1	11	3.66E+05
4	3	10	0	1	9	2.17E+07
4	3	10	0	2	11	3.09E+06
4	3	10	0	2	9	4.98E+06
4	3	10	0	3	11	7.64E+05
4	3	10	0	3	9	3.09E+07
4	3	10	0	4	11	7.02E+06
4	3	10	0	4	9	5.21E+06
4	3	10	0	5	11	1.69E+07
4	3	10	0	5	9	4.59E+06
4	3	10	0	6	11	2.72E+06
4	3	10	0	6	9	5.09E+06
4	3	10	0	7	11	1.95E+06
4	3	10	0	7	9	7.15E+05
4	3	10	0	8	11	2.73E+06
4	3	10	0	8	9	6.32E+06
4	3	10	0	9	11	1.47E+04
4	3	10	0	9	9	1.40E+06
4	3	10	0	10	11	1.31E+06
4	3	10	0	10	9	3.69E+05
4	3	10	0	11	11	3.55E+05
4	3	10	0	11	9	6.19E+05
4	3	10	0	12	9	1.95E+04
4	3	11	0	0	12	6.03E+06
4	3	11	0	0	10	3.87E+07
4	3	11	0	1	12	1.28E+06
4	3	11	0	1	10	1.99E+07
4	3	11	0	2	12	2.36E+06
4	3	11	0	2	10	4.06E+06
4	3	11	0	3	12	1.39E+06
4	3	11	0	3	10	2.87E+07
4	3	11	0	4	12	4.25E+06
4	3	11	0	4	10	5.03E+06
4	3	11	0	5	12	1.33E+07
4	3	11	0	5	10	5.05E+06
4	3	11	0	6	12	2.56E+06
4	3	11	0	6	10	6.34E+06
4	3	11	0	7	12	1.34E+06
4	3	11	0	7	10	2.66E+05
4	3	11	0	8	12	1.86E+06
4	3	11	0	8	10	5.08E+06
4	3	11	0	9	12	2.40E+05
4	3	11	0	9	10	9.75E+05
4	3	11	0	10	12	2.03E+06
4	3	11	0	10	10	6.90E+05
4	3	11	0	11	12	4.56E+05
4	3	11	0	11	10	9.45E+05
4	3	11	0	12	10	4.73E+04
4	3	12	0	0	13	7.13E+06
4	3	12	0	0	11	3.32E+07
4	3	12	0	1	13	2.34E+06
4	3	12	0	1	11	1.85E+07
4	3	12	0	2	13	1.43E+06
4	3	12	0	2	11	3.18E+06
4	3	12	0	3	13	1.73E+06
4	3	12	0	3	11	2.62E+07
4	3	12	0	4	13	2.36E+06
4	3	12	0	4	11	5.33E+06
4	3	12	0	5	13	1.06E+07
4	3	12	0	5	11	4.41E+06
4	3	12	0	6	13	2.48E+06
4	3	12	0	6	11	7.08E+06
4	3	12	0	7	13	8.02E+05
4	3	12	0	7	11	2.27E+04
4	3	12	0	8	13	9.07E+05
4	3	12	0	8	11	3.74E+06
4	3	12	0	9	13	8.29E+05
4	3	12	0	9	11	5.07E+05
4	3	12	0	10	13	3.30E+06
4	3	12	0	10	11	1.33E+06
4	3	12	0	11	11	1.54E+06
4	4	0	0	0	1	5.03E+07
4	4	0	0	1	1	2.25E+06
4	4	0	0	2	1	2.71E+07
4	4	0	0	3	1	7.35E+06
4	4	0	0	4	1	1.58E+07
4	4	0	0	5	1	1.58E+07
4	4	0	0	6	1	4.12E+06
4	4	0	0	7	1	2.12E+07
4	4	0	0	8	1	9.70E+05
4	4	0	0	9	1	6.47E+06
4	4	0	0	10	1	2.37E+06
4	4	0	0	11	1	1.44E+06
4	4	0	0	12	1	2.46E+06
4	4	0	0	13	1	1.13E+05
4	4	0	0	14	1	1.80E+03
4	4	1	0	0	2	2.71E+07
4	4	1	0	0	0	2.31E+07
4	4	1	0	1	2	1.09E+06
4	4	1	0	1	0	1.24E+06
4	4	1	0	2	2	1.48E+07
4	4	1	0	2	0	1.21E+07
4	4	1	0	3	2	3.33E+06
4	4	1	0	3	0	4.34E+06
4	4	1	0	4	2	9.26E+06
4	4	1	0	4	0	6.18E+06
4	4	1	0	5	2	6.75E+06
4	4	1	0	5	0	9.73E+06
4	4	1	0	6	2	4.69E+06
4	4	1	0	6	0	1.77E+05
4	4	1	0	7	2	1.52E+07
4	4	1	0	7	0	5.67E+06
4	4	1	0	8	2	6.11E+05
4	4	1	0	8	0	3.39E+05
4	4	1	0	9	2	4.16E+06
4	4	1	0	9	0	2.12E+06
4	4	1	0	10	2	1.29E+06
4	4	1	0	10	0	9.38E+05
4	4	1	0	11	2	1.15E+06
4	4	1	0	11	0	3.88E+05
4	4	1	0	12	2	1.59E+06
4	4	1	0	12	0	8.95E+05
4	4	1	0	13	2	4.92E+04
4	4	1	0	13	0	6.88E+04
4	4	1	0	14	2	6.75E+03
4	4	1	0	14	0	2.32E+03
4	4	2	0	0	3	2.02E+07
4	4	2	0	0	1	2.96E+07
4	4	2	0	1	3	7.39E+05
4	4	2	0	1	1	1.76E+06
4	4	2	0	2	3	1.09E+07
4	4	2	0	2	1	1.56E+07
4	4	2	0	3	3	2.12E+06
4	4	2	0	3	1	5.99E+06
4	4	2	0	4	3	7.20E+06
4	4	2	0	4	1	7.66E+06
4	4	2	0	5	3	3.92E+06
4	4	2	0	5	1	1.35E+07
4	4	2	0	6	3	5.72E+06
4	4	2	0	6	1	3.23E+04
4	4	2	0	7	3	1.40E+07
4	4	2	0	7	1	6.24E+06
4	4	2	0	8	3	4.72E+05
4	4	2	0	8	1	4.69E+05
4	4	2	0	9	3	3.48E+06
4	4	2	0	9	1	2.43E+06
4	4	2	0	10	3	8.36E+05
4	4	2	0	10	1	1.14E+06
4	4	2	0	11	3	1.25E+06
4	4	2	0	11	1	4.85E+05
4	4	2	0	12	3	1.48E+06
4	4	2	0	12	1	1.08E+06
4	4	2	0	13	3	4.91E+04
4	4	2	0	13	1	6.45E+04
4	4	2	0	14	3	1.09E+03
4	4	2	0	14	1	5.73E+02
4	4	3	0	0	4	1.66E+07
4	4	3	0	0	2	3.26E+07
4	4	3	0	1	4	6.02E+05
4	4	3	0	1	2	2.05E+06
4	4	3	0	2	4	8.81E+06
4	4	3	0	2	2	1.69E+07
4	4	3	0	3	4	1.61E+06
4	4	3	0	3	2	6.96E+06
4	4	3	0	4	4	5.92E+06
4	4	3	0	4	2	8.17E+06
4	4	3	0	5	4	2.55E+06
4	4	3	0	5	2	1.57E+07
4	4	3	0	6	4	6.31E+06
4	4	3	0	6	2	9.77E+00
4	4	3	0	7	4	1.29E+07
4	4	3	0	7	2	6.41E+06
4	4	3	0	8	4	3.82E+05
4	4	3	0	8	2	5.98E+05
4	4	3	0	9	4	2.97E+06
4	4	3	0	9	2	2.39E+06
4	4	3	0	10	4	5.06E+05
4	4	3	0	10	2	1.16E+06
4	4	3	0	11	4	1.51E+06
4	4	3	0	11	2	5.77E+05
4	4	3	0	12	4	1.45E+06
4	4	3	0	12	2	1.24E+06
4	4	3	0	13	4	4.12E+04
4	4	3	0	13	2	7.79E+04
4	4	3	0	14	4	5.18E+02
4	4	3	0	14	2	1.01E+03
4	4	4	0	0	5	1.46E+07
4	4	4	0	0	3	3.35E+07
4	4	4	0	1	5	5.97E+05
4	4	4	0	1	3	2.28E+06
4	4	4	0	2	5	7.53E+06
4	4	4	0	2	3	1.73E+07
4	4	4	0	3	5	1.41E+06
4	4	4	0	3	3	7.51E+06
4	4	4	0	4	5	4.91E+06
4	4	4	0	4	3	8.23E+06
4	4	4	0	5	5	1.83E+06
4	4	4	0	5	3	1.69E+07
4	4	4	0	6	5	6.31E+06
4	4	4	0	6	3	1.75E+04
4	4	4	0	7	5	1.19E+07
4	4	4	0	7	3	6.54E+06
4	4	4	0	8	5	3.21E+05
4	4	4	0	8	3	7.75E+05
4	4	4	0	9	5	2.49E+06
4	4	4	0	9	3	2.21E+06
4	4	4	0	10	5	2.32E+05
4	4	4	0	10	3	1.07E+06
4	4	4	0	11	5	1.89E+06
4	4	4	0	11	3	7.08E+05
4	4	4	0	12	5	1.52E+06
4	4	4	0	12	3	1.44E+06
4	4	4	0	13	5	3.65E+04
4	4	4	0	13	3	9.51E+04
4	4	4	0	14	3	1.34E+03
4	4	5	0	0	6	1.35E+07
4	4	5	0	0	4	3.32E+07
4	4	5	0	1	6	6.90E+05
4	4	5	0	1	4	2.44E+06
4	4	5	0	2	6	6.67E+06
4	4	5	0	2	4	1.70E+07
4	4	5	0	3	6	1.42E+06
4	4	5	0	3	4	7.86E+06
4	4	5	0	4	6	4.03E+06
4	4	5	0	4	4	7.95E+06
4	4	5	0	5	6	1.44E+06
4	4	5	0	5	4	1.77E+07
4	4	5	0	6	6	5.88E+06
4	4	5	0	6	4	6.24E+04
4	4	5	0	7	6	1.07E+07
4	4	5	0	7	4	6.62E+06
4	4	5	0	8	6	2.96E+05
4	4	5	0	8	4	1.00E+06
4	4	5	0	9	6	2.00E+06
4	4	5	0	9	4	1.89E+06
4	4	5	0	10	6	5.05E+04
4	4	5	0	10	4	8.96E+05
4	4	5	0	11	6	2.45E+06
4	4	5	0	11	4	9.10E+05
4	4	5	0	12	6	1.64E+06
4	4	5	0	12	4	1.73E+06
4	4	5	0	13	6	3.28E+04
4	4	5	0	13	4	1.26E+05
4	4	5	0	14	4	5.72E+02
4	4	6	0	0	7	1.29E+07
4	4	6	0	0	5	3.19E+07
4	4	6	0	1	7	8.75E+05
4	4	6	0	1	5	2.55E+06
4	4	6	0	2	7	5.97E+06
4	4	6	0	2	5	1.60E+07
4	4	6	0	3	7	1.61E+06
4	4	6	0	3	5	8.08E+06
4	4	6	0	4	7	3.18E+06
4	4	6	0	4	5	7.44E+06
4	4	6	0	5	7	1.22E+06
4	4	6	0	5	5	1.82E+07
4	4	6	0	6	7	5.17E+06
4	4	6	0	6	5	1.43E+05
4	4	6	0	7	7	9.49E+06
4	4	6	0	7	5	6.53E+06
4	4	6	0	8	7	3.02E+05
4	4	6	0	8	5	1.28E+06
4	4	6	0	9	7	1.47E+06
4	4	6	0	9	5	1.49E+06
4	4	6	0	10	7	4.75E+03
4	4	6	0	10	5	6.74E+05
4	4	6	0	11	7	3.29E+06
4	4	6	0	11	5	1.24E+06
4	4	6	0	12	7	1.89E+06
4	4	6	0	12	5	2.17E+06
4	4	6	0	13	7	3.12E+04
4	4	6	0	13	5	1.80E+05
4	4	7	0	0	8	6.16E+07
4	4	7	0	0	6	6.31E+05
4	4	7	0	1	8	3.99E+07
4	4	7	0	1	6	5.31E+05
4	4	7	0	2	8	1.90E+06
4	4	7	0	2	6	4.43E+06
4	4	7	0	3	8	4.37E+07
4	4	7	0	3	6	6.66E+04
4	4	7	0	4	8	2.77E+07
4	4	7	0	4	6	1.71E+07
4	4	7	0	5	8	2.26E+06
4	4	7	0	5	6	4.38E+07
4	4	7	0	6	8	8.62E+04
4	4	7	0	6	6	2.08E+07
4	4	7	0	7	8	1.85E+06
4	4	7	0	7	6	1.86E+05
4	4	7	0	8	8	3.06E+06
4	4	7	0	8	6	3.38E+06
4	4	7	0	9	8	3.44E+05
4	4	7	0	9	6	1.68E+06
4	4	7	0	10	8	2.44E+05
4	4	7	0	10	6	6.91E+03
4	4	7	0	11	8	1.88E+05
4	4	7	0	11	6	2.32E+05
4	4	7	0	12	8	2.08E+03
4	4	7	0	12	6	1.96E+04
4	4	7	0	13	6	8.97E+00
4	4	8	0	0	9	1.30E+07
4	4	8	0	0	7	2.58E+07
4	4	8	0	1	9	1.62E+06
4	4	8	0	1	7	2.83E+06
4	4	8	0	2	9	4.49E+06
4	4	8	0	2	7	1.31E+07
4	4	8	0	3	9	2.59E+06
4	4	8	0	3	7	7.69E+06
4	4	8	0	4	9	1.26E+06
4	4	8	0	4	7	5.96E+06
4	4	8	0	5	9	1.01E+06
4	4	8	0	5	7	1.79E+07
4	4	8	0	6	9	3.33E+06
4	4	8	0	6	7	6.60E+05
4	4	8	0	7	9	7.17E+06
4	4	8	0	7	7	5.42E+06
4	4	8	0	8	9	3.43E+05
4	4	8	0	8	7	2.06E+06
4	4	8	0	9	9	4.21E+05
4	4	8	0	9	7	6.30E+05
4	4	8	0	10	9	6.58E+05
4	4	8	0	10	7	1.78E+05
4	4	8	0	11	9	6.32E+06
4	4	8	0	11	7	2.68E+06
4	4	8	0	12	9	3.82E+06
4	4	8	0	12	7	4.06E+06
4	4	8	0	13	7	4.37E+05
4	4	9	0	0	10	1.35E+07
4	4	9	0	0	8	2.05E+07
4	4	9	0	1	10	2.42E+06
4	4	9	0	1	8	2.55E+06
4	4	9	0	2	10	3.49E+06
4	4	9	0	2	8	1.05E+07
4	4	9	0	3	10	3.64E+06
4	4	9	0	3	8	6.75E+06
4	4	9	0	4	10	3.43E+05
4	4	9	0	4	8	5.02E+06
4	4	9	0	5	10	7.70E+05
4	4	9	0	5	8	1.73E+07
4	4	9	0	6	10	2.32E+06
4	4	9	0	6	8	1.27E+06
4	4	9	0	7	10	5.66E+06
4	4	9	0	7	8	4.11E+06
4	4	9	0	8	10	4.11E+05
4	4	9	0	8	8	2.36E+06
4	4	9	0	9	10	8.30E+04
4	4	9	0	9	8	2.30E+05
4	4	9	0	10	10	1.57E+06
4	4	9	0	10	8	1.95E+04
4	4	9	0	11	10	9.84E+06
4	4	9	0	11	8	4.15E+06
4	4	9	0	12	10	7.94E+06
4	4	9	0	12	8	6.85E+06
4	5	0	0	0	1	2.91E+07
4	5	0	0	1	1	2.42E+03
4	5	0	0	2	1	1.78E+07
4	5	0	0	3	1	2.92E+05
4	5	0	0	4	1	1.45E+07
4	5	0	0	5	1	1.65E+06
4	5	0	0	6	1	1.05E+07
4	5	0	0	7	1	4.71E+06
4	5	0	0	8	1	4.06E+06
4	5	0	0	9	1	6.80E+06
4	5	0	0	10	1	7.21E+04
4	5	0	0	11	1	3.69E+05
4	5	0	0	12	1	1.54E+07
4	5	0	0	13	1	2.36E+07
4	5	0	0	14	1	4.09E+06
4	5	1	0	0	2	1.93E+07
4	5	1	0	0	0	9.29E+06
4	5	1	0	1	2	2.60E+03
4	5	1	0	1	0	3.03E+03
4	5	1	0	2	2	1.11E+07
4	5	1	0	2	0	6.30E+06
4	5	1	0	3	2	3.13E+05
4	5	1	0	3	0	4.41E+04
4	5	1	0	4	2	8.85E+06
4	5	1	0	4	0	5.31E+06
4	5	1	0	5	2	1.37E+06
4	5	1	0	5	0	3.98E+05
4	5	1	0	6	2	5.84E+06
4	5	1	0	6	0	4.40E+06
4	5	1	0	7	2	2.34E+06
4	5	1	0	7	0	2.55E+06
4	5	1	0	8	2	3.04E+06
4	5	1	0	8	0	8.35E+05
4	5	1	0	9	2	4.07E+06
4	5	1	0	9	0	2.54E+06
4	5	1	0	10	2	5.16E+04
4	5	1	0	10	0	4.49E+04
4	5	1	0	11	2	4.23E+05
4	5	1	0	11	0	5.26E+04
4	5	1	0	12	2	1.10E+07
4	5	1	0	12	0	5.06E+06
4	5	1	0	13	2	1.71E+07
4	5	1	0	13	0	7.92E+06
4	5	1	0	14	2	3.39E+06
4	5	1	0	14	0	1.19E+06
4	5	2	0	0	3	1.71E+07
4	5	2	0	0	1	1.04E+07
4	5	2	0	1	3	1.35E+04
4	5	2	0	1	1	4.03E+03
4	5	2	0	2	3	9.41E+06
4	5	2	0	2	1	7.18E+06
4	5	2	0	3	3	4.48E+05
4	5	2	0	3	1	4.09E+04
4	5	2	0	4	3	7.16E+06
4	5	2	0	4	1	6.25E+06
4	5	2	0	5	3	1.57E+06
4	5	2	0	5	1	4.27E+05
4	5	2	0	6	3	3.94E+06
4	5	2	0	6	1	5.71E+06
4	5	2	0	7	3	1.51E+06
4	5	2	0	7	1	3.78E+06
4	5	2	0	8	3	2.78E+06
4	5	2	0	8	1	6.87E+05
4	5	2	0	9	3	3.25E+06
4	5	2	0	9	1	3.00E+06
4	5	2	0	10	3	6.09E+04
4	5	2	0	10	1	8.59E+04
4	5	2	0	11	3	6.24E+05
4	5	2	0	11	1	6.81E+04
4	5	2	0	12	3	1.12E+07
4	5	2	0	12	1	6.24E+06
4	5	2	0	13	3	1.76E+07
4	5	2	0	13	1	1.06E+07
4	5	2	0	14	3	3.81E+06
4	5	2	0	14	1	1.90E+06
4	5	3	0	0	4	1.62E+07
4	5	3	0	0	2	9.48E+06
4	5	3	0	1	4	5.14E+04
4	5	3	0	1	2	6.35E+03
4	5	3	0	2	4	8.48E+06
4	5	3	0	2	2	6.83E+06
4	5	3	0	3	4	7.20E+05
4	5	3	0	3	2	2.40E+04
4	5	3	0	4	4	5.96E+06
4	5	3	0	4	2	6.15E+06
4	5	3	0	5	4	2.09E+06
4	5	3	0	5	2	3.41E+05
4	5	3	0	6	4	2.33E+06
4	5	3	0	6	2	6.45E+06
4	5	3	0	7	4	9.54E+05
4	5	3	0	7	2	4.90E+06
4	5	3	0	8	4	2.47E+06
4	5	3	0	8	2	3.82E+05
4	5	3	0	9	4	2.62E+06
4	5	3	0	9	2	3.02E+06
4	5	3	0	10	4	8.61E+04
4	5	3	0	10	2	1.43E+05
4	5	3	0	11	4	9.51E+05
4	5	3	0	11	2	9.77E+04
4	5	3	0	12	4	1.25E+07
4	5	3	0	12	2	7.12E+06
4	5	3	0	13	4	2.09E+07
4	5	3	0	13	2	1.34E+07
4	5	3	0	14	4	4.83E+06
4	5	3	0	14	2	3.13E+06
4	5	4	0	0	5	1.60E+07
4	5	4	0	0	3	6.72E+06
4	5	4	0	1	5	1.79E+05
4	5	4	0	1	3	1.15E+04
4	5	4	0	2	5	8.00E+06
4	5	4	0	2	3	5.50E+06
4	5	4	0	3	5	1.27E+06
4	5	4	0	3	3	1.01E+02
4	5	4	0	4	5	4.78E+06
4	5	4	0	4	3	5.15E+06
4	5	4	0	5	5	3.28E+06
4	5	4	0	5	3	1.10E+05
4	5	4	0	6	5	7.50E+05
4	5	4	0	6	3	6.88E+06
4	5	4	0	7	5	5.13E+05
4	5	4	0	7	3	6.18E+06
4	5	4	0	8	5	2.03E+06
4	5	4	0	8	3	7.86E+04
4	5	4	0	9	5	1.95E+06
4	5	4	0	9	3	2.75E+06
4	5	4	0	10	5	1.18E+05
4	5	4	0	10	3	1.93E+05
4	5	4	0	11	5	1.41E+06
4	5	4	0	11	3	1.56E+05
4	5	4	0	12	5	1.42E+07
4	5	4	0	12	3	7.88E+06
4	5	4	0	13	5	2.86E+07
4	5	4	0	13	3	1.74E+07
4	5	4	0	14	3	6.50E+06
4	5	5	0	0	6	1.79E+07
4	5	5	0	0	4	1.65E+06
4	5	5	0	1	6	2.20E+05
4	5	5	0	1	4	4.36E+02
4	5	5	0	2	6	5.71E+06
4	5	5	0	2	4	1.99E+06
4	5	5	0	3	6	3.79E+06
4	5	5	0	3	4	1.43E+05
4	5	5	0	4	6	3.25E+06
4	5	5	0	4	4	3.02E+06
4	5	5	0	5	6	8.04E+06
4	5	5	0	5	4	1.92E+05
4	5	5	0	6	6	2.15E+04
4	5	5	0	6	4	8.48E+06
4	5	5	0	7	6	9.85E+03
4	5	5	0	7	4	6.65E+06
4	5	5	0	8	6	1.49E+06
4	5	5	0	8	4	1.77E+05
4	5	5	0	9	6	6.40E+05
4	5	5	0	9	4	1.66E+06
4	5	5	0	10	6	2.66E+05
4	5	5	0	10	4	4.24E+05
4	5	5	0	11	6	1.44E+06
4	5	5	0	11	4	3.20E+04
4	5	5	0	12	6	1.40E+07
4	5	5	0	12	4	8.24E+06
4	5	5	0	13	6	4.90E+07
4	5	5	0	13	4	2.11E+07
4	5	5	0	14	4	1.59E+07
4	5	6	0	0	7	4.62E+06
4	5	6	0	0	5	2.08E+07
4	5	6	0	1	7	2.98E+05
4	5	6	0	1	5	9.30E+04
4	5	6	0	2	7	1.18E+06
4	5	6	0	2	5	5.15E+06
4	5	6	0	3	7	8.17E+06
4	5	6	0	3	5	4.93E+06
4	5	6	0	4	7	5.37E+05
4	5	6	0	4	5	1.36E+06
4	5	6	0	5	7	1.78E+07
4	5	6	0	5	5	1.49E+07
4	5	6	0	6	7	6.90E+06
4	5	6	0	6	5	2.94E+06
4	5	6	0	7	7	3.64E+06
4	5	6	0	7	5	3.78E+04
4	5	6	0	8	7	4.37E+05
4	5	6	0	8	5	3.95E+06
4	5	6	0	9	7	3.99E+06
4	5	6	0	9	5	4.72E+05
4	5	6	0	10	7	1.09E+05
4	5	6	0	10	5	1.51E+05
4	5	6	0	11	7	8.10E+05
4	5	6	0	11	5	2.62E+06
4	5	6	0	12	7	1.75E+07
4	5	6	0	12	5	1.63E+06
4	5	6	0	13	7	7.82E+06
4	5	6	0	13	5	3.02E+07
4	5	7	0	0	8	1.24E+07
4	5	7	0	0	6	2.98E+07
4	5	7	0	1	8	1.39E+06
4	5	7	0	1	6	2.55E+06
4	5	7	0	2	8	5.76E+06
4	5	7	0	2	6	1.44E+07
4	5	7	0	3	8	1.85E+06
4	5	7	0	3	6	8.08E+06
4	5	7	0	4	8	2.39E+06
4	5	7	0	4	6	6.56E+06
4	5	7	0	5	8	9.20E+05
4	5	7	0	5	6	1.86E+07
4	5	7	0	6	8	4.06E+06
4	5	7	0	6	6	3.15E+05
4	5	7	0	7	8	8.20E+06
4	5	7	0	7	6	6.41E+06
4	5	7	0	8	8	4.13E+05
4	5	7	0	8	6	1.52E+06
4	5	7	0	9	8	1.06E+06
4	5	7	0	9	6	1.06E+06
4	5	7	0	10	8	1.80E+05
4	5	7	0	10	6	3.54E+05
4	5	7	0	11	8	4.63E+06
4	5	7	0	11	6	1.60E+06
4	5	7	0	12	8	2.22E+06
4	5	7	0	12	6	3.03E+06
4	5	7	0	13	6	4.24E+05
4	5	8	0	0	9	5.58E+03
4	5	8	0	0	7	5.01E+05
4	5	8	0	1	9	1.73E+05
4	5	8	0	1	7	6.15E+04
4	5	8	0	2	9	2.99E+05
4	5	8	0	2	7	1.74E+03
4	5	8	0	3	9	3.95E+03
4	5	8	0	3	7	1.82E+05
4	5	8	0	4	9	1.28E+05
4	5	8	0	4	7	1.32E+04
4	5	8	0	5	9	1.31E+05
4	5	8	0	5	7	4.67E+05
4	5	8	0	6	9	4.82E+02
4	5	8	0	6	7	2.93E+04
4	5	8	0	7	9	8.75E+03
4	5	8	0	7	7	9.11E+04
4	5	8	0	8	9	1.42E+05
4	5	8	0	8	7	4.17E+04
4	5	8	0	9	9	2.27E+05
4	5	8	0	9	7	1.89E+02
4	5	8	0	10	9	3.39E+03
4	5	8	0	10	7	5.94E+02
4	5	8	0	11	9	3.26E+04
4	5	8	0	11	7	9.71E+04
4	5	8	0	12	9	5.23E+06
4	5	8	0	12	7	4.11E+05
4	5	8	0	13	7	2.79E+07
4	6	0	0	0	1	3.16E+06
4	6	0	0	1	1	9.07E+03
4	6	0	0	2	1	1.95E+06
4	6	0	0	3	1	1.47E+02
4	6	0	0	4	1	1.65E+06
4	6	0	0	5	1	4.49E+04
4	6	0	0	6	1	1.35E+06
4	6	0	0	7	1	2.37E+05
4	6	0	0	8	1	7.60E+05
4	6	0	0	9	1	5.19E+05
4	6	0	0	10	1	3.92E+04
4	6	0	0	11	1	2.27E+04
4	6	0	0	12	1	6.15E+04
4	6	0	0	13	1	1.49E+07
4	6	0	0	14	1	1.82E+08
4	6	1	0	0	2	1.90E+06
4	6	1	0	0	0	1.15E+06
4	6	1	0	1	2	1.75E+02
4	6	1	0	1	0	1.29E+04
4	6	1	0	2	2	1.30E+06
4	6	1	0	2	0	5.82E+05
4	6	1	0	3	2	3.69E+01
4	6	1	0	3	0	1.80E+03
4	6	1	0	4	2	1.00E+06
4	6	1	0	4	0	5.83E+05
4	6	1	0	5	2	2.09E+04
4	6	1	0	5	0	3.69E+04
4	6	1	0	6	2	6.73E+05
4	6	1	0	6	0	6.16E+05
4	6	1	0	7	2	1.05E+05
4	6	1	0	7	0	1.69E+05
4	6	1	0	8	2	4.56E+05
4	6	1	0	8	0	2.37E+05
4	6	1	0	9	2	3.73E+05
4	6	1	0	9	0	1.51E+05
4	6	1	0	10	2	2.41E+04
4	6	1	0	10	0	6.26E+03
4	6	1	0	11	2	9.90E+03
4	6	1	0	11	0	3.11E+03
4	6	1	0	12	2	1.90E+04
4	6	1	0	12	0	1.56E+04
4	6	1	0	13	2	1.08E+07
4	6	1	0	13	0	3.63E+06
4	6	1	0	14	2	1.34E+08
4	6	1	0	14	0	5.57E+07
4	6	2	0	0	3	1.54E+06
4	6	2	0	0	1	1.35E+06
4	6	2	0	1	3	4.01E+03
4	6	2	0	1	1	1.99E+04
4	6	2	0	2	3	1.19E+06
4	6	2	0	2	1	6.18E+05
4	6	2	0	3	3	4.21E+02
4	6	2	0	3	1	5.85E+03
4	6	2	0	4	3	8.16E+05
4	6	2	0	4	1	6.69E+05
4	6	2	0	5	3	1.76E+04
4	6	2	0	5	1	6.54E+04
4	6	2	0	6	3	4.12E+05
4	6	2	0	6	1	7.93E+05
4	6	2	0	7	3	6.59E+04
4	6	2	0	7	1	2.82E+05
4	6	2	0	8	3	3.36E+05
4	6	2	0	8	1	2.45E+05
4	6	2	0	9	3	3.69E+05
4	6	2	0	9	1	1.73E+05
4	6	2	0	10	3	1.50E+04
4	6	2	0	10	1	2.14E+03
4	6	2	0	11	3	1.81E+03
4	6	2	0	11	1	1.03E+02
4	6	2	0	12	3	3.47E+01
4	6	2	0	12	1	4.27E+03
4	6	2	0	13	3	1.00E+07
4	6	2	0	13	1	3.31E+06
4	6	2	0	14	3	1.39E+08
4	6	2	0	14	1	6.70E+07
4	6	3	0	0	4	1.42E+06
4	6	3	0	0	2	1.41E+06
4	6	3	0	1	4	2.40E+04
4	6	3	0	1	2	2.55E+04
4	6	3	0	2	4	1.22E+06
4	6	3	0	2	2	5.74E+05
4	6	3	0	3	4	3.86E+03
4	6	3	0	3	2	1.27E+04
4	6	3	0	4	4	7.42E+05
4	6	3	0	4	2	6.80E+05
4	6	3	0	5	4	2.63E+04
4	6	3	0	5	2	9.77E+04
4	6	3	0	6	4	2.35E+05
4	6	3	0	6	2	9.23E+05
4	6	3	0	7	4	4.97E+04
4	6	3	0	7	2	4.29E+05
4	6	3	0	8	4	2.42E+05
4	6	3	0	8	2	2.13E+05
4	6	3	0	9	4	4.05E+05
4	6	3	0	9	2	1.86E+05
4	6	3	0	10	4	6.48E+03
4	6	3	0	10	2	3.33E+01
4	6	3	0	11	4	1.85E+03
4	6	3	0	11	2	4.34E+03
4	6	3	0	12	4	4.55E+04
4	6	3	0	12	2	4.46E+03
4	6	3	0	13	4	9.34E+06
4	6	3	0	13	2	2.26E+06
4	6	3	0	14	4	1.60E+08
4	6	3	0	14	2	7.43E+07
4	6	4	0	0	5	1.68E+06
4	6	4	0	0	3	1.48E+06
4	6	4	0	1	5	8.24E+04
4	6	4	0	1	3	3.45E+04
4	6	4	0	2	5	1.54E+06
4	6	4	0	2	3	5.33E+05
4	6	4	0	3	5	2.86E+04
4	6	4	0	3	3	1.98E+04
4	6	4	0	4	5	8.12E+05
4	6	4	0	4	3	7.21E+05
4	6	4	0	5	5	8.01E+04
4	6	4	0	5	3	1.29E+05
4	6	4	0	6	5	9.79E+04
4	6	4	0	6	3	1.21E+06
4	6	4	0	7	5	4.24E+04
4	6	4	0	7	3	7.40E+05
4	6	4	0	8	5	1.77E+05
4	6	4	0	8	3	1.64E+05
4	6	4	0	9	5	5.07E+05
4	6	4	0	9	3	2.22E+05
4	6	4	0	10	5	5.64E+02
4	6	4	0	10	3	6.13E+03
4	6	4	0	11	5	3.31E+04
4	6	4	0	11	3	3.14E+04
4	6	4	0	12	5	3.89E+05
4	6	4	0	12	3	1.03E+05
4	6	4	0	13	5	7.70E+06
4	6	4	0	13	3	8.31E+05
4	6	4	0	14	3	8.30E+07
4	6	5	0	0	6	3.74E+06
4	6	5	0	0	4	1.45E+06
4	6	5	0	1	6	3.30E+05
4	6	5	0	1	4	7.06E+04
4	6	5	0	2	6	2.97E+06
4	6	5	0	2	4	4.78E+05
4	6	5	0	3	6	3.32E+05
4	6	5	0	3	4	3.91E+03
4	6	5	0	4	6	1.30E+06
4	6	5	0	4	4	9.13E+05
4	6	5	0	5	6	6.84E+05
4	6	5	0	5	4	6.79E+04
4	6	5	0	6	6	7.08E+03
4	6	5	0	6	4	2.61E+06
4	6	5	0	7	6	1.77E+04
4	6	5	0	7	4	1.99E+06
4	6	5	0	8	6	1.68E+05
4	6	5	0	8	4	5.57E+04
4	6	5	0	9	6	7.56E+05
4	6	5	0	9	4	3.48E+05
4	6	5	0	10	6	6.30E+03
4	6	5	0	10	4	4.58E+04
4	6	5	0	11	6	2.13E+05
4	6	5	0	11	4	1.21E+05
4	6	5	0	12	6	2.48E+06
4	6	5	0	12	4	8.26E+05
4	6	5	0	13	6	2.52E+06
4	6	5	0	13	4	2.22E+05
4	6	5	0	14	4	9.36E+07
4	6	6	0	0	7	8.09E+06
4	6	6	0	0	5	1.00E+07
4	6	6	0	1	7	5.20E+05
4	6	6	0	1	5	1.62E+05
4	6	6	0	2	7	1.07E+06
4	6	6	0	2	5	2.29E+06
4	6	6	0	3	7	6.22E+06
4	6	6	0	3	5	3.92E+06
4	6	6	0	4	7	3.27E+04
4	6	6	0	4	5	4.58E+05
4	6	6	0	5	7	1.44E+07
4	6	6	0	5	5	8.98E+06
4	6	6	0	6	7	9.16E+06
4	6	6	0	6	5	5.04E+06
4	6	6	0	7	7	1.82E+06
4	6	6	0	7	5	2.60E+06
4	6	6	0	8	7	1.44E+05
4	6	6	0	8	5	2.16E+06
4	6	6	0	9	7	5.30E+05
4	6	6	0	9	5	2.25E+04
4	6	6	0	10	7	2.83E+04
4	6	6	0	10	5	2.30E+04
4	6	6	0	11	7	2.22E+04
4	6	6	0	11	5	2.22E+05
4	6	6	0	12	7	2.21E+05
4	6	6	0	12	5	1.12E+03
4	6	6	0	13	7	3.18E+07
4	6	6	0	13	5	1.00E+06
4	6	7	0	0	8	2.43E+04
4	6	7	0	0	6	2.22E+06
4	6	7	0	1	8	8.79E+05
4	6	7	0	1	6	2.06E+05
4	6	7	0	2	8	1.72E+06
4	6	7	0	2	6	7.65E+03
4	6	7	0	3	8	3.08E+05
4	6	7	0	3	6	5.87E+05
4	6	7	0	4	8	5.01E+05
4	6	7	0	4	6	5.53E+04
4	6	7	0	5	8	1.23E+06
4	6	7	0	5	6	1.86E+06
4	6	7	0	6	8	3.12E+02
4	6	7	0	6	6	5.53E+04
4	6	7	0	7	8	1.03E+05
4	6	7	0	7	6	3.77E+05
4	6	7	0	8	8	4.90E+05
4	6	7	0	8	6	4.59E+05
4	6	7	0	9	8	1.31E+06
4	6	7	0	9	6	4.08E+03
4	6	7	0	10	8	2.99E+04
4	6	7	0	10	6	9.33E+03
4	6	7	0	11	8	1.18E+05
4	6	7	0	11	6	7.57E+05
4	6	7	0	12	8	9.78E+06
4	6	7	0	12	6	6.44E+05
4	6	7	0	13	6	3.21E+07
4	7	0	0	0	1	2.96E+06
4	7	0	0	1	1	5.91E+03
4	7	0	0	2	1	2.08E+06
4	7	0	0	3	1	1.05E+04
4	7	0	0	4	1	1.55E+06
4	7	0	0	5	1	1.23E+04
4	7	0	0	6	1	1.21E+06
4	7	0	0	7	1	2.02E+05
4	7	0	0	8	1	8.52E+05
4	7	0	0	9	1	4.49E+05
4	7	0	0	10	1	1.10E+05
4	7	0	0	11	1	3.50E+04
4	7	0	0	12	1	2.69E+05
4	7	0	0	13	1	1.22E+07
4	7	0	0	14	1	1.22E+07
4	7	1	0	0	2	1.80E+06
4	7	1	0	0	0	1.02E+06
4	7	1	0	1	2	2.85E+03
4	7	1	0	1	0	7.71E+02
4	7	1	0	2	2	1.22E+06
4	7	1	0	2	0	7.68E+05
4	7	1	0	3	2	2.70E+03
4	7	1	0	3	0	4.58E+03
4	7	1	0	4	2	8.89E+05
4	7	1	0	4	0	5.81E+05
4	7	1	0	5	2	1.26E+04
4	7	1	0	5	0	4.84E+03
4	7	1	0	6	2	6.63E+05
4	7	1	0	6	0	4.75E+05
4	7	1	0	7	2	8.62E+04
4	7	1	0	7	0	1.47E+05
4	7	1	0	8	2	5.78E+05
4	7	1	0	8	0	2.03E+05
4	7	1	0	9	2	2.66E+05
4	7	1	0	9	0	1.80E+05
4	7	1	0	10	2	5.82E+04
4	7	1	0	10	0	2.94E+04
4	7	1	0	11	2	1.18E+04
4	7	1	0	11	0	1.35E+04
4	7	1	0	12	2	1.80E+05
4	7	1	0	12	0	4.65E+04
4	7	1	0	13	2	8.58E+06
4	7	1	0	13	0	3.44E+06
4	7	1	0	14	2	6.74E+06
4	7	1	0	14	0	5.08E+06
4	7	2	0	0	3	1.42E+06
4	7	2	0	0	1	1.13E+06
4	7	2	0	1	3	7.47E+01
4	7	2	0	1	1	4.73E+02
4	7	2	0	2	3	9.78E+05
4	7	2	0	2	1	8.48E+05
4	7	2	0	3	3	2.99E+02
4	7	2	0	3	1	2.98E+03
4	7	2	0	4	3	6.65E+05
4	7	2	0	4	1	6.53E+05
4	7	2	0	5	3	1.72E+04
4	7	2	0	5	1	1.09E+04
4	7	2	0	6	3	4.27E+05
4	7	2	0	6	1	5.65E+05
4	7	2	0	7	3	5.47E+04
4	7	2	0	7	1	2.38E+05
4	7	2	0	8	3	4.62E+05
4	7	2	0	8	1	1.88E+05
4	7	2	0	9	3	2.26E+05
4	7	2	0	9	1	2.17E+05
4	7	2	0	10	3	3.42E+04
4	7	2	0	10	1	2.09E+04
4	7	2	0	11	3	1.66E+03
4	7	2	0	11	1	7.62E+03
4	7	2	0	12	3	1.16E+05
4	7	2	0	12	1	2.67E+04
4	7	2	0	13	3	7.94E+06
4	7	2	0	13	1	3.48E+06
4	7	2	0	14	3	3.32E+06
4	7	2	0	14	1	6.74E+06
4	7	3	0	0	4	1.17E+06
4	7	3	0	0	2	1.05E+06
4	7	3	0	1	4	4.43E+03
4	7	3	0	1	2	1.97E+02
4	7	3	0	2	4	8.90E+05
4	7	3	0	2	2	7.72E+05
4	7	3	0	3	4	2.84E+02
4	7	3	0	3	2	9.70E+02
4	7	3	0	4	4	5.25E+05
4	7	3	0	4	2	6.04E+05
4	7	3	0	5	4	2.56E+04
4	7	3	0	5	2	2.01E+04
4	7	3	0	6	4	2.39E+05
4	7	3	0	6	2	5.72E+05
4	7	3	0	7	4	4.41E+04
4	7	3	0	7	2	3.36E+05
4	7	3	0	8	4	3.41E+05
4	7	3	0	8	2	1.45E+05
4	7	3	0	9	4	2.21E+05
4	7	3	0	9	2	2.24E+05
4	7	3	0	10	4	1.69E+04
4	7	3	0	10	2	9.16E+03
4	7	3	0	11	4	1.99E+03
4	7	3	0	11	2	2.55E+02
4	7	3	0	12	4	3.71E+04
4	7	3	0	12	2	4.14E+03
4	7	3	0	13	4	7.46E+06
4	7	3	0	13	2	2.77E+06
4	7	3	0	14	4	1.62E+05
4	7	3	0	14	2	7.29E+06
4	7	4	0	0	5	1.07E+06
4	7	4	0	0	3	9.11E+05
4	7	4	0	1	5	3.05E+04
4	7	4	0	1	3	1.48E+02
4	7	4	0	2	5	9.36E+05
4	7	4	0	2	3	6.40E+05
4	7	4	0	3	5	5.14E+03
4	7	4	0	3	3	1.42E+02
4	7	4	0	4	5	4.53E+05
4	7	4	0	4	3	5.18E+05
4	7	4	0	5	5	4.91E+04
4	7	4	0	5	3	2.92E+04
4	7	4	0	6	5	9.30E+04
4	7	4	0	6	3	5.86E+05
4	7	4	0	7	5	4.10E+04
4	7	4	0	7	3	4.80E+05
4	7	4	0	8	5	2.28E+05
4	7	4	0	8	3	9.60E+04
4	7	4	0	9	5	2.41E+05
4	7	4	0	9	3	2.23E+05
4	7	4	0	10	5	5.48E+03
4	7	4	0	10	3	1.50E+03
4	7	4	0	11	5	2.41E+04
4	7	4	0	11	3	7.88E+03
4	7	4	0	12	5	4.60E+03
4	7	4	0	12	3	9.23E+03
4	7	4	0	13	5	6.55E+06
4	7	4	0	13	3	1.63E+06
4	7	4	0	14	3	5.79E+06
4	7	5	0	0	6	1.44E+06
4	7	5	0	0	4	7.26E+05
4	7	5	0	1	6	1.24E+05
4	7	5	0	1	4	2.92E+03
4	7	5	0	2	6	1.30E+06
4	7	5	0	2	4	4.54E+05
4	7	5	0	3	6	5.97E+04
4	7	5	0	3	4	6.17E+02
4	7	5	0	4	6	5.08E+05
4	7	5	0	4	4	4.55E+05
4	7	5	0	5	6	1.92E+05
4	7	5	0	5	4	2.15E+04
4	7	5	0	6	6	7.82E+02
4	7	5	0	6	4	8.50E+05
4	7	5	0	7	6	2.70E+04
4	7	5	0	7	4	8.51E+05
4	7	5	0	8	6	1.40E+05
4	7	5	0	8	4	3.96E+04
4	7	5	0	9	6	3.04E+05
4	7	5	0	9	4	2.26E+05
4	7	5	0	10	6	3.86E+01
4	7	5	0	10	4	1.77E+03
4	7	5	0	11	6	9.54E+04
4	7	5	0	11	4	4.90E+04
4	7	5	0	12	6	3.34E+05
4	7	5	0	12	4	1.52E+05
4	7	5	0	13	6	4.39E+06
4	7	5	0	13	4	2.93E+05
4	7	5	0	14	4	7.84E+05
4	7	6	0	0	7	1.47E+07
4	7	6	0	0	5	3.36E+06
4	7	6	0	1	7	1.67E+06
4	7	6	0	1	5	5.89E+05
4	7	6	0	2	7	5.37E+06
4	7	6	0	2	5	1.40E+06
4	7	6	0	3	7	7.14E+06
4	7	6	0	3	5	2.15E+06
4	7	6	0	4	7	1.14E+06
4	7	6	0	4	5	4.06E+02
4	7	6	0	5	7	1.48E+07
4	7	6	0	5	5	4.69E+06
4	7	6	0	6	7	8.67E+06
4	7	6	0	6	5	1.06E+07
4	7	6	0	7	7	1.34E+06
4	7	6	0	7	5	6.39E+06
4	7	6	0	8	7	8.54E+04
4	7	6	0	8	5	1.23E+06
4	7	6	0	9	7	2.86E+04
4	7	6	0	9	5	1.70E+04
4	7	6	0	10	7	5.37E+04
4	7	6	0	10	5	1.51E+05
4	7	6	0	11	7	8.89E+04
4	7	6	0	11	5	8.92E+02
4	7	6	0	12	7	3.10E+06
4	7	6	0	12	5	1.08E+06
4	7	6	0	13	7	1.76E+07
4	7	6	0	13	5	7.79E+06
4	7	7	0	0	8	5.67E+05
4	7	7	0	0	6	2.41E+06
4	7	7	0	1	8	6.06E+05
4	7	7	0	1	6	6.99E+05
4	7	7	0	2	8	1.54E+05
4	7	7	0	2	6	3.07E+06
4	7	7	0	3	8	2.46E+04
4	7	7	0	3	6	3.65E+05
4	7	7	0	4	8	3.99E+04
4	7	7	0	4	6	1.30E+06
4	7	7	0	5	8	6.48E+04
4	7	7	0	5	6	6.47E+05
4	7	7	0	6	8	2.81E+06
4	7	7	0	6	6	7.84E+04
4	7	7	0	7	8	6.40E+05
4	7	7	0	7	6	1.73E+04
4	7	7	0	8	8	6.19E+05
4	7	7	0	8	6	3.90E+04
4	7	7	0	9	8	1.56E+04
4	7	7	0	9	6	5.61E+05
4	7	7	0	10	8	1.94E+05
4	7	7	0	10	6	2.00E+05
4	7	7	0	11	8	1.18E+06
4	7	7	0	11	6	2.83E+03
4	7	7	0	12	8	7.58E+06
4	7	7	0	12	6	4.94E+06
4	7	7	0	13	6	8.06E+06
4	8	0	0	0	1	1.84E+06
4	8	0	0	1	1	7.58E+05
4	8	0	0	2	1	8.09E+04
4	8	0	0	3	1	7.94E+05
4	8	0	0	4	1	1.13E+06
4	8	0	0	5	1	2.27E+05
4	8	0	0	6	1	2.37E+06
4	8	0	0	7	1	3.12E+05
4	8	0	0	8	1	9.70E+04
4	8	0	0	9	1	1.86E+02
4	8	0	0	10	1	2.49E+05
4	8	0	0	11	1	7.34E+05
4	8	0	0	12	1	2.31E+04
4	8	0	0	13	1	4.37E+06
4	8	0	0	14	1	4.21E+05
4	8	1	0	0	2	1.12E+06
4	8	1	0	0	0	1.89E+05
4	8	1	0	1	2	3.26E+04
4	8	1	0	1	0	4.00E+05
4	8	1	0	2	2	5.02E+05
4	8	1	0	2	0	2.13E+06
4	8	1	0	3	2	8.17E+03
4	8	1	0	3	0	3.61E+05
4	8	1	0	4	2	2.51E+05
4	8	1	0	4	0	3.86E+05
4	8	1	0	5	2	8.12E+04
4	8	1	0	5	0	2.73E+05
4	8	1	0	6	2	4.36E+05
4	8	1	0	6	0	5.35E+03
4	8	1	0	7	2	1.72E+05
4	8	1	0	7	0	1.70E+05
4	8	1	0	8	2	9.27E+05
4	8	1	0	8	0	3.81E+02
4	8	1	0	9	2	9.55E+03
4	8	1	0	9	0	6.84E+05
4	8	1	0	10	2	7.52E+04
4	8	1	0	10	0	1.89E+05
4	8	1	0	11	2	6.23E+04
4	8	1	0	11	0	4.15E+04
4	8	1	0	12	2	7.13E+05
4	8	1	0	12	0	1.53E+04
4	8	1	0	13	2	2.53E+06
4	8	1	0	13	0	2.59E+06
4	8	1	0	14	2	4.74E+06
4	8	1	0	14	0	6.45E+05
4	8	2	0	0	3	9.84E+05
4	8	2	0	0	1	5.98E+05
4	8	2	0	1	3	1.67E+04
4	8	2	0	1	1	1.85E+04
4	8	2	0	2	3	4.31E+05
4	8	2	0	2	1	8.64E+05
4	8	2	0	3	3	8.81E+02
4	8	2	0	3	1	2.99E+04
4	8	2	0	4	3	3.61E+05
4	8	2	0	4	1	4.61E+05
4	8	2	0	5	3	3.77E+04
4	8	2	0	5	1	6.03E+03
4	8	2	0	6	3	3.77E+05
4	8	2	0	6	1	2.22E+05
4	8	2	0	7	3	3.15E+04
4	8	2	0	7	1	1.40E+05
4	8	2	0	8	3	4.56E+05
4	8	2	0	8	1	5.88E+04
4	8	2	0	9	3	5.51E+04
4	8	2	0	9	1	2.36E+05
4	8	2	0	10	3	1.98E+04
4	8	2	0	10	1	3.38E+04
4	8	2	0	11	3	1.76E+01
4	8	2	0	11	1	2.49E+04
4	8	2	0	12	3	2.24E+05
4	8	2	0	12	1	5.12E+03
4	8	2	0	13	3	3.83E+06
4	8	2	0	13	1	2.33E+06
4	8	2	0	14	3	1.70E+06
4	8	2	0	14	1	3.79E+05
4	8	3	0	0	4	8.28E+05
4	8	3	0	0	2	6.95E+05
4	8	3	0	1	4	1.31E+04
4	8	3	0	1	2	4.40E+03
4	8	3	0	2	4	2.85E+05
4	8	3	0	2	2	3.84E+05
4	8	3	0	3	4	2.19E+04
4	8	3	0	3	2	2.40E+03
4	8	3	0	4	4	3.51E+05
4	8	3	0	4	2	4.45E+05
4	8	3	0	5	4	4.14E+04
4	8	3	0	5	2	1.29E+04
4	8	3	0	6	4	2.94E+05
4	8	3	0	6	2	4.57E+05
4	8	3	0	7	4	2.40E+03
4	8	3	0	7	2	1.12E+05
4	8	3	0	8	4	2.35E+05
4	8	3	0	8	2	6.40E+04
4	8	3	0	9	4	7.15E+04
4	8	3	0	9	2	1.14E+05
4	8	3	0	10	4	9.20E+02
4	8	3	0	10	2	4.64E+00
4	8	3	0	11	4	3.52E+03
4	8	3	0	11	2	2.48E+04
4	8	3	0	12	4	4.94E+04
4	8	3	0	12	2	3.79E+02
4	8	3	0	13	4	4.16E+06
4	8	3	0	13	2	1.89E+06
4	8	3	0	14	4	8.90E+05
4	8	3	0	14	2	1.33E+06
4	8	4	0	0	5	6.15E+05
4	8	4	0	0	3	5.95E+05
4	8	4	0	1	5	5.04E+04
4	8	4	0	1	3	1.40E+05
4	8	4	0	2	5	2.56E+04
4	8	4	0	2	3	4.29E+02
4	8	4	0	3	5	1.65E+05
4	8	4	0	3	3	1.57E+05
4	8	4	0	4	5	3.09E+05
4	8	4	0	4	3	3.24E+05
4	8	4	0	5	5	7.36E+04
4	8	4	0	5	3	1.14E+05
4	8	4	0	6	5	2.80E+05
4	8	4	0	6	3	7.99E+05
4	8	4	0	7	5	3.49E+04
4	8	4	0	7	3	9.41E+03
4	8	4	0	8	5	3.36E+04
4	8	4	0	8	3	2.86E+04
4	8	4	0	9	5	4.80E+04
4	8	4	0	9	3	2.65E+03
4	8	4	0	10	5	2.42E+04
4	8	4	0	10	3	1.01E+05
4	8	4	0	11	5	3.38E+04
4	8	4	0	11	3	6.93E+04
4	8	4	0	12	5	2.96E+04
4	8	4	0	12	3	2.73E+04
4	8	4	0	13	5	3.02E+06
4	8	4	0	13	3	8.75E+05
4	8	4	0	14	3	1.69E+06
4	9	0	0	0	1	8.74E+05
4	9	0	0	1	1	5.19E+04
4	9	0	0	2	1	2.32E+05
4	9	0	0	3	1	1.64E+04
4	9	0	0	4	1	4.82E+05
4	9	0	0	5	1	1.27E+04
4	9	0	0	6	1	5.57E+05
4	9	0	0	7	1	2.61E+02
4	9	0	0	8	1	1.86E+05
4	9	0	0	9	1	4.89E+04
4	9	0	0	10	1	3.27E+03
4	9	0	0	11	1	7.84E+04
4	9	0	0	12	1	4.94E+04
4	9	0	0	13	1	2.33E+06
4	9	0	0	14	1	2.36E+04
4	9	1	0	0	2	4.34E+05
4	9	1	0	0	0	2.90E+05
4	9	1	0	1	2	1.66E+04
4	9	1	0	1	0	2.65E+04
4	9	1	0	2	2	1.42E+05
4	9	1	0	2	0	5.16E+04
4	9	1	0	3	2	6.77E+03
4	9	1	0	3	0	9.99E+03
4	9	1	0	4	2	2.49E+05
4	9	1	0	4	0	1.48E+05
4	9	1	0	5	2	3.30E+03
4	9	1	0	5	0	1.32E+04
4	9	1	0	6	2	2.40E+05
4	9	1	0	6	0	2.22E+05
4	9	1	0	7	2	2.41E+02
4	9	1	0	7	0	4.97E+03
4	9	1	0	8	2	9.05E+04
4	9	1	0	8	0	5.62E+04
4	9	1	0	9	2	3.93E+04
4	9	1	0	9	0	7.63E+03
4	9	1	0	10	2	2.58E+03
4	9	1	0	10	0	1.03E+00
4	9	1	0	11	2	4.07E+04
4	9	1	0	11	0	1.75E+04
4	9	1	0	12	2	2.16E+04
4	9	1	0	12	0	1.62E+04
4	9	1	0	13	2	1.51E+06
4	9	1	0	13	0	5.59E+05
4	9	1	0	14	2	5.91E+02
4	9	1	0	14	0	1.50E+05


