2 4 29 // magic number - today's date
#
# this file gives the vibration, rotation, and transition probability, of all 
# levels within the D plus electronic state of molecular hydrogen
# data are taken from
#>>refer	H2	As	Abgrall, H., Roueff, E., & Drira, I. 2000, A&AS, 141, 297-300
#
# Any line starting with a #
# is interpreted as a comment and ignored.  The same magic number
# appears at the start and end of the file.
#
#EU	VU	JU	EL	VL	JL	A (s-1) T
5	0	1	0	0	2	1.59E+07
5	0	1	0	0	0	2.22E+07
5	0	1	0	1	2	4.37E+07
5	0	1	0	1	0	6.24E+07
5	0	1	0	2	2	4.66E+07
5	0	1	0	2	0	7.14E+07
5	0	1	0	3	2	2.40E+07
5	0	1	0	3	0	4.34E+07
5	0	1	0	4	2	5.73E+06
5	0	1	0	4	0	1.53E+07
5	0	1	0	5	2	4.52E+05
5	0	1	0	5	0	3.25E+06
5	0	1	0	6	2	1.45E+02
5	0	1	0	6	0	4.26E+05
5	0	1	0	7	2	1.15E+04
5	0	1	0	7	0	2.97E+04
5	0	1	0	8	2	1.53E+03
5	0	1	0	8	0	4.46E+02
5	0	1	0	9	2	4.42E+01
5	0	1	0	9	0	8.33E+00
5	0	1	0	10	2	1.78E+01
5	0	1	0	10	0	4.10E-02
5	0	1	0	11	2	6.24E+01
5	0	1	0	11	0	1.35E+02
5	0	1	0	12	2	6.65E+01
5	0	1	0	12	0	1.31E+02
5	0	1	0	13	2	3.68E+00
5	0	1	0	13	0	2.97E+00
5	0	1	0	14	2	2.11E-02
5	0	1	0	14	0	1.91E-01
5	0	2	0	0	3	2.06E+07
5	0	2	0	0	1	1.75E+07
5	0	2	0	1	3	5.66E+07
5	0	2	0	1	1	4.96E+07
5	0	2	0	2	3	5.95E+07
5	0	2	0	2	1	5.79E+07
5	0	2	0	3	3	2.95E+07
5	0	2	0	3	1	3.73E+07
5	0	2	0	4	3	6.37E+06
5	0	2	0	4	1	1.48E+07
5	0	2	0	5	3	3.16E+05
5	0	2	0	5	1	3.81E+06
5	0	2	0	6	3	2.39E+04
5	0	2	0	6	1	6.70E+05
5	0	2	0	7	3	3.19E+04
5	0	2	0	7	1	7.36E+04
5	0	2	0	8	3	2.80E+03
5	0	2	0	8	1	2.77E+03
5	0	2	0	9	3	3.19E+01
5	0	2	0	9	1	5.69E+00
5	0	2	0	10	3	2.63E+01
5	0	2	0	10	1	2.11E+01
5	0	2	0	11	3	2.47E-03
5	0	2	0	11	1	1.15E+00
5	0	2	0	12	3	1.04E+00
5	0	2	0	12	1	1.27E-01
5	0	2	0	13	3	1.98E-01
5	0	2	0	13	1	2.26E-03
5	0	2	0	14	3	3.96E-02
5	0	2	0	14	1	8.03E-03
5	0	3	0	0	4	2.33E+07
5	0	3	0	0	2	1.50E+07
5	0	3	0	1	4	6.35E+07
5	0	3	0	1	2	4.16E+07
5	0	3	0	2	4	6.72E+07
5	0	3	0	2	2	5.02E+07
5	0	3	0	3	4	3.26E+07
5	0	3	0	3	2	3.38E+07
5	0	3	0	4	4	6.35E+06
5	0	3	0	4	2	1.44E+07
5	0	3	0	5	4	2.01E+05
5	0	3	0	5	2	4.45E+06
5	0	3	0	6	4	6.41E+04
5	0	3	0	6	2	9.86E+05
5	0	3	0	7	4	7.35E+04
5	0	3	0	7	2	1.08E+05
5	0	3	0	8	4	7.53E+03
5	0	3	0	8	2	3.14E+03
5	0	3	0	9	4	2.00E+03
5	0	3	0	9	2	5.21E+02
5	0	3	0	10	4	3.61E+01
5	0	3	0	10	2	5.47E+01
5	0	3	0	11	4	2.59E+03
5	0	3	0	11	2	2.73E+03
5	0	3	0	12	4	1.35E+03
5	0	3	0	12	2	3.00E+03
5	0	3	0	13	4	3.12E+01
5	0	3	0	13	2	3.51E+01
5	0	3	0	14	4	4.44E-01
5	0	3	0	14	2	9.75E+00
5	0	4	0	0	5	2.49E+07
5	0	4	0	0	3	1.32E+07
5	0	4	0	1	5	6.81E+07
5	0	4	0	1	3	3.69E+07
5	0	4	0	2	5	7.26E+07
5	0	4	0	2	3	4.44E+07
5	0	4	0	3	5	3.48E+07
5	0	4	0	3	3	3.09E+07
5	0	4	0	4	5	6.42E+06
5	0	4	0	4	3	1.43E+07
5	0	4	0	5	5	1.37E+05
5	0	4	0	5	3	4.90E+06
5	0	4	0	6	5	1.28E+05
5	0	4	0	6	3	1.28E+06
5	0	4	0	7	5	1.01E+05
5	0	4	0	7	3	1.82E+05
5	0	4	0	8	5	6.65E+03
5	0	4	0	8	3	5.67E+03
5	0	4	0	9	5	9.97E+02
5	0	4	0	9	3	4.04E+02
5	0	4	0	10	5	9.53E+01
5	0	4	0	10	3	8.13E+00
5	0	4	0	11	5	9.36E+02
5	0	4	0	11	3	1.54E+03
5	0	4	0	12	5	7.85E+02
5	0	4	0	12	3	7.20E+02
5	0	4	0	13	5	8.09E+01
5	0	4	0	13	3	7.39E+00
5	0	4	0	14	3	1.54E+01
5	0	5	0	0	6	2.53E+07
5	0	5	0	0	4	1.21E+07
5	0	5	0	1	6	7.15E+07
5	0	5	0	1	4	3.38E+07
5	0	5	0	2	6	7.60E+07
5	0	5	0	2	4	4.01E+07
5	0	5	0	3	6	3.66E+07
5	0	5	0	3	4	2.83E+07
5	0	5	0	4	6	6.74E+06
5	0	5	0	4	4	1.40E+07
5	0	5	0	5	6	8.44E+04
5	0	5	0	5	4	5.28E+06
5	0	5	0	6	6	2.04E+05
5	0	5	0	6	4	1.51E+06
5	0	5	0	7	6	1.08E+05
5	0	5	0	7	4	2.73E+05
5	0	5	0	8	6	6.45E+03
5	0	5	0	8	4	1.68E+04
5	0	5	0	9	6	2.83E+02
5	0	5	0	9	4	1.62E+01
5	0	5	0	10	6	2.11E+02
5	0	5	0	10	4	8.02E+01
5	0	5	0	11	6	1.55E+02
5	0	5	0	11	4	9.29E+01
5	0	5	0	12	6	2.18E+02
5	0	5	0	12	4	3.34E+02
5	0	5	0	13	6	3.37E+01
5	0	5	0	13	4	3.62E+00
5	0	5	0	14	4	6.36E-01
5	0	6	0	0	7	2.54E+07
5	0	6	0	0	5	1.17E+07
5	0	6	0	1	7	7.28E+07
5	0	6	0	1	5	3.18E+07
5	0	6	0	2	7	7.89E+07
5	0	6	0	2	5	3.70E+07
5	0	6	0	3	7	3.85E+07
5	0	6	0	3	5	2.59E+07
5	0	6	0	4	7	6.99E+06
5	0	6	0	4	5	1.32E+07
5	0	6	0	5	7	5.95E+04
5	0	6	0	5	5	5.53E+06
5	0	6	0	6	7	2.69E+05
5	0	6	0	6	5	1.81E+06
5	0	6	0	7	7	1.38E+05
5	0	6	0	7	5	3.65E+05
5	0	6	0	8	7	7.29E+03
5	0	6	0	8	5	2.60E+04
5	0	6	0	9	7	6.31E+02
5	0	6	0	9	5	3.47E+01
5	0	6	0	10	7	1.22E+02
5	0	6	0	10	5	2.97E+02
5	0	6	0	11	7	6.57E+00
5	0	6	0	11	5	4.31E-02
5	0	6	0	12	7	4.77E+00
5	0	6	0	12	5	9.13E+00
5	0	6	0	13	7	1.12E+00
5	0	6	0	13	5	4.04E-02
5	0	7	0	0	8	2.48E+07
5	0	7	0	0	6	1.18E+07
5	0	7	0	1	8	7.28E+07
5	0	7	0	1	6	3.11E+07
5	0	7	0	2	8	8.10E+07
5	0	7	0	2	6	3.45E+07
5	0	7	0	3	8	4.04E+07
5	0	7	0	3	6	2.34E+07
5	0	7	0	4	8	7.36E+06
5	0	7	0	4	6	1.22E+07
5	0	7	0	5	8	4.18E+04
5	0	7	0	5	6	5.61E+06
5	0	7	0	6	8	3.62E+05
5	0	7	0	6	6	2.12E+06
5	0	7	0	7	8	1.75E+05
5	0	7	0	7	6	4.92E+05
5	0	7	0	8	8	8.01E+03
5	0	7	0	8	6	3.77E+04
5	0	7	0	9	8	9.81E+02
5	0	7	0	9	6	4.30E+01
5	0	7	0	10	8	3.16E+02
5	0	7	0	10	6	4.68E+02
5	0	7	0	11	8	4.37E+00
5	0	7	0	11	6	9.69E+00
5	0	7	0	12	8	4.31E+00
5	0	7	0	12	6	1.24E+00
5	0	7	0	13	6	1.30E-01
5	0	8	0	0	9	2.33E+07
5	0	8	0	0	7	1.27E+07
5	0	8	0	1	9	7.12E+07
5	0	8	0	1	7	3.17E+07
5	0	8	0	2	9	8.21E+07
5	0	8	0	2	7	3.27E+07
5	0	8	0	3	9	4.25E+07
5	0	8	0	3	7	2.06E+07
5	0	8	0	4	9	7.86E+06
5	0	8	0	4	7	1.07E+07
5	0	8	0	5	9	2.28E+04
5	0	8	0	5	7	5.56E+06
5	0	8	0	6	9	5.02E+05
5	0	8	0	6	7	2.52E+06
5	0	8	0	7	9	2.32E+05
5	0	8	0	7	7	6.85E+05
5	0	8	0	8	9	9.64E+03
5	0	8	0	8	7	6.02E+04
5	0	8	0	9	9	2.07E+03
5	0	8	0	9	7	1.72E+02
5	0	8	0	10	9	6.04E+02
5	0	8	0	10	7	7.90E+02
5	0	8	0	11	9	5.50E+01
5	0	8	0	11	7	2.55E+01
5	0	8	0	12	9	5.00E+01
5	0	8	0	12	7	9.75E+01
5	0	8	0	13	7	1.77E+00
5	0	9	0	0	10	2.07E+07
5	0	9	0	0	8	1.45E+07
5	0	9	0	1	10	6.73E+07
5	0	9	0	1	8	3.41E+07
5	0	9	0	2	10	8.20E+07
5	0	9	0	2	8	3.11E+07
5	0	9	0	3	10	4.48E+07
5	0	9	0	3	8	1.70E+07
5	0	9	0	4	10	8.57E+06
5	0	9	0	4	8	8.63E+06
5	0	9	0	5	10	4.13E+03
5	0	9	0	5	8	5.31E+06
5	0	9	0	6	10	7.77E+05
5	0	9	0	6	8	3.11E+06
5	0	9	0	7	10	3.24E+05
5	0	9	0	7	8	1.06E+06
5	0	9	0	8	10	1.31E+04
5	0	9	0	8	8	1.05E+05
5	0	9	0	9	10	3.62E+03
5	0	9	0	9	8	8.46E+02
5	0	9	0	10	10	2.38E+03
5	0	9	0	10	8	1.45E+03
5	0	9	0	11	10	1.22E+03
5	0	9	0	11	8	9.99E+01
5	0	9	0	12	10	8.27E+02
5	0	9	0	12	8	2.40E+03
5	0	10	0	0	11	1.62E+07
5	0	10	0	0	9	1.87E+07
5	0	10	0	1	11	5.79E+07
5	0	10	0	1	9	3.93E+07
5	0	10	0	2	11	7.93E+07
5	0	10	0	2	9	2.96E+07
5	0	10	0	3	11	4.76E+07
5	0	10	0	3	9	1.19E+07
5	0	10	0	4	11	9.33E+06
5	0	10	0	4	9	5.27E+06
5	0	10	0	5	11	5.37E+03
5	0	10	0	5	9	4.77E+06
5	0	10	0	6	11	1.37E+06
5	0	10	0	6	9	4.28E+06
5	0	10	0	7	11	6.06E+05
5	0	10	0	7	9	1.84E+06
5	0	10	0	8	11	1.41E+04
5	0	10	0	8	9	2.12E+05
5	0	10	0	9	11	1.44E+04
5	0	10	0	9	9	8.85E+02
5	0	10	0	10	11	2.72E+03
5	0	10	0	10	9	5.91E+03
5	0	10	0	11	11	2.33E+01
5	0	10	0	11	9	1.09E+02
5	0	10	0	12	9	1.09E+01
5	0	11	0	0	12	7.92E+06
5	0	11	0	0	10	2.74E+07
5	0	11	0	1	12	3.77E+07
5	0	11	0	1	10	4.97E+07
5	0	11	0	2	12	6.68E+07
5	0	11	0	2	10	2.60E+07
5	0	11	0	3	12	4.88E+07
5	0	11	0	3	10	4.22E+06
5	0	11	0	4	12	1.03E+07
5	0	11	0	4	10	9.15E+05
5	0	11	0	5	12	1.38E+05
5	0	11	0	5	10	3.34E+06
5	0	11	0	6	12	3.01E+06
5	0	11	0	6	10	6.71E+06
5	0	11	0	7	12	1.30E+06
5	0	11	0	7	10	4.05E+06
5	0	11	0	8	12	1.63E+04
5	0	11	0	8	10	5.43E+05
5	0	11	0	9	12	5.51E+04
5	0	11	0	9	10	4.19E+03
5	0	11	0	10	12	9.02E+03
5	0	11	0	10	10	2.31E+04
5	0	11	0	11	12	2.73E-01
5	0	11	0	11	10	3.84E+02
5	0	11	0	12	10	3.41E+02
5	0	12	0	0	13	4.00E+07
5	0	12	0	0	11	2.08E+06
5	0	12	0	1	13	8.21E+07
5	0	12	0	1	11	4.27E+03
5	0	12	0	2	13	5.03E+07
5	0	12	0	2	11	1.37E+07
5	0	12	0	3	13	9.53E+06
5	0	12	0	3	11	4.45E+07
5	0	12	0	4	13	8.24E+05
5	0	12	0	4	11	3.53E+07
5	0	12	0	5	13	1.39E+06
5	0	12	0	5	11	5.06E+06
5	0	12	0	6	13	3.25E+06
5	0	12	0	6	11	1.33E+06
5	0	12	0	7	13	1.64E+06
5	0	12	0	7	11	4.27E+06
5	0	12	0	8	13	2.06E+04
5	0	12	0	8	11	1.05E+06
5	0	12	0	9	13	1.54E+05
5	0	12	0	9	11	5.59E+03
5	0	12	0	10	13	4.13E+04
5	0	12	0	10	11	7.95E+04
5	0	12	0	11	11	4.00E+03
5	0	13	0	0	14	3.66E+07
5	0	13	0	0	12	3.04E+05
5	0	13	0	1	14	8.90E+07
5	0	13	0	1	12	4.86E+06
5	0	13	0	2	14	7.30E+07
5	0	13	0	2	12	2.11E+07
5	0	13	0	3	14	2.34E+07
5	0	13	0	3	12	3.68E+07
5	0	13	0	4	14	3.00E+06
5	0	13	0	4	12	2.73E+07
5	0	13	0	5	14	6.13E+05
5	0	13	0	5	12	6.37E+06
5	0	13	0	6	14	8.51E+05
5	0	13	0	6	12	1.12E+04
5	0	13	0	7	14	4.91E+05
5	0	13	0	7	12	1.27E+06
5	0	13	0	8	14	5.29E+02
5	0	13	0	8	12	4.24E+05
5	0	13	0	9	14	1.20E+05
5	0	13	0	9	12	7.12E+03
5	0	13	0	10	14	3.78E+04
5	0	13	0	10	12	6.58E+04
5	0	13	0	11	12	5.09E+03
5	1	1	0	0	2	2.36E+07
5	1	1	0	0	0	4.47E+07
5	1	1	0	1	2	2.00E+07
5	1	1	0	1	0	3.51E+07
5	1	1	0	2	2	2.30E+05
5	1	1	0	2	0	8.44E+04
5	1	1	0	3	2	2.00E+07
5	1	1	0	3	0	3.59E+07
5	1	1	0	4	2	3.97E+07
5	1	1	0	4	0	6.51E+07
5	1	1	0	5	2	2.00E+07
5	1	1	0	5	0	3.38E+07
5	1	1	0	6	2	4.01E+06
5	1	1	0	6	0	9.01E+06
5	1	1	0	7	2	2.06E+05
5	1	1	0	7	0	1.73E+06
5	1	1	0	8	2	9.31E+04
5	1	1	0	8	0	3.88E+04
5	1	1	0	9	2	1.78E+04
5	1	1	0	9	0	1.38E+03
5	1	1	0	10	2	2.94E+04
5	1	1	0	10	0	4.56E+04
5	1	1	0	11	2	8.92E+03
5	1	1	0	11	0	2.08E+04
5	1	1	0	12	2	1.85E+04
5	1	1	0	12	0	1.17E+04
5	1	1	0	13	2	2.57E+05
5	1	1	0	13	0	5.72E+05
5	1	1	0	14	2	1.49E+04
5	1	1	0	14	0	1.91E+04
5	1	2	0	0	3	2.68E+07
5	1	2	0	0	1	3.86E+07
5	1	2	0	1	3	2.66E+07
5	1	2	0	1	1	3.24E+07
5	1	2	0	2	3	2.13E+05
5	1	2	0	2	1	1.81E+02
5	1	2	0	3	3	2.41E+07
5	1	2	0	3	1	3.16E+07
5	1	2	0	4	3	4.80E+07
5	1	2	0	4	1	5.20E+07
5	1	2	0	5	3	2.68E+07
5	1	2	0	5	1	2.92E+07
5	1	2	0	6	3	4.60E+06
5	1	2	0	6	1	8.37E+06
5	1	2	0	7	3	2.63E+04
5	1	2	0	7	1	1.64E+06
5	1	2	0	8	3	1.27E+05
5	1	2	0	8	1	2.55E+05
5	1	2	0	9	3	2.37E+04
5	1	2	0	9	1	1.78E+04
5	1	2	0	10	3	1.66E+03
5	1	2	0	10	1	1.26E+02
5	1	2	0	11	3	1.05E+03
5	1	2	0	11	1	1.23E+03
5	1	2	0	12	3	5.85E+01
5	1	2	0	12	1	2.42E+00
5	1	2	0	13	3	2.53E+02
5	1	2	0	13	1	5.67E+02
5	1	2	0	14	3	1.42E+01
5	1	2	0	14	1	1.76E+01
5	1	3	0	0	4	2.74E+07
5	1	3	0	0	2	3.75E+07
5	1	3	0	1	4	2.85E+07
5	1	3	0	1	2	2.99E+07
5	1	3	0	2	4	3.69E+05
5	1	3	0	2	2	3.22E+04
5	1	3	0	3	4	2.54E+07
5	1	3	0	3	2	2.99E+07
5	1	3	0	4	4	5.34E+07
5	1	3	0	4	2	4.55E+07
5	1	3	0	5	4	3.03E+07
5	1	3	0	5	2	2.45E+07
5	1	3	0	6	4	4.72E+06
5	1	3	0	6	2	7.62E+06
5	1	3	0	7	4	9.77E+02
5	1	3	0	7	2	2.09E+06
5	1	3	0	8	4	2.89E+05
5	1	3	0	8	2	5.23E+05
5	1	3	0	9	4	4.33E+04
5	1	3	0	9	2	5.31E+04
5	1	3	0	10	4	4.20E+03
5	1	3	0	10	2	4.99E+02
5	1	3	0	11	4	2.85E+03
5	1	3	0	11	2	3.10E+03
5	1	3	0	12	4	5.36E+01
5	1	3	0	12	2	3.95E+01
5	1	3	0	13	4	1.21E+02
5	1	3	0	13	2	3.16E+02
5	1	3	0	14	4	5.57E+00
5	1	3	0	14	2	9.41E+00
5	1	4	0	0	5	2.53E+07
5	1	4	0	0	3	3.85E+07
5	1	4	0	1	5	2.83E+07
5	1	4	0	1	3	2.90E+07
5	1	4	0	2	5	6.29E+05
5	1	4	0	2	3	1.69E+05
5	1	4	0	3	5	2.45E+07
5	1	4	0	3	3	2.99E+07
5	1	4	0	4	5	5.64E+07
5	1	4	0	4	3	4.01E+07
5	1	4	0	5	5	3.33E+07
5	1	4	0	5	3	1.96E+07
5	1	4	0	6	5	4.77E+06
5	1	4	0	6	3	6.49E+06
5	1	4	0	7	5	7.02E+04
5	1	4	0	7	3	2.57E+06
5	1	4	0	8	5	5.69E+05
5	1	4	0	8	3	9.89E+05
5	1	4	0	9	5	7.20E+04
5	1	4	0	9	3	1.33E+05
5	1	4	0	10	5	1.04E+04
5	1	4	0	10	3	1.54E+03
5	1	4	0	11	5	7.93E+03
5	1	4	0	11	3	7.01E+03
5	1	4	0	12	5	4.59E+00
5	1	4	0	12	3	2.82E+02
5	1	4	0	13	5	1.41E+02
5	1	4	0	13	3	1.07E+02
5	1	4	0	14	3	4.63E-01
5	1	5	0	0	6	2.00E+07
5	1	5	0	0	4	4.24E+07
5	1	5	0	1	6	2.52E+07
5	1	5	0	1	4	2.92E+07
5	1	5	0	2	6	1.14E+06
5	1	5	0	2	4	5.67E+05
5	1	5	0	3	6	2.10E+07
5	1	5	0	3	4	3.17E+07
5	1	5	0	4	6	5.68E+07
5	1	5	0	4	4	3.46E+07
5	1	5	0	5	6	3.62E+07
5	1	5	0	5	4	1.35E+07
5	1	5	0	6	6	4.86E+06
5	1	5	0	6	4	4.57E+06
5	1	5	0	7	6	3.08E+05
5	1	5	0	7	4	3.10E+06
5	1	5	0	8	6	1.11E+06
5	1	5	0	8	4	1.85E+06
5	1	5	0	9	6	1.18E+05
5	1	5	0	9	4	3.05E+05
5	1	5	0	10	6	2.95E+04
5	1	5	0	10	4	3.31E+03
5	1	5	0	11	6	1.79E+04
5	1	5	0	11	4	2.11E+04
5	1	5	0	12	6	6.40E+01
5	1	5	0	12	4	5.71E+02
5	1	5	0	13	6	1.53E+01
5	1	5	0	13	4	1.86E+02
5	1	5	0	14	4	7.92E+00
5	1	6	0	0	7	1.08E+07
5	1	6	0	0	5	4.92E+07
5	1	6	0	1	7	1.78E+07
5	1	6	0	1	5	3.02E+07
5	1	6	0	2	7	2.09E+06
5	1	6	0	2	5	1.62E+06
5	1	6	0	3	7	1.36E+07
5	1	6	0	3	5	3.54E+07
5	1	6	0	4	7	5.13E+07
5	1	6	0	4	5	2.74E+07
5	1	6	0	5	7	3.81E+07
5	1	6	0	5	5	5.90E+06
5	1	6	0	6	7	4.88E+06
5	1	6	0	6	5	1.83E+06
5	1	6	0	7	7	8.88E+05
5	1	6	0	7	5	3.47E+06
5	1	6	0	8	7	2.14E+06
5	1	6	0	8	5	3.49E+06
5	1	6	0	9	7	1.88E+05
5	1	6	0	9	5	7.04E+05
5	1	6	0	10	7	8.95E+04
5	1	6	0	10	5	1.03E+04
5	1	6	0	11	7	4.78E+04
5	1	6	0	11	5	5.98E+04
5	1	6	0	12	7	1.03E+02
5	1	6	0	12	5	1.91E+03
5	1	6	0	13	7	6.08E+00
5	1	6	0	13	5	2.33E+02
5	1	8	0	0	9	6.13E+07
5	1	8	0	0	7	1.09E+06
5	1	8	0	1	9	4.64E+07
5	1	8	0	1	7	3.67E+06
5	1	8	0	2	9	5.53E+05
5	1	8	0	2	7	2.17E+06
5	1	8	0	3	9	4.77E+07
5	1	8	0	3	7	1.37E+06
5	1	8	0	4	9	4.49E+07
5	1	8	0	4	7	2.29E+07
5	1	8	0	5	9	8.94E+06
5	1	8	0	5	7	4.08E+07
5	1	8	0	6	9	5.62E+05
5	1	8	0	6	7	2.03E+07
5	1	8	0	7	9	7.48E+05
5	1	8	0	7	7	1.02E+06
5	1	8	0	8	9	1.24E+06
5	1	8	0	8	7	1.26E+06
5	1	8	0	9	9	1.18E+05
5	1	8	0	9	7	8.97E+05
5	1	8	0	10	9	2.16E+05
5	1	8	0	10	7	9.32E+03
5	1	8	0	11	9	1.68E+05
5	1	8	0	11	7	1.91E+05
5	1	8	0	12	9	2.59E+03
5	1	8	0	12	7	2.04E+04
5	1	8	0	13	7	1.04E+02
5	1	9	0	0	10	5.59E+07
5	1	9	0	0	8	5.39E+06
5	1	9	0	1	10	4.74E+07
5	1	9	0	1	8	7.13E+06
5	1	9	0	2	10	6.61E+04
5	1	9	0	2	8	8.58E+05
5	1	9	0	3	10	4.69E+07
5	1	9	0	3	8	4.51E+06
5	1	9	0	4	10	5.57E+07
5	1	9	0	4	8	2.47E+07
5	1	9	0	5	10	1.50E+07
5	1	9	0	5	8	3.48E+07
5	1	9	0	6	10	9.08E+05
5	1	9	0	6	8	1.83E+07
5	1	9	0	7	10	2.02E+05
5	1	9	0	7	8	1.95E+06
5	1	9	0	8	10	4.48E+05
5	1	9	0	8	8	3.47E+05
5	1	9	0	9	10	3.53E+04
5	1	9	0	9	8	5.02E+05
5	1	9	0	10	10	2.33E+05
5	1	9	0	10	8	1.31E+04
5	1	9	0	11	10	2.06E+05
5	1	9	0	11	8	2.10E+05
5	1	9	0	12	10	6.82E+03
5	1	9	0	12	8	3.52E+04
5	1	10	0	0	11	4.74E+07
5	1	10	0	0	9	1.13E+07
5	1	10	0	1	11	4.49E+07
5	1	10	0	1	9	1.04E+07
5	1	10	0	2	11	2.76E+04
5	1	10	0	2	9	1.51E+05
5	1	10	0	3	11	4.33E+07
5	1	10	0	3	9	8.21E+06
5	1	10	0	4	11	6.16E+07
5	1	10	0	4	9	2.38E+07
5	1	10	0	5	11	1.93E+07
5	1	10	0	5	9	2.72E+07
5	1	10	0	6	11	9.30E+05
5	1	10	0	6	9	1.56E+07
5	1	10	0	7	11	2.21E+03
5	1	10	0	7	9	2.96E+06
5	1	10	0	8	11	1.20E+05
5	1	10	0	8	9	2.42E+04
5	1	10	0	9	11	5.11E+03
5	1	10	0	9	9	3.09E+05
5	1	10	0	10	11	4.15E+05
5	1	10	0	10	9	2.69E+04
5	1	10	0	11	11	5.13E+05
5	1	10	0	11	9	4.14E+05
5	1	10	0	12	9	1.48E+05
5	2	1	0	0	2	2.97E+07
5	2	1	0	0	0	4.05E+07
5	2	1	0	1	2	4.34E+06
5	2	1	0	1	0	6.02E+06
5	2	1	0	2	2	1.30E+07
5	2	1	0	2	0	1.75E+07
5	2	1	0	3	2	1.51E+07
5	2	1	0	3	0	2.20E+07
5	2	1	0	4	2	1.63E+06
5	2	1	0	4	0	1.44E+06
5	2	1	0	5	2	3.20E+07
5	2	1	0	5	0	4.65E+07
5	2	1	0	6	2	3.05E+07
5	2	1	0	6	0	5.82E+07
5	2	1	0	7	2	7.63E+06
5	2	1	0	7	0	2.26E+07
5	2	1	0	8	2	5.13E+05
5	2	1	0	8	0	2.72E+06
5	2	1	0	9	2	2.62E+04
5	2	1	0	9	0	8.73E+03
5	2	1	0	10	2	8.36E+03
5	2	1	0	10	0	2.26E+04
5	2	1	0	11	2	8.63E+03
5	2	1	0	11	0	3.70E+03
5	2	1	0	12	2	3.72E+04
5	2	1	0	12	0	1.76E+04
5	2	1	0	13	2	5.40E+03
5	2	1	0	13	0	2.99E+03
5	2	1	0	14	2	1.79E+01
5	2	1	0	14	0	1.35E+02
5	2	2	0	0	3	3.74E+07
5	2	2	0	0	1	3.23E+07
5	2	2	0	1	3	5.60E+06
5	2	2	0	1	1	4.73E+06
5	2	2	0	2	3	1.63E+07
5	2	2	0	2	1	1.40E+07
5	2	2	0	3	3	1.91E+07
5	2	2	0	3	1	1.77E+07
5	2	2	0	4	3	2.12E+06
5	2	2	0	4	1	1.02E+06
5	2	2	0	5	3	4.05E+07
5	2	2	0	5	1	3.72E+07
5	2	2	0	6	3	3.70E+07
5	2	2	0	6	1	5.00E+07
5	2	2	0	7	3	8.26E+06
5	2	2	0	7	1	2.18E+07
5	2	2	0	8	3	4.05E+05
5	2	2	0	8	1	3.09E+06
5	2	2	0	9	3	2.58E+04
5	2	2	0	9	1	9.16E+03
5	2	2	0	10	3	1.53E+04
5	2	2	0	10	1	4.58E+04
5	2	2	0	11	3	2.56E+04
5	2	2	0	11	1	9.05E+03
5	2	2	0	12	3	9.84E+04
5	2	2	0	12	1	6.15E+04
5	2	2	0	13	3	1.55E+04
5	2	2	0	13	1	1.36E+04
5	2	2	0	14	3	1.48E+01
5	2	2	0	14	1	8.51E+01
5	2	3	0	0	4	4.00E+07
5	2	3	0	0	2	2.89E+07
5	2	3	0	1	4	6.34E+06
5	2	3	0	1	2	4.06E+06
5	2	3	0	2	4	1.73E+07
5	2	3	0	2	2	1.27E+07
5	2	3	0	3	4	2.11E+07
5	2	3	0	3	2	1.53E+07
5	2	3	0	4	4	2.20E+06
5	2	3	0	4	2	9.39E+05
5	2	3	0	5	4	4.46E+07
5	2	3	0	5	2	3.23E+07
5	2	3	0	6	4	4.06E+07
5	2	3	0	6	2	4.47E+07
5	2	3	0	7	4	8.36E+06
5	2	3	0	7	2	2.11E+07
5	2	3	0	8	4	2.50E+05
5	2	3	0	8	2	3.55E+06
5	2	3	0	9	4	1.08E+04
5	2	3	0	9	2	2.85E+04
5	2	3	0	10	4	1.55E+04
5	2	3	0	10	2	5.91E+04
5	2	3	0	11	4	6.05E+04
5	2	3	0	11	2	1.41E+04
5	2	3	0	12	4	2.00E+05
5	2	3	0	12	2	1.43E+05
5	2	3	0	13	4	3.96E+04
5	2	3	0	13	2	4.44E+04
5	2	3	0	14	4	1.20E+02
5	2	3	0	14	2	3.79E+02
5	2	4	0	0	5	3.89E+07
5	2	4	0	0	3	2.87E+07
5	2	4	0	1	5	6.70E+06
5	2	4	0	1	3	3.60E+06
5	2	4	0	2	5	1.65E+07
5	2	4	0	2	3	1.27E+07
5	2	4	0	3	5	2.19E+07
5	2	4	0	3	3	1.40E+07
5	2	4	0	4	5	1.90E+06
5	2	4	0	4	3	1.15E+06
5	2	4	0	5	5	4.65E+07
5	2	4	0	5	3	2.97E+07
5	2	4	0	6	5	4.36E+07
5	2	4	0	6	3	3.93E+07
5	2	4	0	7	5	8.49E+06
5	2	4	0	7	3	1.95E+07
5	2	4	0	8	5	1.08E+05
5	2	4	0	8	3	4.06E+06
5	2	4	0	9	5	1.02E+03
5	2	4	0	9	3	9.31E+04
5	2	4	0	10	5	8.34E+03
5	2	4	0	10	3	5.48E+04
5	2	4	0	11	5	1.27E+05
5	2	4	0	11	3	2.84E+04
5	2	4	0	12	5	4.84E+05
5	2	4	0	12	3	3.22E+05
5	2	4	0	13	5	1.36E+05
5	2	4	0	13	3	1.56E+05
5	2	4	0	14	3	2.30E+03
5	2	5	0	0	6	3.15E+07
5	2	5	0	0	4	3.20E+07
5	2	5	0	1	6	6.40E+06
5	2	5	0	1	4	3.28E+06
5	2	5	0	2	6	1.28E+07
5	2	5	0	2	4	1.47E+07
5	2	5	0	3	6	2.06E+07
5	2	5	0	3	4	1.31E+07
5	2	5	0	4	6	1.06E+06
5	2	5	0	4	4	2.05E+06
5	2	5	0	5	6	4.40E+07
5	2	5	0	5	4	2.84E+07
5	2	5	0	6	6	4.58E+07
5	2	5	0	6	4	3.10E+07
5	2	5	0	7	6	8.77E+06
5	2	5	0	7	4	1.52E+07
5	2	5	0	8	6	2.49E+03
5	2	5	0	8	4	4.43E+06
5	2	5	0	9	6	9.26E+04
5	2	5	0	9	4	3.61E+05
5	2	5	0	10	6	4.21E+01
5	2	5	0	10	4	2.26E+04
5	2	5	0	11	6	3.93E+05
5	2	5	0	11	4	7.73E+04
5	2	5	0	12	6	1.85E+06
5	2	5	0	12	4	1.08E+06
5	2	5	0	13	6	1.01E+06
5	2	5	0	13	4	1.02E+06
5	2	5	0	14	4	9.22E+04


