lambda(um), Cext(cm^2/H), albedo, <cos>, # of angles
   0.65800  4.36696E-23   0.73977   0.51819   161
cos(theta),     S11,               S12,             S33,             S34
-1.0000  1.4950024085E-01  2.0731843829E-18 -1.4950024085E-01  1.4275408890E-18
-0.9875  1.4670079685E-01  2.9934422558E-04 -1.4652916226E-01  1.8914883915E-04
-0.9750  1.4421349676E-01  5.1501884745E-04 -1.4354700047E-01  3.2916864683E-04
-0.9625  1.4201075751E-01  6.4433364502E-04 -1.4055393835E-01  4.2905550117E-04
-0.9500  1.4006816999E-01  6.8623283865E-04 -1.3755062272E-01  4.9644238400E-04
-0.9375  1.3836401438E-01  6.4093827709E-04 -1.3453805526E-01  5.3783016460E-04
-0.9250  1.3687886068E-01  5.0966059857E-04 -1.3151750221E-01  5.5877765380E-04
-0.9125  1.3559523927E-01  2.9436603653E-04 -1.2849041986E-01  5.6405798148E-04
-0.9000  1.3449736906E-01 -2.4112942316E-06 -1.2545839290E-01  5.5778729194E-04
-0.8875  1.3357093277E-01 -3.7772000151E-04 -1.2242308359E-01  5.4353070617E-04
-0.8750  1.3280289093E-01 -8.2831179473E-04 -1.1938618985E-01  5.2438963317E-04
-0.8625  1.3218132755E-01 -1.3507372952E-03 -1.1634941086E-01  5.0307379287E-04
-0.8500  1.3169532169E-01 -1.9414219183E-03 -1.1331441874E-01  4.8196071800E-04
-0.8375  1.3133484030E-01 -2.5967256283E-03 -1.1028283553E-01  4.6314500911E-04
-0.8250  1.3109064836E-01 -3.3129896771E-03 -1.0725621441E-01  4.4847920961E-04
-0.8125  1.3095423315E-01 -4.0865728648E-03 -1.0423602455E-01  4.3960783098E-04
-0.8000  1.3091774017E-01 -4.9138793926E-03 -1.0122363900E-01  4.3799578092E-04
-0.7875  1.3097391850E-01 -5.7913799927E-03 -9.8220325101E-02  4.4495221828E-04
-0.7750  1.3111607380E-01 -6.7156277006E-03 -9.5227237034E-02  4.6165067051E-04
-0.7625  1.3133802774E-01 -7.6832693783E-03 -9.2245410184E-02  4.8914609456E-04
-0.7500  1.3163408259E-01 -8.6910538818E-03 -8.9275756986E-02  5.2838943545E-04
-0.7375  1.3199899002E-01 -9.7358375924E-03 -8.6319064052E-02  5.8024013251E-04
-0.7250  1.3242792343E-01 -1.0814587891E-02 -8.3375990380E-02  6.4547693844E-04
-0.7125  1.3291645317E-01 -1.1924385037E-02 -8.0447066450E-02  7.2480734697E-04
-0.7000  1.3346052419E-01 -1.3062422820E-02 -7.7532694084E-02  8.1887586810E-04
-0.6875  1.3405643566E-01 -1.4226008278E-02 -7.4633146944E-02  9.2827134433E-04
-0.6750  1.3470082230E-01 -1.5412560709E-02 -7.1748571552E-02  1.0535334637E-03
-0.6625  1.3539063717E-01 -1.6619610165E-02 -6.8878988751E-02  1.1951585957E-03
-0.6500  1.3612313565E-01 -1.7844795559E-02 -6.6024295525E-02  1.3536050511E-03
-0.6375  1.3689586053E-01 -1.9085862505E-02 -6.3184267111E-02  1.5292978479E-03
-0.6250  1.3770662802E-01 -2.0340660967E-02 -6.0358559344E-02  1.7226330503E-03
-0.6125  1.3855351461E-01 -2.1607142792E-02 -5.7546711175E-02  1.9339817329E-03
-0.6000  1.3943484468E-01 -2.2883359157E-02 -5.4748147331E-02  2.1636936150E-03
-0.5875  1.4034917876E-01 -2.4167457988E-02 -5.1962181060E-02  2.4121004008E-03
-0.5750  1.4129530252E-01 -2.5457681368E-02 -4.9188016932E-02  2.6795188532E-03
-0.5625  1.4227221621E-01 -2.6752362943E-02 -4.6424753668E-02  2.9662536283E-03
-0.5500  1.4327912481E-01 -2.8049925360E-02 -4.3671386957E-02  3.2725998879E-03
-0.5375  1.4431542858E-01 -2.9348877737E-02 -4.0926812244E-02  3.5988457096E-03
-0.5250  1.4538071419E-01 -3.0647813162E-02 -3.8189827460E-02  3.9452743083E-03
-0.5125  1.4647474630E-01 -3.1945406243E-02 -3.5459135678E-02  4.3121660812E-03
-0.5000  1.4759745966E-01 -3.3240410701E-02 -3.2733347667E-02  4.6998004883E-03
-0.4875  1.4874895159E-01 -3.4531657013E-02 -3.0010984335E-02  5.1084577782E-03
-0.4750  1.4992947496E-01 -3.5818050094E-02 -2.7290479043E-02  5.5384205672E-03
-0.4625  1.5113943161E-01 -3.7098567040E-02 -2.4570179767E-02  5.9899752798E-03
-0.4500  1.5237936617E-01 -3.8372254907E-02 -2.1848351107E-02  6.4634134579E-03
-0.4375  1.5364996030E-01 -3.9638228551E-02 -1.9123176122E-02  6.9590329450E-03
-0.4250  1.5495202740E-01 -4.0895668506E-02 -1.6392757983E-02  7.4771389504E-03
-0.4125  1.5628650760E-01 -4.2143818916E-02 -1.3655121430E-02  8.0180450003E-03
-0.4000  1.5765446332E-01 -4.3381985512E-02 -1.0908214022E-02  8.5820737775E-03
-0.3875  1.5905707510E-01 -4.4609533642E-02 -8.1499071812E-03  9.1695578578E-03
-0.3750  1.6049563787E-01 -4.5825886344E-02 -5.3779970057E-03  9.7808403427E-03
-0.3625  1.6197155760E-01 -4.7030522469E-02 -2.5902048526E-03  1.0416275395E-02
-0.3500  1.6348634839E-01 -4.8222974851E-02  2.1582231904E-04  1.1076228676E-02
-0.3375  1.6504162985E-01 -4.9402828523E-02  3.0425118549E-03  1.1761077696E-02
-0.3250  1.6663912496E-01 -5.0569718985E-02  5.8923655698E-03  1.2471212060E-02
-0.3125  1.6828065825E-01 -5.1723330509E-02  8.7679601772E-03  1.3207033641E-02
-0.3000  1.6996815444E-01 -5.2863394501E-02  1.1671947992E-02  1.3968956646E-02
-0.2875  1.7170363735E-01 -5.3989687894E-02  1.4607057918E-02  1.4757407609E-02
-0.2750  1.7348922934E-01 -5.5102031596E-02  1.7576096717E-02  1.5572825282E-02
-0.2625  1.7532715100E-01 -5.6200288975E-02  2.0581950589E-02  1.6415660449E-02
-0.2500  1.7721972137E-01 -5.7284364381E-02  2.3627587049E-02  1.7286375647E-02
-0.2375  1.7916935843E-01 -5.8354201715E-02  2.6716057122E-02  1.8185444790E-02
-0.2250  1.8117858009E-01 -5.9409783022E-02  2.9850497866E-02  1.9113352714E-02
-0.2125  1.8325000554E-01 -6.0451127127E-02  3.3034135225E-02  2.0070594622E-02
-0.2000  1.8538635702E-01 -6.1478288298E-02  3.6270287231E-02  2.1057675436E-02
-0.1875  1.8759046198E-01 -6.2491354936E-02  3.9562367550E-02  2.2075109049E-02
-0.1750  1.8986525574E-01 -6.3490448290E-02  4.2913889408E-02  2.3123417485E-02
-0.1625  1.9221378452E-01 -6.4475721191E-02  4.6328469877E-02  2.4203129952E-02
-0.1500  1.9463920893E-01 -6.5447356800E-02  4.9809834556E-02  2.5314781785E-02
-0.1375  1.9714480791E-01 -6.6405567371E-02  5.3361822653E-02  2.6458913295E-02
-0.1250  1.9973398316E-01 -6.7350593020E-02  5.6988392467E-02  2.7636068486E-02
-0.1125  2.0241026401E-01 -6.8282700492E-02  6.0693627311E-02  2.8846793675E-02
-0.1000  2.0517731278E-01 -6.9202181926E-02  6.4481741856E-02  3.0091635980E-02
-0.0875  2.0803893067E-01 -7.0109353608E-02  6.8357088939E-02  3.1371141685E-02
-0.0750  2.1099906413E-01 -7.1004554710E-02  7.2324166833E-02  3.2685854480E-02
-0.0625  2.1406181179E-01 -7.1888146005E-02  7.6387627000E-02  3.4036313565E-02
-0.0500  2.1723143188E-01 -7.2760508548E-02  8.0552282345E-02  3.5423051613E-02
-0.0375  2.2051235029E-01 -7.3622042325E-02  8.4823115987E-02  3.6846592591E-02
-0.0250  2.2390916914E-01 -7.4473164850E-02  8.9205290558E-02  3.8307449435E-02
-0.0125  2.2742667599E-01 -7.5314309718E-02  9.3704158066E-02  3.9806121563E-02
-0.0000  2.3106985363E-01 -7.6145925082E-02  9.8325270318E-02  4.1343092234E-02
 0.0125  2.3484389058E-01 -7.6968472070E-02  1.0307438995E-01  4.2918825736E-02
 0.0250  2.3875419217E-01 -7.7782423120E-02  1.0795750208E-01  4.4533764404E-02
 0.0375  2.4280639234E-01 -7.8588260216E-02  1.1298082655E-01  4.6188325460E-02
 0.0500  2.4700636619E-01 -7.9386473036E-02  1.1815083091E-01  4.7882897668E-02
 0.0625  2.5136024322E-01 -8.0177556978E-02  1.2347424405E-01  4.9617837799E-02
 0.0750  2.5587442139E-01 -8.0962011070E-02  1.2895807051E-01  5.1393466893E-02
 0.0875  2.6055558190E-01 -8.1740335745E-02  1.3460960563E-01  5.3210066329E-02
 0.1000  2.6541070488E-01 -8.2513030469E-02  1.4043645139E-01  5.5067873671E-02
 0.1125  2.7044708595E-01 -8.3280591217E-02  1.4644653312E-01  5.6967078311E-02
 0.1250  2.7567235363E-01 -8.4043507769E-02  1.5264811701E-01  5.8907816879E-02
 0.1375  2.8109448775E-01 -8.4802260832E-02  1.5904982853E-01  6.0890168427E-02
 0.1500  2.8672183879E-01 -8.5557318958E-02  1.6566067179E-01  6.2914149380E-02
 0.1625  2.9256314837E-01 -8.6309135258E-02  1.7249004980E-01  6.4979708241E-02
 0.1750  2.9862757065E-01 -8.7058143880E-02  1.7954778582E-01  6.7086720045E-02
 0.1875  3.0492469505E-01 -8.7804756261E-02  1.8684414572E-01  6.9234980570E-02
 0.2000  3.1146457004E-01 -8.8549357103E-02  1.9438986148E-01  7.1424200273E-02
 0.2125  3.1825772823E-01 -8.9292300098E-02  2.0219615587E-01  7.3653997973E-02
 0.2250  3.2531521277E-01 -9.0033903346E-02  2.1027476833E-01  7.5923894249E-02
 0.2375  3.3264860517E-01 -9.0774444476E-02  2.1863798222E-01  7.8233304578E-02
 0.2500  3.4027005455E-01 -9.1514155441E-02  2.2729865341E-01  8.0581532174E-02
 0.2625  3.4819230848E-01 -9.2253216967E-02  2.3627024034E-01  8.2967760552E-02
 0.2750  3.5642874543E-01 -9.2991752643E-02  2.4556683569E-01  8.5391045798E-02
 0.2875  3.6499340902E-01 -9.3729822624E-02  2.5520319960E-01  8.7850308549E-02
 0.3000  3.7390104409E-01 -9.4467416935E-02  2.6519479483E-01  9.0344325669E-02
 0.3125  3.8316713477E-01 -9.5204448343E-02  2.7555782366E-01  9.2871721633E-02
 0.3250  3.9280794469E-01 -9.5940744790E-02  2.8630926692E-01  9.5430959610E-02
 0.3375  4.0284055940E-01 -9.6676041338E-02  2.9746692517E-01  9.8020332240E-02
 0.3500  4.1328293134E-01 -9.7409971632E-02  3.0904946231E-01  1.0063795212E-01
 0.3625  4.2415392729E-01 -9.8142058828E-02  3.2107645166E-01  1.0328174200E-01
 0.3750  4.3547337885E-01 -9.8871705973E-02  3.3356842488E-01  1.0594942463E-01
 0.3875  4.4726213581E-01 -9.9598185804E-02  3.4654692398E-01  1.0863851243E-01
 0.4000  4.5954212302E-01 -1.0032062994E-01  3.6003455650E-01  1.1134629676E-01
 0.4125  4.7233640087E-01 -1.0103801741E-01  3.7405505455E-01  1.1406983700E-01
 0.4250  4.8566922975E-01 -1.0174916255E-01  3.8863333770E-01  1.1680594936E-01
 0.4375  4.9956613900E-01 -1.0245270217E-01  4.0379558044E-01  1.1955119542E-01
 0.4500  5.1405400069E-01 -1.0314708194E-01  4.1956928463E-01  1.2230187045E-01
 0.4625  5.2916110884E-01 -1.0383054207E-01  4.3598335744E-01  1.2505399164E-01
 0.4750  5.4491726471E-01 -1.0450110214E-01  4.5306819570E-01  1.2780328597E-01
 0.4875  5.6135386885E-01 -1.0515654508E-01  4.7085577715E-01  1.3054517811E-01
 0.5000  5.7850402077E-01 -1.0579440028E-01  4.8937975999E-01  1.3327477810E-01
 0.5125  5.9640262733E-01 -1.0641192582E-01  5.0867559147E-01  1.3598686897E-01
 0.5250  6.1508652093E-01 -1.0700608970E-01  5.2878062716E-01  1.3867589427E-01
 0.5375  6.3459458901E-01 -1.0757355012E-01  5.4973426258E-01  1.4133594548E-01
 0.5500  6.5496791659E-01 -1.0811063483E-01  5.7157807900E-01  1.4396074938E-01
 0.5625  6.7624994386E-01 -1.0861331936E-01  5.9435600607E-01  1.4654365509E-01
 0.5750  6.9848664142E-01 -1.0907720426E-01  6.1811450410E-01  1.4907762080E-01
 0.5875  7.2172670613E-01 -1.0949749126E-01  6.4290276969E-01  1.5155519989E-01
 0.6000  7.4602178146E-01 -1.0986895835E-01  6.6877296913E-01  1.5396852586E-01
 0.6125  7.7142670680E-01 -1.1018593357E-01  6.9578050486E-01  1.5630929554E-01
 0.6250  7.9799980154E-01 -1.1044226765E-01  7.2398432198E-01  1.5856874951E-01
 0.6375  8.2580319103E-01 -1.1063130507E-01  7.5344726267E-01  1.6073764815E-01
 0.6500  8.5490318315E-01 -1.1074585351E-01  7.8423647897E-01  1.6280624121E-01
 0.6625  8.8537070663E-01 -1.1077815099E-01  8.1642391634E-01  1.6476422780E-01
 0.6750  9.1728182498E-01 -1.1071983023E-01  8.5008688359E-01  1.6660070225E-01
 0.6875  9.5071834356E-01 -1.1056187907E-01  8.8530872838E-01  1.6830407987E-01
 0.7000  9.8576853187E-01 -1.1029459533E-01  9.2217964223E-01  1.6986199408E-01
 0.7125  1.0225279889E+00 -1.0990753390E-01  9.6079762448E-01  1.7126115310E-01
 0.7250  1.0611006875E+00 -1.0938944249E-01  1.0012696420E+00  1.7248714041E-01
 0.7375  1.1016002418E+00 -1.0872818121E-01  1.0437130299E+00  1.7352413729E-01
 0.7500  1.1441514564E+00 -1.0791061891E-01  1.0882571900E+00  1.7435453835E-01
 0.7625  1.1888922293E+00 -1.0692249647E-01  1.1350456560E+00  1.7495842080E-01
 0.7750  1.2359759021E+00 -1.0574824309E-01  1.1842386131E+00  1.7531281534E-01
 0.7875  1.2855741754E+00 -1.0437072646E-01  1.2360159780E+00  1.7539070909E-01
 0.8000  1.3378807423E+00 -1.0277091035E-01  1.2905811720E+00  1.7515968841E-01
 0.8125  1.3931158307E+00 -1.0092738339E-01  1.3481657516E+00  1.7458010024E-01
 0.8250  1.4515319028E+00 -9.8815710032E-02  1.4090350978E+00  1.7360257192E-01
 0.8375  1.5134208239E+00 -9.6407536881E-02  1.4734954146E+00  1.7216468019E-01
 0.8500  1.5791229013E+00 -9.3669365160E-02  1.5419023443E+00  1.7018649541E-01
 0.8625  1.6490383031E+00 -9.0560869320E-02  1.6146715779E+00  1.6756464443E-01
 0.8750  1.7236415052E+00 -8.7032602095E-02  1.6922919283E+00  1.6416442876E-01
 0.8875  1.8034995919E+00 -8.3022873948E-02  1.7753414395E+00  1.5980939750E-01
 0.9000  1.8892954607E+00 -7.8453526520E-02  1.8645072348E+00  1.5426759918E-01
 0.9125  1.9818572631E+00 -7.3224230688E-02  1.9606099696E+00  1.4723351200E-01
 0.9250  2.0821957746E+00 -6.7204824329E-02  2.0646339441E+00  1.3830436580E-01
 0.9375  2.1915518390E+00 -6.0225055213E-02  2.1777641737E+00  1.2694920415E-01
 0.9500  2.3114566046E+00 -5.2060901320E-02  2.3014319955E+00  1.1246857204E-01
 0.9625  2.4438079928E+00 -4.2416392028E-02  2.4373711456E+00  9.3942126202E-02
 0.9750  2.5909677465E+00 -3.0899533949E-02  2.5876866596E+00  7.0160721355E-02
 0.9875  2.7558845493E+00 -1.6990535468E-02  2.7549394636E+00  3.9538584208E-02
 1.0000  2.9422501445E+00  0.0000000000E+00  2.9422501445E+00  1.0002819027E-17
