lambda(um), Cext(cm^2/H), albedo, <cos>, # of angles
   0.80600  3.15986E-23   0.70910   0.47195   161
cos(theta),     S11,               S12,             S33,             S34
-1.0000  1.7843186055E-01 -4.4505643091E-19 -1.7843186055E-01  7.0809027689E-19
-0.9875  1.7514883375E-01 -1.3199334614E-03 -1.7502833775E-01  2.3213130018E-04
-0.9750  1.7219051702E-01 -2.5641025614E-03 -1.7172294002E-01  3.8260486701E-04
-0.9625  1.6952535899E-01 -3.7473863637E-03 -1.6850351119E-01  4.6786364620E-04
-0.9500  1.6712574554E-01 -4.8823233912E-03 -1.6535922448E-01  5.0209252738E-04
-0.9375  1.6496746836E-01 -5.9794624687E-03 -1.6228043050E-01  4.9752783119E-04
-0.9250  1.6302926733E-01 -7.0476624533E-03 -1.5925852341E-01  4.6472371170E-04
-0.9125  1.6129243675E-01 -8.0943480158E-03 -1.5628582267E-01  4.1278144913E-04
-0.9000  1.5974048643E-01 -9.1257276817E-03 -1.5335546867E-01  3.4954680014E-04
-0.8875  1.5835885018E-01 -1.0146979508E-02 -1.5046133013E-01  2.8177987030E-04
-0.8750  1.5713463495E-01 -1.1162409044E-02 -1.4759792220E-01  2.1530136226E-04
-0.8625  1.5605640512E-01 -1.2175583585E-02 -1.4476033355E-01  1.5511852325E-04
-0.8500  1.5511399682E-01 -1.3189446179E-02 -1.4194416169E-01  1.0553365543E-04
-0.8375  1.5429835819E-01 -1.4206412371E-02 -1.3914545528E-01  7.0237653893E-05
-0.8250  1.5360141181E-01 -1.5228452227E-02 -1.3636066271E-01  5.2390692700E-05
-0.8125  1.5301593620E-01 -1.6257159851E-02 -1.3358658624E-01  5.4691880383E-05
-0.8000  1.5253546376E-01 -1.7293812267E-02 -1.3082034091E-01  7.9439449214E-05
-0.7875  1.5215419260E-01 -1.8339419273E-02 -1.2805931790E-01  1.2858281995E-04
-0.7750  1.5186691056E-01 -1.9394765652E-02 -1.2530115158E-01  2.0376769222E-04
-0.7625  1.5166892941E-01 -2.0460446904E-02 -1.2254369004E-01  3.0637514576E-04
-0.7500  1.5155602800E-01 -2.1536899496E-02 -1.1978496861E-01  4.3755559575E-04
-0.7375  1.5152440295E-01 -2.2624426481E-02 -1.1702318604E-01  5.9825832371E-04
-0.7250  1.5157062592E-01 -2.3723219206E-02 -1.1425668312E-01  7.8925720077E-04
-0.7125  1.5169160638E-01 -2.4833375720E-02 -1.1148392343E-01  1.0111731304E-03
-0.7000  1.5188455934E-01 -2.5954916385E-02 -1.0870347590E-01  1.2644936614E-03
-0.6875  1.5214697710E-01 -2.7087797143E-02 -1.0591399920E-01  1.5495901546E-03
-0.6750  1.5247660464E-01 -2.8231920792E-02 -1.0311422759E-01  1.8667328346E-03
-0.6625  1.5287141810E-01 -2.9387146588E-02 -1.0030295807E-01  2.2161040039E-03
-0.6500  1.5332960593E-01 -3.0553298425E-02 -9.7479038855E-02  2.5978096626E-03
-0.6375  1.5384955236E-01 -3.1730171817E-02 -9.4641358820E-02  3.0118897363E-03
-0.6250  1.5442982286E-01 -3.2917539862E-02 -9.1788837982E-02  3.4583270900E-03
-0.6125  1.5506915143E-01 -3.4115158343E-02 -8.8920418810E-02  3.9370554771E-03
-0.6000  1.5576642936E-01 -3.5322770087E-02 -8.6035058308E-02  4.4479665525E-03
-0.5875  1.5652069541E-01 -3.6540108701E-02 -8.3131720787E-02  4.9909160623E-03
-0.5750  1.5733112709E-01 -3.7766901764E-02 -8.0209371236E-02  5.5657293035E-03
-0.5625  1.5819703313E-01 -3.9002873556E-02 -7.7266969232E-02  6.1722059375E-03
-0.5500  1.5911784675E-01 -4.0247747384E-02 -7.4303463337E-02  6.8101242289E-03
-0.5375  1.6009311984E-01 -4.1501247558E-02 -7.1317785907E-02  7.4792447704E-03
-0.5250  1.6112251791E-01 -4.2763101061E-02 -6.8308848278E-02  8.1793137480E-03
-0.5125  1.6220581562E-01 -4.4033038955E-02 -6.5275536285E-02  8.9100657952E-03
-0.5000  1.6334289300E-01 -4.5310797547E-02 -6.2216706062E-02  9.6712264745E-03
-0.4875  1.6453373219E-01 -4.6596119341E-02 -5.9131180096E-02  1.0462514425E-02
-0.4750  1.6577841467E-01 -4.7888753807E-02 -5.6017743504E-02  1.1283643210E-02
-0.4625  1.6707711893E-01 -4.9188457982E-02 -5.2875140498E-02  1.2134322882E-02
-0.4500  1.6843011864E-01 -5.0494996913E-02 -4.9702071012E-02  1.3014261311E-02
-0.4375  1.6983778105E-01 -5.1808143967E-02 -4.6497187472E-02  1.3923165281E-02
-0.4250  1.7130056588E-01 -5.3127681011E-02 -4.3259091682E-02  1.4860741377E-02
-0.4125  1.7281902449E-01 -5.4453398477E-02 -3.9986331816E-02  1.5826696691E-02
-0.4000  1.7439379932E-01 -5.5785095323E-02 -3.6677399482E-02  1.6820739359E-02
-0.3875  1.7602562362E-01 -5.7122578893E-02 -3.3330726865E-02  1.7842578934E-02
-0.3750  1.7771532149E-01 -5.8465664687E-02 -2.9944683909E-02  1.8891926631E-02
-0.3625  1.7946380811E-01 -5.9814176045E-02 -2.6517575555E-02  1.9968495428E-02
-0.3500  1.8127209018E-01 -6.1167943752E-02 -2.3047638989E-02  2.1072000060E-02
-0.3375  1.8314126666E-01 -6.2526805568E-02 -1.9533040922E-02  2.2202156909E-02
-0.3250  1.8507252960E-01 -6.3890605689E-02 -1.5971874872E-02  2.3358683780E-02
-0.3125  1.8706716529E-01 -6.5259194141E-02 -1.2362158443E-02  2.4541299612E-02
-0.3000  1.8912655543E-01 -6.6632426106E-02 -8.7018305981E-03  2.5749724088E-02
-0.2875  1.9125217865E-01 -6.8010161198E-02 -4.9887489121E-03  2.6983677186E-02
-0.2750  1.9344561204E-01 -6.9392262672E-02 -1.2206868010E-03  2.8242878658E-02
-0.2625  1.9570853293E-01 -7.0778596581E-02  2.6046692811E-03  2.9527047449E-02
-0.2500  1.9804272081E-01 -7.2169030881E-02  6.4897226833E-03  3.0835901067E-02
-0.2375  2.0045005937E-01 -7.3563434484E-02  1.0436969444E-02  3.2169154899E-02
-0.2250  2.0293253869E-01 -7.4961676256E-02  1.4449001229E-02  3.3526521485E-02
-0.2125  2.0549225761E-01 -7.6363623970E-02  1.8528508327E-02  3.4907709754E-02
-0.2000  2.0813142617E-01 -7.7769143215E-02  2.2678282703E-02  3.6312424226E-02
-0.1875  2.1085236827E-01 -7.9178096242E-02  2.6901221135E-02  3.7740364172E-02
-0.1750  2.1365752440E-01 -8.0590340782E-02  3.1200328407E-02  3.9191222762E-02
-0.1625  2.1654945451E-01 -8.2005728801E-02  3.5578720602E-02  4.0664686173E-02
-0.1500  2.1953084109E-01 -8.3424105218E-02  4.0039628468E-02  4.2160432679E-02
-0.1375  2.2260449227E-01 -8.4845306571E-02  4.4586400890E-02  4.3678131724E-02
-0.1250  2.2577334518E-01 -8.6269159634E-02  4.9222508454E-02  4.5217442968E-02
-0.1125  2.2904046936E-01 -8.7695479996E-02  5.3951547122E-02  4.6778015327E-02
-0.1000  2.3240907037E-01 -8.9124070575E-02  5.8777242024E-02  4.8359485985E-02
-0.0875  2.3588249353E-01 -9.0554720102E-02  6.3703451367E-02  4.9961479405E-02
-0.0750  2.3946422782E-01 -9.1987201539E-02  6.8734170472E-02  5.1583606318E-02
-0.0625  2.4315790992E-01 -9.3421270454E-02  7.3873535958E-02  5.3225462707E-02
-0.0500  2.4696732848E-01 -9.4856663346E-02  7.9125830064E-02  5.4886628775E-02
-0.0375  2.5089642845E-01 -9.6293095909E-02  8.4495485120E-02  5.6566667907E-02
-0.0250  2.5494931571E-01 -9.7730261248E-02  8.9987088199E-02  5.8265125625E-02
-0.0125  2.5913026183E-01 -9.9167828037E-02  9.5605385926E-02  5.9981528530E-02
-0.0000  2.6344370900E-01 -1.0060543862E-01  1.0135528948E-01  6.1715383238E-02
 0.0125  2.6789427524E-01 -1.0204270705E-01  1.0724187980E-01  6.3466175312E-02
 0.0250  2.7248675979E-01 -1.0347921706E-01  1.1327041298E-01  6.5233368188E-02
 0.0375  2.7722614869E-01 -1.0491452001E-01  1.1944632589E-01  6.7016402087E-02
 0.0500  2.8211762073E-01 -1.0634813271E-01  1.2577524206E-01  6.8814692934E-02
 0.0625  2.8716655350E-01 -1.0777953521E-01  1.3226297779E-01  7.0627631267E-02
 0.0750  2.9237852984E-01 -1.0920816852E-01  1.3891554854E-01  7.2454581139E-02
 0.0875  2.9775934454E-01 -1.1063343226E-01  1.4573917556E-01  7.4294879028E-02
 0.1000  3.0331501132E-01 -1.1205468221E-01  1.5274029296E-01  7.6147832735E-02
 0.1125  3.0905177019E-01 -1.1347122782E-01  1.5992555491E-01  7.8012720290E-02
 0.1250  3.1497609516E-01 -1.1488232962E-01  1.6730184341E-01  7.9888788859E-02
 0.1375  3.2109470230E-01 -1.1628719654E-01  1.7487627625E-01  8.1775253649E-02
 0.1500  3.2741455820E-01 -1.1768498317E-01  1.8265621553E-01  8.3671296828E-02
 0.1625  3.3394288894E-01 -1.1907478690E-01  1.9064927655E-01  8.5576066445E-02
 0.1750  3.4068718943E-01 -1.2045564499E-01  1.9886333714E-01  8.7488675368E-02
 0.1875  3.4765523333E-01 -1.2182653155E-01  2.0730654766E-01  8.9408200230E-02
 0.2000  3.5485508346E-01 -1.2318635439E-01  2.1598734139E-01  9.1333680397E-02
 0.2125  3.6229510282E-01 -1.2453395182E-01  2.2491444566E-01  9.3264116960E-02
 0.2250  3.6998396627E-01 -1.2586808929E-01  2.3409689364E-01  9.5198471739E-02
 0.2375  3.7793067285E-01 -1.2718745595E-01  2.4354403678E-01  9.7135666334E-02
 0.2500  3.8614455889E-01 -1.2849066112E-01  2.5326555822E-01  9.9074581199E-02
 0.2625  3.9463531190E-01 -1.2977623062E-01  2.6327148694E-01  1.0101405476E-01
 0.2750  4.0341298537E-01 -1.3104260296E-01  2.7357221299E-01  1.0295288255E-01
 0.2875  4.1248801459E-01 -1.3228812547E-01  2.8417850380E-01  1.0488981647E-01
 0.3000  4.2187123344E-01 -1.3351105027E-01  2.9510152166E-01  1.0682356398E-01
 0.3125  4.3157389243E-01 -1.3470953012E-01  3.0635284262E-01  1.0875278743E-01
 0.3250  4.4160767806E-01 -1.3588161414E-01  3.1794447678E-01  1.1067610342E-01
 0.3375  4.5198473352E-01 -1.3702524345E-01  3.2988889039E-01  1.1259208222E-01
 0.3500  4.6271768111E-01 -1.3813824662E-01  3.4219902973E-01  1.1449924718E-01
 0.3625  4.7381964632E-01 -1.3921833501E-01  3.5488834713E-01  1.1639607428E-01
 0.3750  4.8530428397E-01 -1.4026309800E-01  3.6797082939E-01  1.1828099154E-01
 0.3875  4.9718580655E-01 -1.4126999808E-01  3.8146102883E-01  1.2015237859E-01
 0.4000  5.0947901502E-01 -1.4223636581E-01  3.9537409738E-01  1.2200856608E-01
 0.4125  5.2219933246E-01 -1.4315939463E-01  4.0972582415E-01  1.2384783504E-01
 0.4250  5.3536284088E-01 -1.4403613556E-01  4.2453267677E-01  1.2566841603E-01
 0.4375  5.4898632160E-01 -1.4486349174E-01  4.3981184729E-01  1.2746848812E-01
 0.4500  5.6308729978E-01 -1.4563821281E-01  4.5558130302E-01  1.2924617736E-01
 0.4625  5.7768409358E-01 -1.4635688914E-01  4.7185984316E-01  1.3099955487E-01
 0.4750  5.9279586864E-01 -1.4701594586E-01  4.8866716192E-01  1.3272663405E-01
 0.4875  6.0844269879E-01 -1.4761163669E-01  5.0602391930E-01  1.3442536683E-01
 0.5000  6.2464563367E-01 -1.4814003744E-01  5.2395182027E-01  1.3609363863E-01
 0.5125  6.4142677465E-01 -1.4859703925E-01  5.4247370400E-01  1.3772926147E-01
 0.5250  6.5880936008E-01 -1.4897834137E-01  5.6161364430E-01  1.3932996486E-01
 0.5375  6.7681786147E-01 -1.4927944343E-01  5.8139706309E-01  1.4089338363E-01
 0.5500  6.9547809249E-01 -1.4949563695E-01  6.0185085887E-01  1.4241704208E-01
 0.5625  7.1481733262E-01 -1.4962199598E-01  6.2300355242E-01  1.4389833314E-01
 0.5750  7.3486446828E-01 -1.4965336659E-01  6.4488545222E-01  1.4533449154E-01
 0.5875  7.5565015402E-01 -1.4958435468E-01  6.6752884289E-01  1.4672255916E-01
 0.6000  7.7720699758E-01 -1.4940931187E-01  6.9096819978E-01  1.4805934072E-01
 0.6125  7.9956977268E-01 -1.4912231871E-01  7.1524043400E-01  1.4934134745E-01
 0.6250  8.2277566454E-01 -1.4871716447E-01  7.4038517244E-01  1.5056472562E-01
 0.6375  8.4686455393E-01 -1.4818732254E-01  7.6644507808E-01  1.5172516656E-01
 0.6500  8.7187934655E-01 -1.4752592014E-01  7.9346621688E-01  1.5281779360E-01
 0.6625  8.9786635581E-01 -1.4672570092E-01  8.2149847823E-01  1.5383702070E-01
 0.6750  9.2487574886E-01 -1.4577897825E-01  8.5059605733E-01  1.5477637629E-01
 0.6875  9.5296206702E-01 -1.4467757694E-01  8.8081800884E-01  1.5562828446E-01
 0.7000  9.8218483432E-01 -1.4341276029E-01  9.1222888267E-01  1.5638379411E-01
 0.7125  1.0126092702E+00 -1.4197513860E-01  9.4489945453E-01  1.5703224451E-01
 0.7250  1.0443071251E+00 -1.4035455460E-01  9.7890756543E-01  1.5756085370E-01
 0.7375  1.0773576623E+00 -1.3853993999E-01  1.0143390869E+00  1.5795421302E-01
 0.7500  1.1118488111E+00 -1.3651913598E-01  1.0512890306E+00  1.5819366808E-01
 0.7625  1.1478785249E+00 -1.3427866928E-01  1.0898628245E+00  1.5825656226E-01
 0.7750  1.1855563798E+00 -1.3180347294E-01  1.1301777798E+00  1.5811531439E-01
 0.7875  1.2250054593E+00 -1.2907653915E-01  1.1723647783E+00  1.5773629645E-01
 0.8000  1.2663645756E+00 -1.2607848843E-01  1.2165702118E+00  1.5707847090E-01
 0.8125  1.3097908917E+00 -1.2278703617E-01  1.2629582113E+00  1.5609173898E-01
 0.8250  1.3554630145E+00 -1.1917633365E-01  1.3117132097E+00  1.5471494267E-01
 0.8375  1.4035846473E+00 -1.1521615577E-01  1.3630428850E+00  1.5287345161E-01
 0.8500  1.4543889011E+00 -1.1087090210E-01  1.4171815411E+00  1.5047625384E-01
 0.8625  1.5081433858E+00 -1.0609837097E-01  1.4743939896E+00  1.4741245384E-01
 0.8750  1.5651562223E+00 -1.0084825842E-01  1.5349800049E+00  1.4354706368E-01
 0.8875  1.6257831403E+00 -9.5060323964E-02  1.5992794339E+00  1.3871595217E-01
 0.9000  1.6904358581E+00 -8.8662153822E-02  1.6676780571E+00  1.3271979211E-01
 0.9125  1.7595919745E+00 -8.1566438738E-02  1.7406143035E+00  1.2531681712E-01
 0.9250  1.8338066421E+00 -7.3667667376E-02  1.8185869448E+00  1.1621416541E-01
 0.9375  1.9137263395E+00 -6.4838117311E-02  1.9021639031E+00  1.0505754821E-01
 0.9500  2.0001051152E+00 -5.4923003183E-02  1.9919923292E+00  9.1418934174E-02
 0.9625  2.0938237402E+00 -4.3734615080E-02  2.0888101289E+00  7.4781886471E-02
 0.9750  2.1959122809E+00 -3.1045248978E-02  2.1934591354E+00  5.4524125799E-02
 0.9875  2.3075766942E+00 -1.6578694253E-02  2.3069001557E+00  2.9896818226E-02
 1.0000  2.4302301454E+00  0.0000000000E+00  2.4302301454E+00 -4.5648135550E-18
