lambda(um), Cext(cm^2/H), albedo, <cos>, # of angles
   0.23000  3.75292E-22   0.43885   0.56907   161
cos(theta),     S11,               S12,             S33,             S34
-1.0000  3.8631764893E-01 -2.0969745434E-18 -3.8631764893E-01 -2.9753969057E-18
-0.9875  2.9856675798E-01 -2.8489034821E-03 -2.9561573947E-01  2.7675116311E-02
-0.9750  2.3811900594E-01 -2.4576054590E-03 -2.2818327783E-01  4.3661806375E-02
-0.9625  1.9688987302E-01 -1.9856718936E-04 -1.7796257855E-01  5.1640425022E-02
-0.9500  1.6910333768E-01  3.0200412273E-03 -1.4044376705E-01  5.4256859768E-02
-0.9375  1.5065203776E-01  6.6105703950E-03 -1.1228007360E-01  5.3395442206E-02
-0.9250  1.3862950138E-01  1.0204415237E-02 -9.0996267028E-02  5.0383420484E-02
-0.9125  1.3098966703E-01  1.3580814655E-02 -7.4767963241E-02  4.6143227594E-02
-0.9000  1.2630026902E-01  1.6617331695E-02 -6.2254912928E-02  4.1305170297E-02
-0.8875  1.2356512166E-01  1.9255784317E-02 -5.2475409987E-02  3.6290304408E-02
-0.8750  1.2209669176E-01  2.1479090072E-02 -4.4712011268E-02  3.1371005735E-02
-0.8625  1.2142514478E-01  2.3295728743E-02 -3.8441070389E-02  2.6714972897E-02
-0.8500  1.2123367079E-01  2.4729447489E-02 -3.3280347396E-02  2.2417012158E-02
-0.8375  1.2131262179E-01  2.5812517673E-02 -2.8950298220E-02  1.8521877390E-02
-0.8250  1.2152703379E-01  2.6581359227E-02 -2.5245674966E-02  1.5040606991E-02
-0.8125  1.2179362540E-01  2.7073719334E-02 -2.2014856135E-02  1.1962162984E-02
-0.8000  1.2206448463E-01  2.7326859430E-02 -1.9144932142E-02  9.2616941872E-03
-0.7875  1.2231547300E-01  2.7376393252E-02 -1.6551039143E-02  6.9063819234E-03
-0.7750  1.2253796623E-01  2.7255548497E-02 -1.4168795560E-02  4.8595564797E-03
-0.7625  1.2273297076E-01  2.6994711405E-02 -1.1948975507E-02  3.0835739262E-03
-0.7500  1.2290695095E-01  2.6621169174E-02 -9.8537699876E-03  1.5417989883E-03
-0.7375  1.2306890563E-01  2.6158999151E-02 -7.8541544796E-03  1.9993688036E-04
-0.7250  1.2322837201E-01  2.5629073038E-02 -5.9280110214E-03 -9.7311517214E-04
-0.7125  1.2339412760E-01  2.5049154424E-02 -4.0587524021E-03 -2.0047758139E-03
-0.7000  1.2357342270E-01  2.4434072243E-02 -2.2342719503E-03 -2.9185597065E-03
-0.6875  1.2377161592E-01  2.3795954209E-02 -4.4609961884E-04 -3.7340653195E-03
-0.6750  1.2399211212E-01  2.3144504310E-02  1.3113124899E-03 -4.4671205930E-03
-0.6625  1.2423652007E-01  2.2487308385E-02  3.0412212172E-03 -5.1300465023E-03
-0.6500  1.2450496014E-01  2.1830152076E-02  4.7451644859E-03 -5.7320051950E-03
-0.6375  1.2479646301E-01  2.1177336422E-02  6.4234843988E-03 -6.2794041393E-03
-0.6250  1.2510940900E-01  2.0531977999E-02  8.0758021881E-03 -6.7763314994E-03
-0.6125  1.2544196650E-01  1.9896282734E-02  9.7014409970E-03 -7.2250012564E-03
-0.6000  1.2579249591E-01  1.9271785200E-02  1.1299790583E-02 -7.6261897498E-03
-0.5875  1.2615989378E-01  1.8659548024E-02  1.2870608242E-02 -7.9796484448E-03
-0.5750  1.2654385961E-01  1.8060318905E-02  1.4414251858E-02 -8.2844808732E-03
-0.5625  1.2694507512E-01  1.7474645423E-02  1.5931843330E-02 -8.5394748211E-03
-0.5500  1.2736529267E-01  1.6902950153E-02  1.7425363408E-02 -8.7433838552E-03
-0.5375  1.2780733553E-01  1.6345570527E-02  1.8897681602E-02 -8.8951551274E-03
-0.5250  1.2827501743E-01  1.5802769317E-02  2.0352527361E-02 -8.9941029772E-03
-0.5125  1.2877299328E-01  1.5274722507E-02  2.1794410679E-02 -9.0400301005E-03
-0.5000  1.2930655527E-01  1.4761491748E-02  2.3228501809E-02 -9.0332999241E-03
-0.4875  1.2988139077E-01  1.4262988504E-02  2.4660480692E-02 -8.9748652816E-03
-0.4750  1.3050331888E-01  1.3778936534E-02  2.6096367012E-02 -8.8662595253E-03
-0.4625  1.3117802249E-01  1.3308838556E-02  2.7542341632E-02 -8.7095568429E-03
-0.4500  1.3191079135E-01  1.2851951869E-02  2.9004569466E-02 -8.5073087945E-03
-0.4375  1.3270629022E-01  1.2407276509E-02  3.0489032758E-02 -8.2624640015E-03
-0.4250  1.3356836370E-01  1.1973558201E-02  3.2001382364E-02 -7.9782775418E-03
-0.4125  1.3449988674E-01  1.1549307082E-02  3.3546813024E-02 -7.6582159941E-03
-0.4000  1.3550266689E-01  1.1132831934E-02  3.5129966883E-02 -7.3058632976E-03
-0.3875  1.3657740166E-01  1.0722288563E-02  3.6754867772E-02 -6.9248316910E-03
-0.3750  1.3772369115E-01  1.0315740033E-02  3.8424887050E-02 -6.5186810452E-03
-0.3625  1.3894010385E-01  9.9112257083E-03  4.0142740234E-02 -6.0908489391E-03
-0.3500  1.4022429075E-01  9.5068355870E-03  4.1910512228E-02 -5.6445929020E-03
-0.3375  1.4157314128E-01  9.1007860831E-03  4.3729707813E-02 -5.1829453985E-03
-0.3250  1.4298297267E-01  8.6914933926E-03  4.5601323111E-02 -4.7086813798E-03
-0.3125  1.4444974348E-01  8.2776407096E-03  4.7525933107E-02 -4.2242976056E-03
-0.3000  1.4596928115E-01  7.8582359049E-03  4.9503789953E-02 -3.7320024503E-03
-0.2875  1.4753751351E-01  7.4326567757E-03  5.1534926661E-02 -3.2337145666E-03
-0.2750  1.4915069400E-01  7.0006815996E-03  5.3619260965E-02 -2.7310685690E-03
-0.2625  1.5080561153E-01  6.5625034345E-03  5.5756694518E-02 -2.2254258350E-03
-0.2500  1.5249977632E-01  6.1187273753E-03  5.7947203144E-02 -1.7178885601E-03
-0.2375  1.5423157480E-01  5.6703507563E-03  6.0190914614E-02 -1.2093153593E-03
-0.2250  1.5600038783E-01  5.2187270509E-03  6.2488171247E-02 -7.0033693615E-04
-0.2125  1.5780666830E-01  4.7655149310E-03  6.4839575535E-02 -1.9137063453E-04
-0.2000  1.5965197589E-01  4.3126145821E-03  6.7246017931E-02  3.1736697751E-04
-0.1875  1.6153896845E-01  3.8620938994E-03  6.9708686847E-02  8.2584999380E-04
-0.1750  1.6347135117E-01  3.4161076035E-03  7.2229061767E-02  1.3342356798E-03
-0.1625  1.6545378646E-01  2.9768125894E-03  7.4808891157E-02  1.8428594356E-03
-0.1500  1.6749176872E-01  2.5462829659E-03  7.7450157487E-02  2.3522317544E-03
-0.1375  1.6959146946E-01  2.1264282366E-03  8.0155032239E-02  2.8630364843E-03
-0.1250  1.7175955931E-01  1.7189179351E-03  8.2925824086E-02  3.3761295264E-03
-0.1125  1.7400301410E-01  1.3251157620E-03  8.5764923695E-02  3.8925369985E-03
-0.1000  1.7632891286E-01  9.4602588132E-04  8.8674748591E-02  4.4134518563E-03
-0.0875  1.7874423533E-01  5.8225355484E-04  9.1657691454E-02  4.9402280024E-03
-0.0750  1.8125566707E-01  2.3398172696E-04  9.4716074961E-02  5.4743710145E-03
-0.0625  1.8386941938E-01 -9.9035449128E-05  9.7852115858E-02  6.0175247879E-03
-0.0500  1.8659107088E-01 -4.1746180974E-04  1.0106790053E-01  6.5714536018E-03
-0.0375  1.8942543673E-01 -7.2235143764E-04  1.0436537368E-01  7.1380193722E-03
-0.0250  1.9237647040E-01 -1.0151049668E-03  1.0774634118E-01  7.7191541357E-03
-0.0125  1.9544720174E-01 -1.2974115434E-03  1.1121248743E-01  8.3168281063E-03
-0.0000  1.9863971384E-01 -1.5711786148E-03  1.1476540693E-01  8.9330139361E-03
 0.0125  2.0195515978E-01 -1.8384522008E-03  1.1840664910E-01  9.5696480946E-03
 0.0250  2.0539381909E-01 -2.1013306964E-03  1.2213777497E-01  1.0228590529E-02
 0.0375  2.0895519221E-01 -2.3618755376E-03  1.2596042356E-01  1.0911583977E-02
 0.0500  2.1263813023E-01 -2.6220222288E-03  1.2987638557E-01  1.1620214460E-02
 0.0625  2.1644099570E-01 -2.8834952715E-03  1.3388768187E-01  1.2355874580E-02
 0.0750  2.2036184961E-01 -3.1477304526E-03  1.3799664353E-01  1.3119731261E-02
 0.0875  2.2439865844E-01 -3.4158077346E-03  1.4220599082E-01  1.3912699552E-02
 0.1000  2.2854951472E-01 -3.6883976626E-03  1.4651890817E-01  1.4735423949E-02
 0.1125  2.3281286411E-01 -3.9657237555E-03  1.5093911238E-01  1.5588268542E-02
 0.1250  2.3718773166E-01 -4.2475428073E-03  1.5547091198E-01  1.6471316997E-02
 0.1375  2.4167394003E-01 -4.5331443945E-03  1.6011925558E-01  1.7384383070E-02
 0.1500  2.4627231256E-01 -4.8213701918E-03  1.6488976800E-01  1.8327031987E-02
 0.1625  2.5098485492E-01 -5.1106529622E-03  1.6978877326E-01  1.9298612589E-02
 0.1750  2.5581490919E-01 -5.3990743263E-03  1.7482330413E-01  2.0298299715E-02
 0.1875  2.6076727576E-01 -5.6844396597E-03  1.8000109853E-01  2.1325145854E-02
 0.2000  2.6584829887E-01 -5.9643677436E-03  1.8533058390E-01  2.2378140649E-02
 0.2125  2.7106591335E-01 -6.2363921199E-03  1.9082085063E-01  2.3456276448E-02
 0.2250  2.7642965100E-01 -6.4980705126E-03  1.9648161672E-01  2.4558617736E-02
 0.2375  2.8195060673E-01 -6.7470981928E-03  2.0232318580E-01  2.5684371978E-02
 0.2500  2.8764136562E-01 -6.9814208055E-03  2.0835640110E-01  2.6832959225E-02
 0.2625  2.9351589390E-01 -7.1993419716E-03  2.1459259804E-01  2.8004077712E-02
 0.2750  2.9958939769E-01 -7.3996209297E-03  2.2104355826E-01  2.9197762678E-02
 0.2875  3.0587815493E-01 -7.5815556209E-03  2.2772146768E-01  3.0414435796E-02
 0.3000  3.1239932683E-01 -7.7450469395E-03  2.3463888131E-01  3.1654942811E-02
 0.3125  3.1917075633E-01 -7.8906403827E-03  2.4180869687E-01  3.2920577405E-02
 0.3250  3.2621076149E-01 -8.0195420286E-03  2.4924413940E-01  3.4213089780E-02
 0.3375  3.3353793279E-01 -8.1336066448E-03  2.5695875842E-01  3.5534679065E-02
 0.3500  3.4117094320E-01 -8.2352967626E-03  2.6496643897E-01  3.6887969349E-02
 0.3625  3.4912838031E-01 -8.3276127156E-03  2.7328142764E-01  3.8275969913E-02
 0.3750  3.5742860957E-01 -8.4139949124E-03  2.8191837430E-01  3.9702021017E-02
 0.3875  3.6608967763E-01 -8.4982009436E-03  2.9089239043E-01  4.1169727409E-02
 0.4000  3.7512926378E-01 -8.5841614658E-03  3.0021912468E-01  4.2682882453E-02
 0.4125  3.8456468734E-01 -8.6758201129E-03  3.0991485687E-01  4.4245386474E-02
 0.4250  3.9441297768E-01 -8.7769638826E-03  3.1999661174E-01  4.5861163394E-02
 0.4375  4.0469101250E-01 -8.8910514825E-03  3.3048229463E-01  4.7534080110E-02
 0.4500  4.1541572925E-01 -9.0210479109E-03  3.4139085189E-01  4.9267873164E-02
 0.4625  4.2660441291E-01 -9.1692740310E-03  3.5274245974E-01  5.1066087076E-02
 0.4750  4.3827506246E-01 -9.3372799977E-03  3.6455874639E-01  5.2932028271E-02
 0.4875  4.5044683688E-01 -9.5257510508E-03  3.7686305308E-01  5.4868737744E-02
 0.5000  4.6314058032E-01 -9.7344533330E-03  3.8968074069E-01  5.6878984529E-02
 0.5125  4.7637942452E-01 -9.9622259920E-03  4.0303954889E-01  5.8965280673E-02
 0.5250  4.9018946528E-01 -1.0207023842E-02  4.1697001557E-01  6.1129916857E-02
 0.5375  5.0460050846E-01 -1.0466012293E-02  4.3150596347E-01  6.3375016132E-02
 0.5500  5.1964687919E-01 -1.0735713143E-02  4.4668506036E-01  6.5702601593E-02
 0.5625  5.3536828692E-01 -1.1012196187E-02  4.6254945754E-01  6.8114672434E-02
 0.5750  5.5181073709E-01 -1.1291307579E-02  4.7914650888E-01  7.0613281907E-02
 0.5875  5.6902747946E-01 -1.1568921619E-02  4.9652956988E-01  7.3200610615E-02
 0.6000  5.8707998176E-01 -1.1841198269E-02  5.1475887294E-01  7.5879029574E-02
 0.6125  6.0603891801E-01 -1.2104824610E-02  5.3390247161E-01  7.8651150124E-02
 0.6250  6.2598516178E-01 -1.2357214885E-02  5.5403724490E-01  8.1519862306E-02
 0.6375  6.4701077906E-01 -1.2596641166E-02  5.7524995248E-01  8.4488370360E-02
 0.6500  6.6922002326E-01 -1.2822265638E-02  5.9763833631E-01  8.7560243854E-02
 0.6625  6.9273034908E-01 -1.3034046581E-02  6.2131227588E-01  9.0739515908E-02
 0.6750  7.1767348547E-01 -1.3232494182E-02  6.4639502701E-01  9.4030876170E-02
 0.6875  7.4419664553E-01 -1.3418260205E-02  6.7302461404E-01  9.7440025195E-02
 0.7000  7.7246400863E-01 -1.3591558192E-02  7.0135550994E-01  1.0097427767E-01
 0.7125  8.0265869742E-01 -1.3751428945E-02  7.3156083923E-01  1.0464352219E-01
 0.7250  8.3498560088E-01 -1.3894889724E-02  7.6383548908E-01  1.0846166073E-01
 0.7375  8.6967558308E-01 -1.4016033537E-02  7.9840073350E-01  1.1244865461E-01
 0.7500  9.0699188762E-01 -1.4105173602E-02  8.3551128692E-01  1.1663328375E-01
 0.7625  9.4723993184E-01 -1.4148149911E-02  8.7546613455E-01  1.2105666557E-01
 0.7750  9.9078222031E-01 -1.4125917830E-02  9.1862506447E-01  1.2577645469E-01
 0.7875  1.0380608381E+00 -1.4014505894E-02  9.6543357415E-01  1.3087142444E-01
 0.8000  1.0896309556E+00 -1.3785345448E-02  1.0164597472E+00  1.3644578388E-01
 0.8125  1.1462100220E+00 -1.3405837411E-02  1.0724477735E+00  1.4263208862E-01
 0.8250  1.2087488540E+00 -1.2839878113E-02  1.1343939525E+00  1.4959097325E-01
 0.8375  1.2785326230E+00 -1.2048075061E-02  1.2036521950E+00  1.5750526707E-01
 0.8500  1.3573218042E+00 -1.0987916908E-02  1.2820772281E+00  1.6656559733E-01
 0.8625  1.4475457183E+00 -9.6159453722E-03  1.3722153463E+00  1.7694481235E-01
 0.8750  1.5525655267E+00 -7.8982001470E-03  1.4775564255E+00  1.8876018880E-01
 0.8875  1.6770333143E+00 -5.8433958482E-03  1.6028722372E+00  2.0202616293E-01
 0.9000  1.8274001835E+00 -3.5863502478E-03  1.7546982258E+00  2.1660605792E-01
 0.9125  2.0126971170E+00 -1.5642252983E-03  1.9421000718E+00  2.3217511675E-01
 0.9250  2.2458945274E+00 -8.2991183648E-04  2.1780715878E+00  2.4819471163E-01
 0.9375  2.5465911287E+00 -3.4870489899E-03  2.4823826995E+00  2.6382818183E-01
 0.9500  2.9468191240E+00 -1.2981490092E-02  2.8877336312E+00  2.7750091758E-01
 0.9625  3.5040742709E+00 -3.3235544521E-02  3.4532665479E+00  2.8518702976E-01
 0.9750  4.3307093336E+00 -6.3664862572E-02  4.2939894023E+00  2.7498014121E-01
 0.9875  5.6594225016E+00 -8.2461255502E-02  5.6436685545E+00  2.1199955475E-01
 1.0000  7.9863432659E+00  0.0000000000E+00  7.9863432659E+00 -7.0352838309E-18
