lambda(um), Cext(cm^2/H), albedo, <cos>, # of angles
   0.80600  2.80430E-22   0.65621   0.43653   161
cos(theta),     S11,               S12,             S33,             S34
-1.0000  1.9993817869E-01 -5.4578083851E-19 -1.9993817869E-01 -2.4839468760E-19
-0.9875  1.9641184323E-01 -1.7916196408E-03 -1.9630869493E-01  1.1886164857E-03
-0.9750  1.9319374978E-01 -3.4968764796E-03 -1.9279058953E-01  2.2620943697E-03
-0.9625  1.9026006672E-01 -5.1255957162E-03 -1.8937315529E-01  3.2353397578E-03
-0.9500  1.8758911025E-01 -6.6866506448E-03 -1.8604656182E-01  4.1218560763E-03
-0.9375  1.8516115445E-01 -8.1880518174E-03 -1.8280177659E-01  4.9338685091E-03
-0.9250  1.8295825821E-01 -9.6370281327E-03 -1.7963049300E-01  5.6824376505E-03
-0.9125  1.8096410735E-01 -1.1040100554E-02 -1.7652506475E-01  6.3775632850E-03
-0.9000  1.7916387076E-01 -1.2403149101E-02 -1.7347844607E-01  7.0282791296E-03
-0.8875  1.7754406935E-01 -1.3731473703E-02 -1.7048413719E-01  7.6427393067E-03
-0.8750  1.7609245656E-01 -1.5029849465E-02 -1.6753613469E-01  8.2282972512E-03
-0.8625  1.7479790963E-01 -1.6302576825E-02 -1.6462888611E-01  8.7915777006E-03
-0.8500  1.7365033052E-01 -1.7553527076E-02 -1.6175724870E-01  9.3385423588E-03
-0.8375  1.7264055571E-01 -1.8786183648E-02 -1.5891645161E-01  9.8745497803E-03
-0.8250  1.7176027410E-01 -2.0003679542E-02 -1.5610206156E-01  1.0404409972E-02
-0.8125  1.7100195231E-01 -2.1208831257E-02 -1.5330995141E-01  1.0932434166E-02
-0.8000  1.7035876668E-01 -2.2404169526E-02 -1.5053627147E-01  1.1462480194E-02
-0.7875  1.6982454145E-01 -2.3591967147E-02 -1.4777742334E-01  1.1997993825E-02
-0.7750  1.6939369247E-01 -2.4774264181E-02 -1.4503003599E-01  1.2542046440E-02
-0.7625  1.6906117609E-01 -2.5952890743E-02 -1.4229094387E-01  1.3097369347E-02
-0.7500  1.6882244268E-01 -2.7129487619E-02 -1.3955716696E-01  1.3666385040E-02
-0.7375  1.6867339435E-01 -2.8305524898E-02 -1.3682589245E-01  1.4251235662E-02
-0.7250  1.6861034660E-01 -2.9482318806E-02 -1.3409445802E-01  1.4853808924E-02
-0.7125  1.6862999342E-01 -3.0661046904E-02 -1.3136033650E-01  1.5475761701E-02
-0.7000  1.6872937567E-01 -3.1842761802E-02 -1.2862112184E-01  1.6118541502E-02
-0.6875  1.6890585231E-01 -3.3028403530E-02 -1.2587451617E-01  1.6783406022E-02
-0.6750  1.6915707438E-01 -3.4218810675E-02 -1.2311831805E-01  1.7471440917E-02
-0.6625  1.6948096133E-01 -3.5414730421E-02 -1.2035041154E-01  1.8183575980E-02
-0.6500  1.6987567960E-01 -3.6616827575E-02 -1.1756875621E-01  1.8920599852E-02
-0.6375  1.7033962324E-01 -3.7825692678E-02 -1.1477137796E-01  1.9683173396E-02
-0.6250  1.7087139628E-01 -3.9041849290E-02 -1.1195636051E-01  2.0471841857E-02
-0.6125  1.7146979690E-01 -4.0265760522E-02 -1.0912183757E-01  2.1287045906E-02
-0.6000  1.7213380303E-01 -4.1497834888E-02 -1.0626598559E-01  2.2129131679E-02
-0.5875  1.7286255935E-01 -4.2738431530E-02 -1.0338701708E-01  2.2998359893E-02
-0.5750  1.7365536564E-01 -4.3987864895E-02 -1.0048317432E-01  2.3894914115E-02
-0.5625  1.7451166623E-01 -4.5246408888E-02 -9.7552723652E-02  2.4818908274E-02
-0.5500  1.7543104045E-01 -4.6514300575E-02 -9.4593950036E-02  2.5770393470E-02
-0.5375  1.7641319419E-01 -4.7791743459E-02 -9.1605152043E-02  2.6749364142E-02
-0.5250  1.7745795222E-01 -4.9078910380E-02 -8.8584637143E-02  2.7755763666E-02
-0.5125  1.7856525137E-01 -5.0375946067E-02 -8.5530717289E-02  2.8789489414E-02
-0.5000  1.7973513443E-01 -5.1682969381E-02 -8.2441704768E-02  2.9850397335E-02
-0.4875  1.8096774476E-01 -5.3000075265E-02 -7.9315908280E-02  3.0938306095E-02
-0.4750  1.8226332145E-01 -5.4327336447E-02 -7.6151629236E-02  3.2053000817E-02
-0.4625  1.8362219511E-01 -5.5664804896E-02 -7.2947158242E-02  3.3194236452E-02
-0.4500  1.8504478417E-01 -5.7012513078E-02 -6.9700771749E-02  3.4361740823E-02
-0.4375  1.8653159162E-01 -5.8370475005E-02 -6.6410728859E-02  3.5555217353E-02
-0.4250  1.8808320221E-01 -5.9738687114E-02 -6.3075268260E-02  3.6774347533E-02
-0.4125  1.8970028008E-01 -6.1117128988E-02 -5.9692605281E-02  3.8018793115E-02
-0.4000  1.9138356671E-01 -6.2505763924E-02 -5.6260929044E-02  3.9288198098E-02
-0.3875  1.9313387926E-01 -6.3904539375E-02 -5.2778399715E-02  4.0582190482E-02
-0.3750  1.9495210917E-01 -6.5313387260E-02 -4.9243145820E-02  4.1900383845E-02
-0.3625  1.9683922116E-01 -6.6732224173E-02 -4.5653261640E-02  4.3242378736E-02
-0.3500  1.9879625235E-01 -6.8160951488E-02 -4.2006804646E-02  4.4607763915E-02
-0.3375  2.0082431176E-01 -6.9599455366E-02 -3.8301792995E-02  4.5996117441E-02
-0.3250  2.0292458001E-01 -7.1047606681E-02 -3.4536203047E-02  4.7407007631E-02
-0.3125  2.0509830918E-01 -7.2505260869E-02 -3.0707966917E-02  4.8839993896E-02
-0.3000  2.0734682301E-01 -7.3972257698E-02 -2.6814970045E-02  5.0294627466E-02
-0.2875  2.0967151711E-01 -7.5448420984E-02 -2.2855048774E-02  5.1770452017E-02
-0.2750  2.1207385956E-01 -7.6933558230E-02 -1.8825987937E-02  5.3267004200E-02
-0.2625  2.1455539150E-01 -7.8427460224E-02 -1.4725518431E-02  5.4783814094E-02
-0.2500  2.1711772800E-01 -7.9929900570E-02 -1.0551314786E-02  5.6320405573E-02
-0.2375  2.1976255908E-01 -8.1440635182E-02 -6.3009927210E-03  5.7876296607E-02
-0.2250  2.2249165078E-01 -8.2959401724E-02 -1.9721066634E-03  5.9450999504E-02
-0.2125  2.2530684653E-01 -8.4485919013E-02  2.4378527509E-03  6.1044021081E-02
-0.2000  2.2821006855E-01 -8.6019886375E-02  6.9314612211E-03  6.2654862793E-02
-0.1875  2.3120331942E-01 -8.7560982968E-02  1.1511363367E-02  6.4283020807E-02
-0.1750  2.3428868379E-01 -8.9108867071E-02  1.6180275367E-02  6.5927986027E-02
-0.1625  2.3746833024E-01 -9.0663175327E-02  2.0940987649E-02  6.7589244089E-02
-0.1500  2.4074451322E-01 -9.2223521968E-02  2.5796367652E-02  6.9266275300E-02
-0.1375  2.4411957521E-01 -9.3789497997E-02  3.0749362657E-02  7.0958554560E-02
-0.1250  2.4759594890E-01 -9.5360670346E-02  3.5803002692E-02  7.2665551234E-02
-0.1125  2.5117615961E-01 -9.6936580996E-02  4.0960403530E-02  7.4386729004E-02
-0.1000  2.5486282777E-01 -9.8516746080E-02  4.6224769783E-02  7.6121545685E-02
-0.0875  2.5865867159E-01 -1.0010065494E-01  5.1599398091E-02  7.7869453016E-02
-0.0750  2.6256650983E-01 -1.0168776919E-01  5.7087680434E-02  7.9629896425E-02
-0.0625  2.6658926474E-01 -1.0327752168E-01  6.2693107555E-02  8.1402314761E-02
-0.0500  2.7072996514E-01 -1.0486931552E-01  6.8419272531E-02  8.3186140010E-02
-0.0375  2.7499174968E-01 -1.0646252305E-01  7.4269874469E-02  8.4980796979E-02
-0.0250  2.7937787021E-01 -1.0805648468E-01  8.0248722371E-02  8.6785702953E-02
-0.0125  2.8389169537E-01 -1.0965050790E-01  8.6359739163E-02  8.8600267334E-02
-0.0000  2.8853671434E-01 -1.1124386606E-01  9.2606965903E-02  9.0423891241E-02
 0.0125  2.9331654076E-01 -1.1283579726E-01  9.8994566189E-02  9.2255967094E-02
 0.0250  2.9823491691E-01 -1.1442550312E-01  1.0552683077E-01  9.4095878155E-02
 0.0375  3.0329571800E-01 -1.1601214760E-01  1.1220818241E-01  9.5942998045E-02
 0.0500  3.0850295676E-01 -1.1759485570E-01  1.1904318096E-01  9.7796690221E-02
 0.0625  3.1386078825E-01 -1.1917271222E-01  1.2603652874E-01  9.9656307416E-02
 0.0750  3.1937351493E-01 -1.2074476037E-01  1.3319307618E-01  1.0152119103E-01
 0.0875  3.2504559196E-01 -1.2231000049E-01  1.4051782778E-01  1.0339067048E-01
 0.1000  3.3088163282E-01 -1.2386738859E-01  1.4801594844E-01  1.0526406250E-01
 0.1125  3.3688641530E-01 -1.2541583494E-01  1.5569277011E-01  1.0714067034E-01
 0.1250  3.4306488766E-01 -1.2695420260E-01  1.6355379885E-01  1.0901978296E-01
 0.1375  3.4942217538E-01 -1.2848130585E-01  1.7160472236E-01  1.1090067409E-01
 0.1500  3.5596358808E-01 -1.2999590868E-01  1.7985141794E-01  1.1278260123E-01
 0.1625  3.6269462702E-01 -1.3149672312E-01  1.8829996096E-01  1.1466480451E-01
 0.1750  3.6962099297E-01 -1.3298240759E-01  1.9695663387E-01  1.1654650551E-01
 0.1875  3.7674859465E-01 -1.3445156512E-01  2.0582793586E-01  1.1842690582E-01
 0.2000  3.8408355761E-01 -1.3590274161E-01  2.1492059313E-01  1.2030518558E-01
 0.2125  3.9163223382E-01 -1.3733442390E-01  2.2424156984E-01  1.2218050175E-01
 0.2250  3.9940121180E-01 -1.3874503782E-01  2.3379807990E-01  1.2405198622E-01
 0.2375  4.0739732750E-01 -1.4013294622E-01  2.4359759952E-01  1.2591874365E-01
 0.2500  4.1562767599E-01 -1.4149644672E-01  2.5364788074E-01  1.2777984911E-01
 0.2625  4.2409962387E-01 -1.4283376958E-01  2.6395696588E-01  1.2963434532E-01
 0.2750  4.3282082272E-01 -1.4414307526E-01  2.7453320316E-01  1.3148123964E-01
 0.2875  4.4179922352E-01 -1.4542245197E-01  2.8538526337E-01  1.3331950061E-01
 0.3000  4.5104309219E-01 -1.4666991300E-01  2.9652215797E-01  1.3514805400E-01
 0.3125  4.6056102632E-01 -1.4788339393E-01  3.0795325844E-01  1.3696577840E-01
 0.3250  4.7036197329E-01 -1.4906074956E-01  3.1968831729E-01  1.3877150017E-01
 0.3375  4.8045524991E-01 -1.5019975075E-01  3.3173749062E-01  1.4056398773E-01
 0.3500  4.9085056363E-01 -1.5129808090E-01  3.4411136257E-01  1.4234194504E-01
 0.3625  5.0155803560E-01 -1.5235333216E-01  3.5682097172E-01  1.4410400422E-01
 0.3750  5.1258822582E-01 -1.5336300136E-01  3.6987783967E-01  1.4584871710E-01
 0.3875  5.2395216039E-01 -1.5432448554E-01  3.8329400195E-01  1.4757454567E-01
 0.4000  5.3566136134E-01 -1.5523507698E-01  3.9708204155E-01  1.4927985115E-01
 0.4125  5.4772787915E-01 -1.5609195788E-01  4.1125512523E-01  1.5096288157E-01
 0.4250  5.6016432834E-01 -1.5689219432E-01  4.2582704292E-01  1.5262175764E-01
 0.4375  5.7298392646E-01 -1.5763272965E-01  4.4081225053E-01  1.5425445665E-01
 0.4500  5.8620053679E-01 -1.5831037713E-01  4.5622591631E-01  1.5585879414E-01
 0.4625  5.9982871531E-01 -1.5892181166E-01  4.7208397138E-01  1.5743240304E-01
 0.4750  6.1388376224E-01 -1.5946356055E-01  4.8840316448E-01  1.5897270995E-01
 0.4875  6.2838177888E-01 -1.5993199315E-01  5.0520112167E-01  1.6047690814E-01
 0.5000  6.4333973012E-01 -1.6032330917E-01  5.2249641111E-01  1.6194192685E-01
 0.5125  6.5877551349E-01 -1.6063352550E-01  5.4030861366E-01  1.6336439643E-01
 0.5250  6.7470803535E-01 -1.6085846127E-01  5.5865839969E-01  1.6474060864E-01
 0.5375  6.9115729512E-01 -1.6099372099E-01  5.7756761269E-01  1.6606647166E-01
 0.5500  7.0814447845E-01 -1.6103467541E-01  5.9705936033E-01  1.6733745895E-01
 0.5625  7.2569206040E-01 -1.6097643974E-01  6.1715811369E-01  1.6854855123E-01
 0.5750  7.4382391969E-01 -1.6081384896E-01  6.3788981533E-01  1.6969417066E-01
 0.5875  7.6256546552E-01 -1.6054142967E-01  6.5928199710E-01  1.7076810625E-01
 0.6000  7.8194377817E-01 -1.6015336814E-01  6.8136390844E-01  1.7176342927E-01
 0.6125  8.0198776517E-01 -1.5964347383E-01  7.0416665637E-01  1.7267239753E-01
 0.6250  8.2272833481E-01 -1.5900513790E-01  7.2772335799E-01  1.7348634693E-01
 0.6375  8.4419858894E-01 -1.5823128591E-01  7.5206930675E-01  1.7419556877E-01
 0.6500  8.6643403751E-01 -1.5731432397E-01  7.7724215376E-01  1.7478917110E-01
 0.6625  8.8947283709E-01 -1.5624607736E-01  8.0328210544E-01  1.7525492180E-01
 0.6750  9.1335605654E-01 -1.5501772058E-01  8.3023213903E-01  1.7557907151E-01
 0.6875  9.3812797260E-01 -1.5361969777E-01  8.5813823756E-01  1.7574615356E-01
 0.7000  9.6383639929E-01 -1.5204163202E-01  8.8704964602E-01  1.7573875818E-01
 0.7125  9.9053305478E-01 -1.5027222216E-01  9.1701915062E-01  1.7553727788E-01
 0.7250  1.0182739702E+00 -1.4829912536E-01  9.4810338329E-01  1.7511962031E-01
 0.7375  1.0471199452E+00 -1.4610882354E-01  9.8036315352E-01  1.7446088471E-01
 0.7500  1.0771370559E+00 -1.4368647157E-01  1.0138638101E+00  1.7353299756E-01
 0.7625  1.1083972213E+00 -1.4101572469E-01  1.0486756355E+00  1.7230430232E-01
 0.7750  1.1409788342E+00 -1.3807854261E-01  1.0848742750E+00  1.7073909793E-01
 0.7875  1.1749674655E+00 -1.3485496701E-01  1.1225412055E+00  1.6879711972E-01
 0.8000  1.2104566489E+00 -1.3132286920E-01  1.1617642450E+00  1.6643295597E-01
 0.8125  1.2475487564E+00 -1.2745766395E-01  1.2026381078E+00  1.6359539242E-01
 0.8250  1.2863559743E+00 -1.2323198512E-01  1.2452650100E+00  1.6022667613E-01
 0.8375  1.3270013916E+00 -1.1861531838E-01  1.2897553277E+00  1.5626168930E-01
 0.8500  1.3696202138E+00 -1.1357358536E-01  1.3362283143E+00  1.5162702224E-01
 0.8625  1.4143611159E+00 -1.0806867321E-01  1.3848128808E+00  1.4623993401E-01
 0.8750  1.4613877511E+00 -1.0205790265E-01  1.4356484448E+00  1.4000718722E-01
 0.8875  1.5108804327E+00 -9.5493426938E-02  1.4888858550E+00  1.3282374278E-01
 0.9000  1.5630380089E+00 -8.8321552983E-02  1.5446883957E+00  1.2457129811E-01
 0.9125  1.6180799519E+00 -8.0481975130E-02  1.6032328801E+00  1.1511665092E-01
 0.9250  1.6762486865E+00 -7.1906910802E-02  1.6647108379E+00  1.0430986848E-01
 0.9375  1.7378121843E+00 -6.2520126012E-02  1.7293298073E+00  9.1982240213E-02
 0.9500  1.8030668543E+00 -5.2235837315E-02  1.7973147375E+00  7.7943988859E-02
 0.9625  1.8723407613E+00 -4.0957475263E-02  1.8689095139E+00  6.1981712896E-02
 0.9750  1.9459972120E+00 -2.8576292646E-02  1.9443786131E+00  4.3855529817E-02
 0.9875  2.0244387460E+00 -1.4969798907E-02  2.0240089002E+00  2.3295886591E-02
 1.0000  2.1081115802E+00  0.0000000000E+00  2.1081115802E+00  1.2699750078E-18
