lambda(um), Cext(cm^2/H), albedo, <cos>, # of angles
   0.61411  4.84484E-23   0.74759   0.52981   161
cos(theta),     S11,               S12,             S33,             S34
-1.0000  1.4466447007E-01  3.4268196948E-18 -1.4466447007E-01  1.0610664311E-18
-0.9875  1.4174246465E-01  9.6801025337E-04 -1.4153322920E-01  4.4121754076E-04
-0.9750  1.3917286278E-01  1.7682483324E-03 -1.3836249669E-01  7.9884806020E-04
-0.9625  1.3692476431E-01  2.4066279756E-03 -1.3515865692E-01  1.0832329400E-03
-0.9500  1.3497025648E-01  2.8898435559E-03 -1.3192794790E-01  1.3036190203E-03
-0.9375  1.3328402300E-01  3.2251106364E-03 -1.2867639874E-01  1.4683105662E-03
-0.9250  1.3184302081E-01  3.4199621127E-03 -1.2540978215E-01  1.5847952847E-03
-0.9125  1.3062621201E-01  3.4820889833E-03 -1.2213357902E-01  1.6598490688E-03
-0.9000  1.2961434041E-01  3.4192168985E-03 -1.1885295290E-01  1.6996233034E-03
-0.8875  1.2878974438E-01  3.2390113521E-03 -1.1557273247E-01  1.7097178802E-03
-0.8750  1.2813619920E-01  2.9490057608E-03 -1.1229740044E-01  1.6952424993E-03
-0.8625  1.2763878344E-01  2.5565477933E-03 -1.0903108770E-01  1.6608683720E-03
-0.8500  1.2728376487E-01  2.0687602143E-03 -1.0577757163E-01  1.6108720564E-03
-0.8375  1.2705850240E-01  1.4925132370E-03 -1.0254027772E-01  1.5491728432E-03
-0.8250  1.2695136103E-01  8.3440596611E-04 -9.9322283949E-02  1.4793648515E-03
-0.8125  1.2695163747E-01  1.0075498718E-04 -9.6126327164E-02  1.4047447840E-03
-0.8000  1.2704949460E-01 -7.0241145578E-04 -9.2954811177E-02  1.3283361149E-03
-0.7875  1.2723590319E-01 -1.5693549471E-03 -8.9809816109E-02  1.2529103447E-03
-0.7750  1.2750258960E-01 -2.4946250509E-03 -8.6693108708E-02  1.1810058363E-03
-0.7625  1.2784198845E-01 -3.4730549270E-03 -8.3606153391E-02  1.1149446531E-03
-0.7500  1.2824719956E-01 -4.4997550502E-03 -8.0550123803E-02  1.0568477404E-03
-0.7375  1.2871194832E-01 -5.5701055384E-03 -7.7525914727E-02  1.0086487274E-03
-0.7250  1.2923054914E-01 -6.6797474917E-03 -7.4534154198E-02  9.7210657559E-04
-0.7125  1.2979787138E-01 -7.8245736604E-03 -7.1575215735E-02  9.4881725437E-04
-0.7000  1.3040930760E-01 -9.0007186876E-03 -6.8649230563E-02  9.4022459317E-04
-0.6875  1.3106074367E-01 -1.0204549124E-02 -6.5756099781E-02  9.4763042769E-04
-0.6750  1.3174853063E-01 -1.1432653359E-02 -6.2895506391E-02  9.7220413723E-04
-0.6625  1.3246945808E-01 -1.2681831595E-02 -6.0066927148E-02  1.0149916505E-03
-0.6500  1.3322072895E-01 -1.3949085931E-02 -5.7269644183E-02  1.0769239826E-03
-0.6375  1.3399993555E-01 -1.5231610646E-02 -5.4502756366E-02  1.1588253533E-03
-0.6250  1.3480503677E-01 -1.6526782706E-02 -5.1765190373E-02  1.2614209288E-03
-0.6125  1.3563433639E-01 -1.7832152546E-02 -4.9055711439E-02  1.3853442184E-03
-0.6000  1.3648646241E-01 -1.9145435140E-02 -4.6372933774E-02  1.5311441549E-03
-0.5875  1.3736034734E-01 -2.0464501373E-02 -4.3715330621E-02  1.6992918801E-03
-0.5750  1.3825520942E-01 -2.1787369729E-02 -4.1081243940E-02  1.8901872541E-03
-0.5625  1.3917053475E-01 -2.3112198300E-02 -3.8468893716E-02  2.1041651039E-03
-0.5500  1.4010606029E-01 -2.4437277102E-02 -3.5876386866E-02  2.3415012249E-03
-0.5375  1.4106175760E-01 -2.5761020716E-02 -3.3301725749E-02  2.6024181451E-03
-0.5250  1.4203781752E-01 -2.7081961228E-02 -3.0742816254E-02  2.8870906642E-03
-0.5125  1.4303463553E-01 -2.8398741484E-02 -2.8197475485E-02  3.1956511740E-03
-0.5000  1.4405279795E-01 -2.9710108632E-02 -2.5663439013E-02  3.5281947690E-03
-0.4875  1.4509306881E-01 -3.1014907965E-02 -2.3138367704E-02  3.8847841543E-03
-0.4750  1.4615637751E-01 -3.2312077040E-02 -2.0619854112E-02  4.2654543567E-03
-0.4625  1.4724380722E-01 -3.3600640077E-02 -1.8105428445E-02  4.6702172455E-03
-0.4500  1.4835658388E-01 -3.4879702629E-02 -1.5592564089E-02  5.0990658670E-03
-0.4375  1.4949606600E-01 -3.6148446512E-02 -1.3078682686E-02  5.5519786001E-03
-0.4250  1.5066373509E-01 -3.7406124995E-02 -1.0561158784E-02  6.0289231350E-03
-0.4125  1.5186118673E-01 -3.8652058236E-02 -8.0373240282E-03  6.5298602806E-03
-0.4000  1.5309012235E-01 -3.9885628965E-02 -5.5044709186E-03  7.0547476040E-03
-0.3875  1.5435234158E-01 -4.1106278405E-02 -2.9598561131E-03  7.6035429059E-03
-0.3750  1.5564973537E-01 -4.2313502422E-02 -4.0070328393E-04  8.1762075341E-03
-0.3625  1.5698427952E-01 -4.3506847906E-02  2.1757944767E-03  8.7727095380E-03
-0.3500  1.5835802905E-01 -4.4685909369E-02  4.7724727037E-03  9.3930266666E-03
-0.3375  1.5977311306E-01 -4.5850325763E-02  7.3921940614E-03  1.0037149212E-02
-0.3250  1.6123173018E-01 -4.6999777502E-02  1.0037847303E-02  1.0705082698E-02
-0.3125  1.6273614470E-01 -4.8133983695E-02  1.2712346688E-02  1.1396850416E-02
-0.3000  1.6428868320E-01 -4.9252699572E-02  1.5418631867E-02  1.2112495813E-02
-0.2875  1.6589173189E-01 -5.0355714111E-02  1.8159668230E-02  1.2852084719E-02
-0.2750  1.6754773440E-01 -5.1442847844E-02  2.0938447721E-02  1.3615707429E-02
-0.2625  1.6925919024E-01 -5.2513950853E-02  2.3757990139E-02  1.4403480629E-02
-0.2500  1.7102865386E-01 -5.3568900940E-02  2.6621344908E-02  1.5215549168E-02
-0.2375  1.7285873423E-01 -5.4607601960E-02  2.9531593337E-02  1.6052087673E-02
-0.2250  1.7475209506E-01 -5.5629982332E-02  3.2491851374E-02  1.6913302004E-02
-0.2125  1.7671145559E-01 -5.6635993691E-02  3.5505272857E-02  1.7799430552E-02
-0.2000  1.7873959198E-01 -5.7625609705E-02  3.8575053272E-02  1.8710745372E-02
-0.1875  1.8083933928E-01 -5.8598825027E-02  4.1704434031E-02  1.9647553143E-02
-0.1750  1.8301359406E-01 -5.9555654383E-02  4.4896707267E-02  2.0610195964E-02
-0.1625  1.8526531757E-01 -6.0496131798E-02  4.8155221178E-02  2.1599051975E-02
-0.1500  1.8759753960E-01 -6.1420309931E-02  5.1483385902E-02  2.2614535788E-02
-0.1375  1.9001336293E-01 -6.2328259532E-02  5.4884679970E-02  2.3657098743E-02
-0.1250  1.9251596843E-01 -6.3220069001E-02  5.8362657314E-02  2.4727228973E-02
-0.1125  1.9510862082E-01 -6.4095844044E-02  6.1920954878E-02  2.5825451262E-02
-0.1000  1.9779467510E-01 -6.4955707413E-02  6.5563300822E-02  2.6952326711E-02
-0.0875  2.0057758363E-01 -6.5799798733E-02  6.9293523351E-02  2.8108452189E-02
-0.0750  2.0346090401E-01 -6.6628274384E-02  7.3115560182E-02  2.9294459569E-02
-0.0625  2.0644830755E-01 -6.7441307455E-02  7.7033468666E-02  3.0511014733E-02
-0.0500  2.0954358859E-01 -6.8239087736E-02  8.1051436591E-02  3.1758816353E-02
-0.0375  2.1275067451E-01 -6.9021821755E-02  8.5173793685E-02  3.3038594422E-02
-0.0250  2.1607363657E-01 -6.9789732830E-02  8.9405023840E-02  3.4351108541E-02
-0.0125  2.1951670156E-01 -7.0543061150E-02  9.3749778090E-02  3.5697145939E-02
-0.0000  2.2308426425E-01 -7.1282063845E-02  9.8212888363E-02  3.7077519227E-02
 0.0125  2.2678090073E-01 -7.2007015054E-02  1.0279938203E-01  3.8493063873E-02
 0.0250  2.3061138269E-01 -7.2718205961E-02  1.0751449732E-01  3.9944635378E-02
 0.0375  2.3458069257E-01 -7.3415944801E-02  1.1236369955E-01  4.1433106154E-02
 0.0500  2.3869403973E-01 -7.4100556812E-02  1.1735269828E-01  4.2959362089E-02
 0.0625  2.4295687758E-01 -7.4772384117E-02  1.2248746547E-01  4.4524298780E-02
 0.0750  2.4737492180E-01 -7.5431785525E-02  1.2777425449E-01  4.6128817429E-02
 0.0875  2.5195416964E-01 -7.6079136236E-02  1.3321962025E-01  4.7773820380E-02
 0.1000  2.5670092034E-01 -7.6714827426E-02  1.3883044034E-01  4.9460206299E-02
 0.1125  2.6162179680E-01 -7.7339265705E-02  1.4461393733E-01  5.1188864963E-02
 0.1250  2.6672376838E-01 -7.7952872414E-02  1.5057770215E-01  5.2960671659E-02
 0.1375  2.7201417513E-01 -7.8556082762E-02  1.5672971875E-01  5.4776481164E-02
 0.1500  2.7750075330E-01 -7.9149344761E-02  1.6307839002E-01  5.6637121310E-02
 0.1625  2.8319166228E-01 -7.9733117959E-02  1.6963256502E-01  5.8543386095E-02
 0.1750  2.8909551306E-01 -8.0307871938E-02  1.7640156758E-01  6.0496028340E-02
 0.1875  2.9522139822E-01 -8.0874084543E-02  1.8339522644E-01  6.2495751868E-02
 0.2000  3.0157892362E-01 -8.1432239854E-02  1.9062390682E-01  6.4543203194E-02
 0.2125  3.0817824177E-01 -8.1982825831E-02  1.9809854372E-01  6.6638962696E-02
 0.2250  3.1503008704E-01 -8.2526331639E-02  2.0583067685E-01  6.8783535263E-02
 0.2375  3.2214581278E-01 -8.3063244617E-02  2.1383248733E-01  7.0977340397E-02
 0.2500  3.2953743050E-01 -8.3594046858E-02  2.2211683638E-01  7.3220701745E-02
 0.2625  3.3721765113E-01 -8.4119211367E-02  2.3069730592E-01  7.5513836050E-02
 0.2750  3.4519992860E-01 -8.4639197788E-02  2.3958824130E-01  7.7856841498E-02
 0.2875  3.5349850572E-01 -8.5154447637E-02  2.4880479634E-01  8.0249685443E-02
 0.3000  3.6212846273E-01 -8.5665379032E-02  2.5836298066E-01  8.2692191496E-02
 0.3125  3.7110576841E-01 -8.6172380874E-02  2.6827970963E-01  8.5184025947E-02
 0.3250  3.8044733413E-01 -8.6675806438E-02  2.7857285692E-01  8.7724683514E-02
 0.3375  3.9017107091E-01 -8.7175966353E-02  2.8926131005E-01  9.0313472396E-02
 0.3500  4.0029594978E-01 -8.7673120902E-02  3.0036502893E-01  9.2949498610E-02
 0.3625  4.1084206557E-01 -8.8167471629E-02  3.1190510777E-01  9.5631649593E-02
 0.3750  4.2183070447E-01 -8.8659152189E-02  3.2390384048E-01  9.8358577063E-02
 0.3875  4.3328441559E-01 -8.9148218396E-02  3.3638479000E-01  1.0112867911E-01
 0.4000  4.4522708682E-01 -8.9634637433E-02  3.4937286171E-01  1.0394008152E-01
 0.4125  4.5768402542E-01 -9.0118276147E-02  3.6289438136E-01  1.0679061828E-01
 0.4250  4.7068204359E-01 -9.0598888405E-02  3.7697717793E-01  1.0967781132E-01
 0.4375  4.8424954967E-01 -9.1076101423E-02  3.9165067182E-01  1.1259884942E-01
 0.4500  4.9841664521E-01 -9.1549401026E-02  4.0694596889E-01  1.1555056634E-01
 0.4625  5.1321522875E-01 -9.2018115772E-02  4.2289596109E-01  1.1852941806E-01
 0.4750  5.2867910682E-01 -9.2481399867E-02  4.3953543413E-01  1.2153145934E-01
 0.4875  5.4484411293E-01 -9.2938214808E-02  4.5690118320E-01  1.2455231936E-01
 0.5000  5.6174823550E-01 -9.3387309677E-02  4.7503213760E-01  1.2758717668E-01
 0.5125  5.7943175576E-01 -9.3827200015E-02  4.9396949538E-01  1.3063073339E-01
 0.5250  5.9793739677E-01 -9.4256145198E-02  5.1375686938E-01  1.3367718860E-01
 0.5375  6.1731048510E-01 -9.4672124236E-02  5.3444044613E-01  1.3672021122E-01
 0.5500  6.3759912681E-01 -9.5072809932E-02  5.5606915965E-01  1.3975291213E-01
 0.5625  6.5885439982E-01 -9.5455541306E-02  5.7869488228E-01  1.4276781577E-01
 0.5750  6.8113056511E-01 -9.5817294233E-02  6.0237263543E-01  1.4575683119E-01
 0.5875  7.0448529987E-01 -9.6154650213E-02  6.2716082365E-01  1.4871122258E-01
 0.6000  7.2897995610E-01 -9.6463763222E-02  6.5312149617E-01  1.5162157918E-01
 0.6125  7.5467984930E-01 -9.6740324583E-02  6.8032064111E-01  1.5447778451E-01
 0.6250  7.8165458280E-01 -9.6979525779E-02  7.0882851897E-01  1.5726898464E-01
 0.6375  8.0997841480E-01 -9.7176019170E-02  7.3872004322E-01  1.5998355482E-01
 0.6500  8.3973067674E-01 -9.7323876480E-02  7.7007521848E-01  1.6260906371E-01
 0.6625  8.7099625420E-01 -9.7416544923E-02  8.0297964880E-01  1.6513223360E-01
 0.6750  9.0386614443E-01 -9.7446800683E-02  8.3752513252E-01  1.6753889424E-01
 0.6875  9.3843810838E-01 -9.7406699311E-02  8.7381036403E-01  1.6981392653E-01
 0.7000  9.7481744050E-01 -9.7287522257E-02  9.1194176868E-01  1.7194119052E-01
 0.7125  1.0131178861E+00 -9.7079718277E-02  9.5203450413E-01  1.7390342937E-01
 0.7250  1.0534627450E+00 -9.6772837670E-02  9.9421367040E-01  1.7568213696E-01
 0.7375  1.0959862113E+00 -9.6355456076E-02  1.0386157830E+00  1.7725737148E-01
 0.7500  1.1408350161E+00 -9.5815082807E-02  1.0853905781E+00  1.7860748939E-01
 0.7625  1.1881704574E+00 -9.5138045963E-02  1.1347032386E+00  1.7970876342E-01
 0.7750  1.2381709302E+00 -9.4309342688E-02  1.1867371538E+00  1.8053483310E-01
 0.7875  1.2910351057E+00 -9.3312437255E-02  1.2416973573E+00  1.8105591572E-01
 0.8000  1.3469859512E+00 -9.2128981469E-02  1.2998148287E+00  1.8123767674E-01
 0.8125  1.4062758481E+00 -9.0738420335E-02  1.3613518946E+00  1.8103962000E-01
 0.8250  1.4691931434E+00 -8.9117429486E-02  1.4266090304E+00  1.8041280445E-01
 0.8375  1.5360705763E+00 -8.7239107919E-02  1.4959334488E+00  1.7929662247E-01
 0.8500  1.6072961652E+00 -8.5071817492E-02  1.5697299646E+00  1.7761427693E-01
 0.8625  1.6833273204E+00 -8.2577516241E-02  1.6484747613E+00  1.7526646338E-01
 0.8750  1.7647091936E+00 -7.9709371308E-02  1.7327328541E+00  1.7212258761E-01
 0.8875  1.8520985936E+00 -7.6408353288E-02  1.8231802608E+00  1.6800861345E-01
 0.9000  1.9462952152E+00 -7.2598399076E-02  1.9206321617E+00  1.6269032237E-01
 0.9125  2.0482824752E+00 -6.8179574404E-02  2.0260786747E+00  1.5585034914E-01
 0.9250  2.1592809691E+00 -6.3018456112E-02  2.1407303054E+00  1.4705680553E-01
 0.9375  2.2808184944E+00 -5.6934669476E-02  2.2660756723E+00  1.3572057314E-01
 0.9500  2.4148218120E+00 -4.9682133229E-02  2.4039547949E+00  1.2103738350E-01
 0.9625  2.5637369092E+00 -4.0923052433E-02  2.5566520866E+00  1.0190953611E-01
 0.9750  2.7306865977E+00 -3.0192015138E-02  2.7270142692E+00  7.6840442214E-02
 0.9875  2.9196769793E+00 -1.6846638283E-02  2.9185997654E+00  4.3793004732E-02
 1.0000  3.1358678021E+00  0.0000000000E+00  3.1358678021E+00 -3.6910979946E-18
