lambda(um), Cext(cm^2/H), albedo, <cos>, # of angles
   0.23000  1.62011E-22   0.77778   0.53864   161
cos(theta),     S11,               S12,             S33,             S34
-1.0000  2.9431179615E-01 -6.1048374519E-19 -2.9431179615E-01 -2.1550160426E-18
-0.9875  2.4358321312E-01 -2.2940636338E-04 -2.4171713789E-01  1.8039504159E-02
-0.9750  2.0768428179E-01  8.9899268170E-04 -2.0129764632E-01  2.9101784241E-02
-0.9625  1.8242749544E-01  2.7859863729E-03 -1.7005123353E-01  3.5235873726E-02
-0.9500  1.6478730191E-01  5.0284106529E-03 -1.4571391004E-01  3.7944970172E-02
-0.9375  1.5258162519E-01  7.3606801979E-03 -1.2658154959E-01  3.8324346656E-02
-0.9250  1.4423945646E-01  9.6131349477E-03 -1.1137415600E-01  3.7166060939E-02
-0.9125  1.3863158898E-01  1.1682329533E-02 -9.9132296697E-02  3.5037992355E-02
-0.9000  1.3494770669E-01  1.3509958063E-02 -8.9138066236E-02  3.2343126870E-02
-0.8875  1.3260741582E-01  1.5068038126E-02 -8.0854855050E-02  2.9363746692E-02
-0.8750  1.3119603615E-01  1.6348610203E-02 -7.3881584023E-02  2.6294175462E-02
-0.8625  1.3041837019E-01  1.7356663383E-02 -6.7918081431E-02  2.3264923828E-02
-0.8500  1.3006545972E-01  1.8105334333E-02 -6.2739033914E-02  2.0360431457E-02
-0.8375  1.2999067442E-01  1.8612679006E-02 -5.8174512889E-02  1.7632080673E-02
-0.8250  1.3009247263E-01  1.8899509082E-02 -5.4095515519E-02  1.5107742058E-02
-0.8125  1.3030191412E-01  1.8987932919E-02 -5.0403301484E-02  1.2798786518E-02
-0.8000  1.3057355263E-01  1.8900353963E-02 -4.7021577991E-02  1.0705247025E-02
-0.7875  1.3087873868E-01  1.8658764874E-02 -4.3890801901E-02  8.8196239216E-03
-0.7750  1.3120065549E-01  1.8284237647E-02 -4.0964040570E-02  7.1296883510E-03
-0.7625  1.3153061969E-01  1.7796552692E-02 -3.8203969629E-02  5.6205384292E-03
-0.7500  1.3186532368E-01  1.7213936711E-02 -3.5580692630E-02  4.2760925211E-03
-0.7375  1.3220479542E-01  1.6552893855E-02 -3.3070149382E-02  3.0801551638E-03
-0.7250  1.3255091591E-01  1.5828120644E-02 -3.0652941600E-02  2.0171571979E-03
-0.7125  1.3290637618E-01  1.5052495781E-02 -2.8313450658E-02  1.0726474797E-03
-0.7000  1.3327398163E-01  1.4237134082E-02 -2.6039156476E-02  2.3359569661E-04
-0.6875  1.3365622821E-01  1.3391491434E-02 -2.3820092260E-02 -5.1144788778E-04
-0.6750  1.3405508695E-01  1.2523506283E-02 -2.1648389385E-02 -1.1723006739E-03
-0.6625  1.3447194257E-01  1.1639763235E-02 -1.9517881876E-02 -1.7571772428E-03
-0.6500  1.3490764013E-01  1.0745665860E-02 -1.7423751888E-02 -2.2727797239E-03
-0.6375  1.3536260161E-01  9.8456082819E-03 -1.5362206726E-02 -2.7244329985E-03
-0.6250  1.3583698179E-01  8.9431380416E-03 -1.3330184671E-02 -3.1162515377E-03
-0.6125  1.3633083909E-01  8.0411054133E-03 -1.1325091229E-02 -3.4513263006E-03
-0.6000  1.3684430300E-01  7.1417964677E-03 -9.3445695784E-03 -3.7319210443E-03
-0.5875  1.3737772446E-01  6.2470486000E-03 -7.3863092928E-03 -3.9596681073E-03
-0.5750  1.3793179910E-01  5.3583479932E-03 -5.4478962860E-03 -4.1357546373E-03
-0.5625  1.3850765675E-01  4.4769088542E-03 -3.5267048710E-03 -4.2610915690E-03
-0.5500  1.3910691306E-01  3.6037344982E-03 -1.6198304964E-03 -4.3364594958E-03
-0.5375  1.3973168175E-01  2.7396607211E-03  2.7594043962E-04 -4.3626277736E-03
-0.5250  1.4038454853E-01  1.8853825099E-03  2.1641289066E-03 -4.3404455217E-03
-0.5125  1.4106851013E-01  1.0414659821E-03  4.0485357805E-03 -4.2709053268E-03
-0.5000  1.4178688391E-01  2.0834838874E-04  5.9331948695E-03 -4.1551821724E-03
-0.4875  1.4254319583E-01 -6.1367015754E-04  7.8223123070E-03 -3.9946512116E-03
-0.4750  1.4334105522E-01 -1.4244390548E-03  9.7201974956E-03 -3.7908884631E-03
-0.4625  1.4418402557E-01 -2.2239694689E-03  1.1631190005E-02 -3.5456583966E-03
-0.4500  1.4507550018E-01 -3.0124427277E-03  1.3559586161E-02 -3.2608918855E-03
-0.4375  1.4601859031E-01 -3.7902120147E-03  1.5509568584E-02 -2.9386573445E-03
-0.4250  1.4701603210E-01 -4.5577957098E-03  1.7485141656E-02 -2.5811272461E-03
-0.4125  1.4807011626E-01 -5.3158619708E-03  1.9490075660E-02 -2.1905417653E-03
-0.4000  1.4918264329E-01 -6.0652052450E-03  2.1527862108E-02 -1.7691710725E-03
-0.3875  1.5035490448E-01 -6.8067161944E-03  2.3601682324E-02 -1.3192777620E-03
-0.3750  1.5158768846E-01 -7.5413469352E-03  2.5714390684E-02 -8.4308094985E-04
-0.3625  1.5288131121E-01 -8.2700735697E-03  2.7868513053E-02 -3.4272358617E-04
-0.3500  1.5423566747E-01 -8.9938578074E-03  3.0066259904E-02  1.7975560373E-04
-0.3375  1.5565030052E-01 -9.7136091884E-03  3.2309552600E-02  7.2244446403E-04
-0.3250  1.5712448702E-01 -1.0430149146E-02  3.4600060466E-02  1.2835734622E-03
-0.3125  1.5865733341E-01 -1.1144177979E-02  3.6939245686E-02  1.8615254912E-03
-0.3000  1.6024787970E-01 -1.1856245772E-02  3.9328412848E-02  2.4548400675E-03
-0.2875  1.6189520631E-01 -1.2566728326E-02  4.1768760077E-02  3.0622130516E-03
-0.2750  1.6359853938E-01 -1.3275809260E-02  4.4261429098E-02  3.6824932854E-03
-0.2625  1.6535734994E-01 -1.3983469363E-02  4.6807552119E-02  4.3146775517E-03
-0.2500  1.6717144247E-01 -1.4689484124E-02  4.9408293990E-02  4.9579050520E-03
-0.2375  1.6904102920E-01 -1.5393429969E-02  5.2064888606E-02  5.6114522355E-03
-0.2250  1.7096678707E-01 -1.6094699234E-02  5.4778668875E-02  6.2747284073E-03
-0.2125  1.7294989540E-01 -1.6792523265E-02  5.7551089821E-02  6.9472721897E-03
-0.2000  1.7499205347E-01 -1.7486002516E-02  6.0383744530E-02  7.6287486811E-03
-0.1875  1.7709547805E-01 -1.8174142022E-02  6.3278372806E-02  8.3189470738E-03
-0.1750  1.7926288198E-01 -1.8855890404E-02  6.6236862611E-02  9.0177785282E-03
-0.1625  1.8149743535E-01 -1.9530180467E-02  6.9261244661E-02  9.7252741932E-03
-0.1500  1.8380271169E-01 -2.0195969600E-02  7.2353680935E-02  1.0441583351E-02
-0.1375  1.8618262154E-01 -2.0852278366E-02  7.5516448288E-02  1.1166971675E-02
-0.1250  1.8864133618E-01 -2.1498225931E-02  7.8751918733E-02  1.1901819524E-02
-0.1125  1.9118320468E-01 -2.2133061186E-02  8.2062538230E-02  1.2646620021E-02
-0.1000  1.9381266742E-01 -2.2756188554E-02  8.5450805916E-02  1.3401976514E-02
-0.0875  1.9653416947E-01 -2.3367187603E-02  8.8919255579E-02  1.4168598853E-02
-0.0750  1.9935207728E-01 -2.3965825668E-02  9.2470440975E-02  1.4947297856E-02
-0.0625  2.0227060233E-01 -2.4552062847E-02  9.6106926161E-02  1.5738977428E-02
-0.0500  2.0529373480E-01 -2.5126048957E-02  9.9831281673E-02  1.6544623952E-02
-0.0375  2.0842519023E-01 -2.5688112353E-02  1.0364608699E-01  1.7365292850E-02
-0.0250  2.1166837160E-01 -2.6238740939E-02  1.0755393947E-01  1.8202092480E-02
-0.0125  2.1502634838E-01 -2.6778556075E-02  1.1155746966E-01  1.9056165765E-02
-0.0000  2.1850185354E-01 -2.7308280499E-02  1.1565936289E-01  1.9928670162E-02
 0.0125  2.2209729897E-01 -2.7828701656E-02  1.1986238654E-01  2.0820756596E-02
 0.0250  2.2581480871E-01 -2.8340632027E-02  1.2416942273E-01  2.1733548055E-02
 0.0375  2.2965626926E-01 -2.8844868092E-02  1.2858350527E-01  2.2668118500E-02
 0.0500  2.3362339564E-01 -2.9342149579E-02  1.3310786022E-01  2.3625472738E-02
 0.0625  2.3771781114E-01 -2.9833120566E-02  1.3774594850E-01  2.4606527902E-02
 0.0750  2.4194113883E-01 -3.0318293936E-02  1.4250150926E-01  2.5612097256E-02
 0.0875  2.4629510207E-01 -3.0798020597E-02  1.4737860260E-01  2.6642877037E-02
 0.1000  2.5078163110E-01 -3.1272464775E-02  1.5238165016E-01  2.7699437092E-02
 0.1125  2.5540297271E-01 -3.1741586584E-02  1.5751547238E-01  2.8782215990E-02
 0.1250  2.6016179947E-01 -3.2205132840E-02  1.6278532146E-01  2.9891521182E-02
 0.1375  2.6506131541E-01 -3.2662636860E-02  1.6819690941E-01  3.1027534552E-02
 0.1500  2.7010535490E-01 -3.3113427609E-02  1.7375643070E-01  3.2190323477E-02
 0.1625  2.7529847185E-01 -3.3556648186E-02  1.7947057930E-01  3.3379857226E-02
 0.1750  2.8064601689E-01 -3.3991283228E-02  1.8534656041E-01  3.4596028291E-02
 0.1875  2.8615420028E-01 -3.4416194419E-02  1.9139209701E-01  3.5838678019E-02
 0.2000  2.9183013924E-01 -3.4830162944E-02  1.9761543184E-01  3.7107625734E-02
 0.2125  2.9768188865E-01 -3.5231937447E-02  2.0402532562E-01  3.8402700378E-02
 0.2250  3.0371845467E-01 -3.5620285792E-02  2.1063105255E-01  3.9723773574E-02
 0.2375  3.0994979151E-01 -3.5994048725E-02  2.1744239429E-01  4.1070792866E-02
 0.2500  3.1638678213E-01 -3.6352193372E-02  2.2446963378E-01  4.2443813813E-02
 0.2625  3.2304120432E-01 -3.6693864380E-02  2.3172355048E-01  4.3843029494E-02
 0.2750  3.2992568410E-01 -3.7018430436E-02  2.3921541830E-01  4.5268796032E-02
 0.2875  3.3705363924E-01 -3.7325523950E-02  2.4695700778E-01  4.6721652758E-02
 0.3000  3.4443921580E-01 -3.7615071768E-02  2.5496059349E-01  4.8202335818E-02
 0.3125  3.5209722141E-01 -3.7887315054E-02  2.6323896804E-01  4.9711784264E-02
 0.3250  3.6004305902E-01 -3.8142816769E-02  2.7180546320E-01  5.1251137948E-02
 0.3375  3.6829266525E-01 -3.8382455638E-02  2.8067397926E-01  5.2821726924E-02
 0.3500  3.7686245754E-01 -3.8607405924E-02  2.8985902284E-01  5.4425052427E-02
 0.3625  3.8576929443E-01 -3.8819102935E-02  2.9937575387E-01  5.6062759916E-02
 0.3750  3.9503045302E-01 -3.9019194731E-02  3.0924004194E-01  5.7736605145E-02
 0.3875  4.0466362798E-01 -3.9209481141E-02  3.1946853247E-01  5.9448414603E-02
 0.4000  4.1468695576E-01 -3.9391841860E-02  3.3007872311E-01  6.1200042169E-02
 0.4125  4.2511906786E-01 -3.9568156023E-02  3.4108905098E-01  6.2993324182E-02
 0.4250  4.3597917638E-01 -3.9740216293E-02  3.5251899182E-01  6.4830035460E-02
 0.4375  4.4728719492E-01 -3.9909641019E-02  3.6438917252E-01  6.6711849018E-02
 0.4500  4.5906389740E-01 -4.0077788515E-02  3.7672149914E-01  6.8640302314E-02
 0.4625  4.7133111723E-01 -4.0245677742E-02  3.8953930339E-01  7.0616772730E-02
 0.4750  4.8411198878E-01 -4.0413919878E-02  4.0286751126E-01  7.2642464763E-02
 0.4875  4.9743123296E-01 -4.0582665115E-02  4.1673283858E-01  7.4718410841E-02
 0.5000  5.1131548857E-01 -4.0751568752E-02  4.3116401914E-01  7.6845487069E-02
 0.5125  5.2579369082E-01 -4.0919780073E-02  4.4619207185E-01  7.9024444206E-02
 0.5250  5.4089749852E-01 -4.1085956622E-02  4.6185061456E-01  8.1255953131E-02
 0.5375  5.5666177138E-01 -4.1248305384E-02  4.7817623227E-01  8.3540662728E-02
 0.5500  5.7312509885E-01 -4.1404650926E-02  4.9520890833E-01  8.5879266777E-02
 0.5625  5.9033038235E-01 -4.1552528879E-02  5.1299252701E-01  8.8272574989E-02
 0.5750  6.0832547252E-01 -4.1689301261E-02  5.3157545539E-01  9.0721582106E-02
 0.5875  6.2716386382E-01 -4.1812288059E-02  5.5101121200E-01  9.3227527906E-02
 0.6000  6.4690544898E-01 -4.1918907439E-02  5.7135922859E-01  9.5791940442E-02
 0.6125  6.6761733677E-01 -4.2006814863E-02  5.9268570996E-01  9.8416654948E-02
 0.6250  6.8937473771E-01 -4.2074029604E-02  6.1506459637E-01  1.0110380194E-01
 0.6375  7.1226192470E-01 -4.2119035714E-02  6.3857863228E-01  1.0385576032E-01
 0.6500  7.3637327940E-01 -4.2140843708E-02  6.6332054719E-01  1.0667507512E-01
 0.6625  7.6181444167E-01 -4.2138999341E-02  6.8939435828E-01  1.0956434496E-01
 0.6750  7.8870358963E-01 -4.2113527060E-02  7.1691681418E-01  1.1252609179E-01
 0.6875  8.1717289501E-01 -4.2064798416E-02  7.4601901542E-01  1.1556263476E-01
 0.7000  8.4737022383E-01 -4.1993320108E-02  7.7684827506E-01  1.1867600073E-01
 0.7125  8.7946119278E-01 -4.1899442690E-02  8.0957032632E-01  1.2186791593E-01
 0.7250  9.1363175041E-01 -4.1782999572E-02  8.4437205054E-01  1.2513993443E-01
 0.7375  9.5009154055E-01 -4.1642896914E-02  8.8146499610E-01  1.2849376798E-01
 0.7500  9.8907843255E-01 -4.1476688602E-02  9.2109010030E-01  1.3193188403E-01
 0.7625  1.0308647867E+00 -4.1280186556E-02  9.6352422637E-01  1.3545843055E-01
 0.7750  1.0757662841E+00 -4.1047175381E-02  1.0090894081E+00  1.3908051791E-01
 0.7875  1.1241545194E+00 -4.0769321386E-02  1.0581660834E+00  1.4280983070E-01
 0.8000  1.1764750719E+00 -4.0436389242E-02  1.1112121329E+00  1.4666443910E-01
 0.8125  1.2332734929E+00 -4.0036904612E-02  1.1687902720E+00  1.5067050987E-01
 0.8250  1.2952326600E+00 -3.9559427982E-02  1.2316073484E+00  1.5486335262E-01
 0.8375  1.3632263586E+00 -3.8994634333E-02  1.3005704762E+00  1.5928683910E-01
 0.8500  1.4383959508E+00 -3.8338427559E-02  1.3768668495E+00  1.6398965248E-01
 0.8625  1.5222598505E+00 -3.7596363611E-02  1.4620767942E+00  1.6901599411E-01
 0.8750  1.6168697414E+00 -3.6789725303E-02  1.5583335788E+00  1.7438721711E-01
 0.8875  1.7250339702E+00 -3.5963712032E-02  1.6685496181E+00  1.8006927086E-01
 0.9000  1.8506392504E+00 -3.5198435068E-02  1.7967388551E+00  1.8591872107E-01
 0.9125  1.9991212195E+00 -3.4623852668E-02  1.9484837874E+00  1.9159735249E-01
 0.9250  2.1781742596E+00 -3.4440662255E-02  2.1316346869E+00  1.9644191803E-01
 0.9375  2.3988864176E+00 -3.4951056454E-02  2.3574237464E+00  1.9927162140E-01
 0.9500  2.6777606857E+00 -3.6607071318E-02  2.6424559391E+00  1.9811126487E-01
 0.9625  3.0410795932E+00 -4.0073993202E-02  3.0130586269E+00  1.8978507734E-01
 0.9750  3.5375820620E+00 -4.5996688741E-02  3.5180838027E+00  1.6904971892E-01
 0.9875  4.2894005383E+00 -5.0516807731E-02  4.2802414287E+00  1.2400822285E-01
 1.0000  5.7480569998E+00  0.0000000000E+00  5.7480569998E+00  3.7727006468E-18
