lambda(um), Cext(cm^2/H), albedo, <cos>, # of angles
   0.16710  3.56900E-22   0.41472   0.61470   161
cos(theta),     S11,               S12,             S33,             S34
-1.0000  1.1910206472E-01  1.9692060158E-18 -1.1910206472E-01  3.9062630999E-18
-0.9875  1.1343950516E-01 -2.2153044598E-03 -1.1307145425E-01  3.8780198355E-03
-0.9750  1.0901236116E-01 -3.8243450052E-03 -1.0769092122E-01  6.9761821132E-03
-0.9625  1.0554174605E-01 -5.0108832056E-03 -1.0284730664E-01  9.4571521203E-03
-0.9500  1.0282939006E-01 -5.8963052232E-03 -9.8452000173E-02  1.1442379095E-02
-0.9375  1.0073029266E-01 -6.5624183908E-03 -9.4434577334E-02  1.3024985682E-02
-0.9250  9.9135114809E-02 -7.0658788946E-03 -9.0738269949E-02  1.4278176002E-02
-0.9125  9.7958864802E-02 -7.4472496163E-03 -8.7316727176E-02  1.5260763121E-02
-0.9000  9.7133627108E-02 -7.7366403910E-03 -8.4131678335E-02  1.6020852782E-02
-0.8875  9.6603868257E-02 -7.9571977368E-03 -8.1151221125E-02  1.6598347438E-02
-0.8750  9.6323371809E-02 -8.1272591251E-03 -7.8348542301E-02  1.7026691164E-02
-0.8625  9.6253196052E-02 -8.2616893005E-03 -7.5700939342E-02  1.7334119798E-02
-0.8500  9.6360271486E-02 -8.3727219574E-03 -7.3189055800E-02  1.7544582256E-02
-0.8375  9.6616399577E-02 -8.4705051045E-03 -7.0796273551E-02  1.7678438151E-02
-0.8250  9.6997506090E-02 -8.5634695297E-03 -6.8508225120E-02  1.7752999850E-02
-0.8125  9.7483059606E-02 -8.6585911111E-03 -6.6312401490E-02  1.7782964531E-02
-0.8000  9.8055600788E-02 -8.7615885028E-03 -6.4197837795E-02  1.7780767724E-02
-0.7875  9.8700348912E-02 -8.8770806616E-03 -6.2154862875E-02  1.7756880562E-02
-0.7750  9.9404864545E-02 -9.0087189015E-03 -6.0174900676E-02  1.7720066379E-02
-0.7625  1.0015875464E-01 -9.1593025476E-03 -5.8250312627E-02  1.7677607260E-02
-0.7500  1.0095341087E-01 -9.3308838796E-03 -5.6374271376E-02  1.7635507283E-02
-0.7375  1.0178177508E-01 -9.5248658241E-03 -5.4540657639E-02  1.7598676186E-02
-0.7250  1.0263812779E-01 -9.7420942327E-03 -5.2743973559E-02  1.7571095146E-02
-0.7125  1.0351789729E-01 -9.9829453371E-03 -5.0979267764E-02  1.7555965066E-02
-0.7000  1.0441748805E-01 -1.0247408074E-02 -4.9242068919E-02  1.7555837303E-02
-0.6875  1.0533412765E-01 -1.0535160397E-02 -4.7528326029E-02  1.7572726781E-02
-0.6750  1.0626573187E-01 -1.0845638490E-02 -4.5834354712E-02  1.7608207926E-02
-0.6625  1.0721078755E-01 -1.1178097857E-02 -4.4156789306E-02  1.7663494431E-02
-0.6500  1.0816825249E-01 -1.1531665632E-02 -4.2492540852E-02  1.7739504483E-02
-0.6375  1.0913747131E-01 -1.1905383894E-02 -4.0838760950E-02  1.7836913489E-02
-0.6250  1.1011810580E-01 -1.2298244295E-02 -3.9192811209E-02  1.7956196577E-02
-0.6125  1.1111007802E-01 -1.2709214757E-02 -3.7552237747E-02  1.8097663095E-02
-0.6000  1.1211352406E-01 -1.3137259341E-02 -3.5914749939E-02  1.8261485082E-02
-0.5875  1.1312875668E-01 -1.3581352518E-02 -3.4278202490E-02  1.8447721321E-02
-0.5750  1.1415623484E-01 -1.4040489149E-02 -3.2640579922E-02  1.8656338120E-02
-0.5625  1.1519653872E-01 -1.4513691302E-02 -3.0999982692E-02  1.8887227567E-02
-0.5500  1.1625034890E-01 -1.5000012896E-02 -2.9354614365E-02  1.9140223644E-02
-0.5375  1.1731842883E-01 -1.5498542863E-02 -2.7702769516E-02  1.9415116376E-02
-0.5250  1.1840161007E-01 -1.6008407338E-02 -2.6042822258E-02  1.9711664047E-02
-0.5125  1.1950077979E-01 -1.6528771162E-02 -2.4373215433E-02  2.0029603519E-02
-0.5000  1.2061687043E-01 -1.7058838852E-02 -2.2692450617E-02  2.0368658706E-02
-0.4875  1.2175085121E-01 -1.7597855108E-02 -2.0999079077E-02  2.0728547371E-02
-0.4750  1.2290372150E-01 -1.8145104891E-02 -1.9291693758E-02  2.1108986438E-02
-0.4625  1.2407650564E-01 -1.8699913094E-02 -1.7568922323E-02  2.1509696090E-02
-0.4500  1.2527024924E-01 -1.9261643861E-02 -1.5829421136E-02  2.1930402922E-02
-0.4375  1.2648601653E-01 -1.9829699592E-02 -1.4071870029E-02  2.2370842405E-02
-0.4250  1.2772488854E-01 -2.0403519707E-02 -1.2294967655E-02  2.2830760831E-02
-0.4125  1.2898796202E-01 -2.0982579227E-02 -1.0497427225E-02  2.3309916893E-02
-0.4000  1.3027634875E-01 -2.1566387217E-02 -8.6779724678E-03  2.3808082976E-02
-0.3875  1.3159117529E-01 -2.2154485141E-02 -6.8353337252E-03  2.4325046175E-02
-0.3750  1.3293358295E-01 -2.2746445139E-02 -4.9682441244E-03  2.4860609077E-02
-0.3625  1.3430472809E-01 -2.3341868258E-02 -3.0754358651E-03  2.5414590294E-02
-0.3500  1.3570578267E-01 -2.3940382659E-02 -1.1556366589E-03  2.5986824781E-02
-0.3375  1.3713793512E-01 -2.4541641808E-02  7.9243362005E-04  2.6577163977E-02
-0.3250  1.3860239155E-01 -2.5145322703E-02  2.7700660376E-03  2.7185475799E-02
-0.3125  1.4010037721E-01 -2.5751124157E-02  4.7785654474E-03  2.7811644568E-02
-0.3000  1.4163313824E-01 -2.6358765175E-02  6.8192531168E-03  2.8455570902E-02
-0.2875  1.4320194373E-01 -2.6967983449E-02  8.8934691903E-03  2.9117171604E-02
-0.2750  1.4480808786E-01 -2.7578533975E-02  1.1002575069E-02  2.9796379584E-02
-0.2625  1.4645289221E-01 -2.8190187789E-02  1.3147955782E-02  3.0493143790E-02
-0.2500  1.4813770823E-01 -2.8802730792E-02  1.5331022414E-02  3.1207429153E-02
-0.2375  1.4986391962E-01 -2.9415962636E-02  1.7553214624E-02  3.1939216529E-02
-0.2250  1.5163294487E-01 -3.0029695634E-02  1.9816003260E-02  3.2688502635E-02
-0.2125  1.5344623984E-01 -3.0643753659E-02  2.2120893068E-02  3.3455299991E-02
-0.2000  1.5530530032E-01 -3.1257971038E-02  2.4469425458E-02  3.4239636892E-02
-0.1875  1.5721166472E-01 -3.1872191437E-02  2.6863181330E-02  3.5041557450E-02
-0.1750  1.5916691689E-01 -3.2486266771E-02  2.9303783929E-02  3.5861121757E-02
-0.1625  1.6117268900E-01 -3.3100056189E-02  3.1792901775E-02  3.6698406177E-02
-0.1500  1.6323066454E-01 -3.3713425169E-02  3.4332251685E-02  3.7553503814E-02
-0.1375  1.6534258153E-01 -3.4326244774E-02  3.6923601976E-02  3.8426525124E-02
-0.1250  1.6751023583E-01 -3.4938391095E-02  3.9568775878E-02  3.9317598645E-02
-0.1125  1.6973548459E-01 -3.5549744873E-02  4.2269655248E-02  4.0226871788E-02
-0.1000  1.7202024992E-01 -3.6160191291E-02  4.5028184618E-02  4.1154511629E-02
-0.0875  1.7436652270E-01 -3.6769619888E-02  4.7846375588E-02  4.2100705634E-02
-0.0750  1.7677636662E-01 -3.7377924547E-02  5.0726311575E-02  4.3065662267E-02
-0.0625  1.7925192249E-01 -3.7985003487E-02  5.3670152887E-02  4.4049611469E-02
-0.0500  1.8179541269E-01 -3.8590759233E-02  5.6680142098E-02  4.5052804989E-02
-0.0375  1.8440914607E-01 -3.9195098515E-02  5.9758609689E-02  4.6075516622E-02
-0.0250  1.8709552298E-01 -3.9797932080E-02  6.2907979944E-02  4.7118042368E-02
-0.0125  1.8985704080E-01 -4.0399174445E-02  6.6130777108E-02  4.8180700589E-02
-0.0000  1.9269629975E-01 -4.0998743581E-02  6.9429631833E-02  4.9263832188E-02
 0.0125  1.9561600910E-01 -4.1596560581E-02  7.2807287946E-02  5.0367800848E-02
 0.0250  1.9861899385E-01 -4.2192549318E-02  7.6266609615E-02  5.1492993334E-02
 0.0375  2.0170820192E-01 -4.2786636121E-02  7.9810588946E-02  5.2639819857E-02
 0.0500  2.0488671181E-01 -4.3378749466E-02  8.3442354088E-02  5.3808714470E-02
 0.0625  2.0815774090E-01 -4.3968819689E-02  8.7165177854E-02  5.5000135473E-02
 0.0750  2.1152465435E-01 -4.4556778673E-02  9.0982486922E-02  5.6214565806E-02
 0.0875  2.1499097474E-01 -4.5142559527E-02  9.4897871602E-02  5.7452513435E-02
 0.1000  2.1856039247E-01 -4.5726096199E-02  9.8915096220E-02  5.8714511745E-02
 0.1125  2.2223677693E-01 -4.6307323032E-02  1.0303811013E-01  6.0001119973E-02
 0.1250  2.2602418867E-01 -4.6886174244E-02  1.0727105942E-01  6.1312923758E-02
 0.1375  2.2992689242E-01 -4.7462583358E-02  1.1161829936E-01  6.2650535850E-02
 0.1500  2.3394937123E-01 -4.8036482579E-02  1.1608440774E-01  6.4014597069E-02
 0.1625  2.3809634174E-01 -4.8607802159E-02  1.2067419922E-01  6.5405777558E-02
 0.1750  2.4237277063E-01 -4.9176469778E-02  1.2539274079E-01  6.6824778396E-02
 0.1875  2.4678389252E-01 -4.9742409970E-02  1.3024536863E-01  6.8272333594E-02
 0.2000  2.5133522924E-01 -5.0305543614E-02  1.3523770649E-01  6.9749212488E-02
 0.2125  2.5603261085E-01 -5.0865787537E-02  1.4037568582E-01  7.1256222556E-02
 0.2250  2.6088219842E-01 -5.1423054218E-02  1.4566556794E-01  7.2794212620E-02
 0.2375  2.6589050875E-01 -5.1977251621E-02  1.5111396842E-01  7.4364076445E-02
 0.2500  2.7106444147E-01 -5.2528283162E-02  1.5672788398E-01  7.5966756690E-02
 0.2625  2.7641130844E-01 -5.3076047793E-02  1.6251472221E-01  7.7603249186E-02
 0.2750  2.8193886607E-01 -5.3620440194E-02  1.6848233442E-01  7.9274607499E-02
 0.2875  2.8765535069E-01 -5.4161351044E-02  1.7463905190E-01  8.0981947740E-02
 0.3000  2.9356951736E-01 -5.4698667324E-02  1.8099372607E-01  8.2726453573E-02
 0.3125  2.9969068272E-01 -5.5232272589E-02  1.8755577277E-01  8.4509381396E-02
 0.3250  3.0602877211E-01 -5.5762047138E-02  1.9433522116E-01  8.6332065703E-02
 0.3375  3.1259437178E-01 -5.6287867993E-02  2.0134276775E-01  8.8195924651E-02
 0.3500  3.1939878661E-01 -5.6809608612E-02  2.0858983594E-01  9.0102465958E-02
 0.3625  3.2645410416E-01 -5.7327138237E-02  2.1608864191E-01  9.2053293278E-02
 0.3750  3.3377326579E-01 -5.7840320844E-02  2.2385226738E-01  9.4050113345E-02
 0.3875  3.4137014593E-01 -5.8349013657E-02  2.3189474045E-01  9.6094744180E-02
 0.4000  3.4925964040E-01 -5.8853065276E-02  2.4023112552E-01  9.8189124770E-02
 0.4125  3.5745776523E-01 -5.9352313499E-02  2.4887762408E-01  1.0033532662E-01
 0.4250  3.6598176754E-01 -5.9846583027E-02  2.5785168805E-01  1.0253556750E-01
 0.4375  3.7485025034E-01 -6.0335683274E-02  2.6717214826E-01  1.0479222768E-01
 0.4500  3.8408331350E-01 -6.0819406594E-02  2.7685936076E-01  1.0710786853E-01
 0.4625  3.9370271380E-01 -6.1297527237E-02  2.8693537446E-01  1.0948525324E-01
 0.4750  4.0373204718E-01 -6.1769801335E-02  2.9742412365E-01  1.1192736876E-01
 0.4875  4.1419695716E-01 -6.2235968093E-02  3.0835164965E-01  1.1443744772E-01
 0.5000  4.2512537408E-01 -6.2695752199E-02  3.1974635587E-01  1.1701898831E-01
 0.5125  4.3654779012E-01 -6.3148867112E-02  3.3163930049E-01  1.1967576996E-01
 0.5250  4.4849757619E-01 -6.3595018499E-02  3.4406453076E-01  1.2241186229E-01
 0.5375  4.6101134693E-01 -6.4033906526E-02  3.5705946258E-01  1.2523162512E-01
 0.5500  4.7412938110E-01 -6.4465225156E-02  3.7066530843E-01  1.2813969863E-01
 0.5625  4.8789610498E-01 -6.4888655991E-02  3.8492755635E-01  1.3114098453E-01
 0.5750  5.0236064772E-01 -6.5303853775E-02  3.9989650336E-01  1.3424062284E-01
 0.5875  5.1757747905E-01 -6.5710420531E-02  4.1562784824E-01  1.3744397364E-01
 0.6000  5.3360714275E-01 -6.6107865613E-02  4.3218335325E-01  1.4075661954E-01
 0.6125  5.5051710440E-01 -6.6495550100E-02  4.4963159234E-01  1.4418441211E-01
 0.6250  5.6838274040E-01 -6.6872615929E-02  4.6804881749E-01  1.4773359314E-01
 0.6375  5.8728850870E-01 -6.7237903375E-02  4.8751999592E-01  1.5141102814E-01
 0.6500  6.0732936230E-01 -6.7589864807E-02  5.0814010166E-01  1.5522459157E-01
 0.6625  6.2861249573E-01 -6.7926487908E-02  5.3001578622E-01  1.5918373916E-01
 0.6750  6.5125955483E-01 -6.8245247245E-02  5.5326760485E-01  1.6330028618E-01
 0.6875  6.7540949151E-01 -6.8543107975E-02  5.7803303575E-01  1.6758937838E-01
 0.7000  7.0122230653E-01 -6.8816607898E-02  6.0447059323E-01  1.7207058989E-01
 0.7125  7.2888399108E-01 -6.9062041476E-02  6.3276539301E-01  1.7676900735E-01
 0.7250  7.5861304229E-01 -6.9275758533E-02  6.6313656211E-01  1.8171606542E-01
 0.7375  7.9066897633E-01 -6.9454567460E-02  6.9584687696E-01  1.8694979707E-01
 0.7500  8.2536327574E-01 -6.9596194173E-02  7.3121493618E-01  1.9251407918E-01
 0.7625  8.6307316802E-01 -6.9699691390E-02  7.6963001091E-01  1.9845643647E-01
 0.7750  9.0425853353E-01 -6.9765618585E-02  8.1156946750E-01  2.0482409045E-01
 0.7875  9.4948211493E-01 -6.9795727611E-02  8.5761838341E-01  2.1165831048E-01
 0.8000  9.9943317018E-01 -6.9791808903E-02  9.0849085105E-01  2.1898788104E-01
 0.8125  1.0549550891E+00 -6.9753310132E-02  9.6505288725E-01  2.2682379504E-01
 0.8250  1.1170789603E+00 -6.9673386705E-02  1.0283486536E+00  2.3515924033E-01
 0.8375  1.1870690014E+00 -6.9533259613E-02  1.0996364043E+00  2.4398154918E-01
 0.8500  1.2664947552E+00 -6.9295231849E-02  1.1804510450E+00  2.5330565032E-01
 0.8625  1.3573637107E+00 -6.8895503156E-02  1.2727313348E+00  2.6324051685E-01
 0.8750  1.4623845088E+00 -6.8238912277E-02  1.3790896098E+00  2.7409834954E-01
 0.8875  1.5854975436E+00 -6.7198450396E-02  1.5033723522E+00  2.8654510245E-01
 0.9000  1.7329234931E+00 -6.5621970793E-02  1.6517760151E+00  3.0176045292E-01
 0.9125  1.9151612847E+00 -6.3346950323E-02  1.8349599781E+00  3.2151113661E-01
 0.9250  2.1506473139E+00 -6.0227452859E-02  2.0718616047E+00  3.4793091827E-01
 0.9375  2.4723070034E+00 -5.6210180939E-02  2.3963985300E+00  3.8264873713E-01
 0.9500  2.9397754620E+00 -5.1610186774E-02  2.8697337253E+00  4.2474372098E-01
 0.9625  3.6664618552E+00 -4.7904448479E-02  3.6071505347E+00  4.6669453064E-01
 0.9750  4.8979733288E+00 -4.8704358707E-02  4.8559564065E+00  4.8540544974E-01
 0.9875  7.2875958527E+00 -5.3653333408E-02  7.2693783662E+00  4.1221807828E-01
 1.0000  1.2918705389E+01  7.4766446330E-72  1.2918705389E+01 -1.9244310723E-18
