lambda(um), Cext(cm^2/H), albedo, <cos>, # of angles
   0.65630  4.38416E-23   0.74010   0.51866   161
cos(theta),     S11,               S12,             S33,             S34
-1.0000  1.4928467678E-01  3.5586014442E-18 -1.4928467678E-01 -3.9460969213E-19
-0.9875  1.4648277692E-01  3.2350212826E-04 -1.4630994317E-01  1.9633339512E-04
-0.9750  1.4399411938E-01  5.6057509726E-04 -1.4332301800E-01  3.4280936678E-04
-0.9625  1.4179103822E-01  7.0877696596E-04 -1.4032428052E-01  4.4842446911E-04
-0.9500  1.3984903655E-01  7.6727947150E-04 -1.3731455733E-01  5.2082161447E-04
-0.9375  1.3814630370E-01  7.3651298591E-04 -1.3429501430E-01  5.6651913798E-04
-0.9250  1.3666331730E-01  6.1787933884E-04 -1.3126706723E-01  5.9109921882E-04
-0.9125  1.3538251533E-01  4.1352016069E-04 -1.2823230822E-01  5.9936287537E-04
-0.9000  1.3428802537E-01  1.2613057513E-04 -1.2519244487E-01  5.9545749536E-04
-0.8875  1.3336544092E-01 -2.4119012867E-04 -1.2214925029E-01  5.8298182091E-04
-0.8750  1.3260163615E-01 -6.8505772373E-04 -1.1910452191E-01  5.6507244384E-04
-0.8625  1.3198461226E-01 -1.2018978208E-03 -1.1606004784E-01  5.4447515075E-04
-0.8500  1.3150336955E-01 -1.7880208227E-03 -1.1301757924E-01  5.2360386475E-04
-0.8375  1.3114780060E-01 -2.4396808478E-03 -1.0997880792E-01  5.0458944044E-04
-0.8250  1.3090860068E-01 -3.1531217237E-03 -1.0694534820E-01  4.8932016346E-04
-0.8125  1.3077719226E-01 -3.9246125788E-03 -1.0391872231E-01  4.7947547189E-04
-0.8000  1.3074566098E-01 -4.7504750935E-03 -1.0090034887E-01  4.7655414081E-04
-0.7875  1.3080670102E-01 -5.6271040870E-03 -9.7891533794E-02  4.8189794432E-04
-0.7750  1.3095356815E-01 -6.5509827979E-03 -9.4893463346E-02  4.9671162275E-04
-0.7625  1.3118003906E-01 -7.5186939601E-03 -9.1907198954E-02  5.2207982893E-04
-0.7500  1.3148037584E-01 -8.5269275621E-03 -8.8933673507E-02  5.5898160218E-04
-0.7375  1.3184929468E-01 -9.5724860042E-03 -8.5973688909E-02  6.0830281500E-04
-0.7250  1.3228193803E-01 -1.0652287228E-02 -8.3027914669E-02  6.7084695368E-04
-0.7125  1.3277384968E-01 -1.1763366276E-02 -8.0096887394E-02  7.4734452509E-04
-0.7000  1.3332095217E-01 -1.2902875650E-02 -7.7181010996E-02  8.3846132601E-04
-0.6875  1.3391952628E-01 -1.4068084749E-02 -7.4280557535E-02  9.4480576577E-04
-0.6750  1.3456619213E-01 -1.5256378631E-02 -7.1395668568E-02  1.0669353964E-03
-0.6625  1.3525789175E-01 -1.6465256260E-02 -6.8526356912E-02  1.2053627742E-03
-0.6500  1.3599187286E-01 -1.7692328389E-02 -6.5672508770E-02  1.3605607534E-03
-0.6375  1.3676567380E-01 -1.8935315188E-02 -6.2833886115E-02  1.5329672917E-03
-0.6250  1.3757710924E-01 -2.0192043694E-02 -6.0010129307E-02  1.7229898345E-03
-0.6125  1.3842425691E-01 -2.1460445148E-02 -5.7200759867E-02  1.9310093293E-03
-0.6000  1.3930544493E-01 -2.2738552275E-02 -5.4405183380E-02  2.1573839138E-03
-0.5875  1.4021923997E-01 -2.4024496525E-02 -5.1622692473E-02  2.4024523133E-03
-0.5750  1.4116443590E-01 -2.5316505324E-02 -4.8852469837E-02  2.6665369756E-03
-0.5625  1.4214004318E-01 -2.6612899333E-02 -4.6093591270E-02  2.9499469676E-03
-0.5500  1.4314527869E-01 -2.7912089741E-02 -4.3345028690E-02  3.2529806532E-03
-0.5375  1.4417955618E-01 -2.9212575598E-02 -4.0605653120E-02  3.5759281708E-03
-0.5250  1.4524247716E-01 -3.0512941190E-02 -3.7874237599E-02  3.9190737224E-03
-0.5125  1.4633382235E-01 -3.1811853472E-02 -3.5149460006E-02  4.2826976894E-03
-0.5000  1.4745354356E-01 -3.3108059542E-02 -3.2429905787E-02  4.6670785836E-03
-0.4875  1.4860175603E-01 -3.4400384178E-02 -2.9714070545E-02  5.0724948452E-03
-0.4750  1.4977873126E-01 -3.5687727426E-02 -2.7000362504E-02  5.4992264940E-03
-0.4625  1.5098489024E-01 -3.6969062241E-02 -2.4287104812E-02  5.9475566437E-03
-0.4500  1.5222079714E-01 -3.8243432183E-02 -2.1572537677E-02  6.4177728842E-03
-0.4375  1.5348715340E-01 -3.9509949171E-02 -1.8854820325E-02  6.9101685394E-03
-0.4250  1.5478479227E-01 -4.0767791285E-02 -1.6132032767E-02  7.4250438057E-03
-0.4125  1.5611467377E-01 -4.2016200627E-02 -1.3402177364E-02  7.9627067756E-03
-0.4000  1.5747787999E-01 -4.3254481232E-02 -1.0663180176E-02  8.5234743521E-03
-0.3875  1.5887561087E-01 -4.4481997031E-02 -7.9128920934E-03  9.1076730566E-03
-0.3750  1.6030918035E-01 -4.5698169871E-02 -5.1490897382E-03  9.7156397350E-03
-0.3625  1.6178001290E-01 -4.6902477585E-02 -2.3694761214E-03  1.0347722164E-02
-0.3500  1.6328964051E-01 -4.8094452114E-02  4.2831894463E-04  1.1004279561E-02
-0.3375  1.6483969996E-01 -4.9273677682E-02  3.2467386908E-03  1.1685683000E-02
-0.3250  1.6643193063E-01 -5.0439789019E-02  6.0882995002E-03  1.2392315735E-02
-0.3125  1.6806817253E-01 -5.1592469637E-02  8.9555912900E-03  1.3124573426E-02
-0.3000  1.6975036490E-01 -5.2731450159E-02  1.1851278172E-02  1.3882864289E-02
-0.2875  1.7148054507E-01 -5.3856506685E-02  1.4778099406E-02  1.4667609138E-02
-0.2750  1.7326084774E-01 -5.4967459220E-02  1.7738870641E-02  1.5479241351E-02
-0.2625  1.7509350475E-01 -5.6064170135E-02  2.0736485473E-02  1.6318206738E-02
-0.2500  1.7698084511E-01 -5.7146542683E-02  2.3773917304E-02  1.7184963322E-02
-0.2375  1.7892529553E-01 -5.8214519542E-02  2.6854221533E-02  1.8079981026E-02
-0.2250  1.8092938133E-01 -5.9268081418E-02  2.9980538072E-02  1.9003741269E-02
-0.2125  1.8299572775E-01 -6.0307245664E-02  3.3156094205E-02  1.9956736466E-02
-0.2000  1.8512706171E-01 -6.1332064946E-02  3.6384207793E-02  2.0939469431E-02
-0.1875  1.8732621397E-01 -6.2342625938E-02  3.9668290843E-02  2.1952452682E-02
-0.1750  1.8959612172E-01 -6.3339048037E-02  4.3011853450E-02  2.2996207639E-02
-0.1625  1.9193983163E-01 -6.4321482113E-02  4.6418508109E-02  2.4071263731E-02
-0.1500  1.9436050335E-01 -6.5290109265E-02  4.9891974435E-02  2.5178157377E-02
-0.1375  1.9686141346E-01 -6.6245139602E-02  5.3436084273E-02  2.6317430870E-02
-0.1250  1.9944595987E-01 -6.7186811025E-02  5.7054787237E-02  2.7489631139E-02
-0.1125  2.0211766677E-01 -6.8115388023E-02  6.0752156673E-02  2.8695308396E-02
-0.1000  2.0488018998E-01 -6.9031160454E-02  6.4532396065E-02  2.9935014658E-02
-0.0875  2.0773732290E-01 -6.9934442333E-02  6.8399845906E-02  3.1209302140E-02
-0.0750  2.1069300291E-01 -7.0825570595E-02  7.2358991034E-02  3.2518721518E-02
-0.0625  2.1375131834E-01 -7.1704903841E-02  7.6414468466E-02  3.3863820057E-02
-0.0500  2.1691651602E-01 -7.2572821059E-02  8.0571075729E-02  3.5245139593E-02
-0.0375  2.2019300930E-01 -7.3429720307E-02  8.4833779721E-02  3.6663214370E-02
-0.0250  2.2358538680E-01 -7.4276017350E-02  8.9207726112E-02  3.8118568724E-02
-0.0125  2.2709842165E-01 -7.5112144252E-02  9.3698249304E-02  3.9611714606E-02
-0.0000  2.3073708142E-01 -7.5938547903E-02  9.8310882973E-02  4.1143148949E-02
 0.0125  2.3450653865E-01 -7.6755688476E-02  1.0305137121E-01  4.2713350854E-02
 0.0250  2.3841218214E-01 -7.7564037810E-02  1.0792568031E-01  4.4322778606E-02
 0.0375  2.4245962882E-01 -7.8364077701E-02  1.1294001116E-01  4.5971866508E-02
 0.0500  2.4665473645E-01 -7.9156298093E-02  1.1810081233E-01  4.7661021526E-02
 0.0625  2.5100361699E-01 -7.9941195162E-02  1.2341479391E-01  4.9390619733E-02
 0.0750  2.5551265083E-01 -8.0719269277E-02  1.2888894198E-01  5.1161002558E-02
 0.0875  2.6018850173E-01 -8.1491022830E-02  1.3453053390E-01  5.2972472827E-02
 0.1000  2.6503813271E-01 -8.2256957920E-02  1.4034715436E-01  5.4825290579E-02
 0.1125  2.7006882278E-01 -8.3017573881E-02  1.4634671231E-01  5.6719668671E-02
 0.1250  2.7528818453E-01 -8.3773364640E-02  1.5253745865E-01  5.8655768151E-02
 0.1375  2.8070418278E-01 -8.4524815888E-02  1.5892800490E-01  6.0633693390E-02
 0.1500  2.8632515418E-01 -8.5272402061E-02  1.6552734275E-01  6.2653486979E-02
 0.1625  2.9215982785E-01 -8.6016583100E-02  1.7234486465E-01  6.4715124371E-02
 0.1750  2.9821734710E-01 -8.6757800994E-02  1.7939038535E-01  6.6818508275E-02
 0.1875  3.0450729242E-01 -8.7496476069E-02  1.8667416459E-01  6.8963462776E-02
 0.2000  3.1103970550E-01 -8.8233003034E-02  1.9420693086E-01  7.1149727200E-02
 0.2125  3.1782511466E-01 -8.8967746737E-02  2.0199990640E-01  7.3376949693E-02
 0.2250  3.2487456155E-01 -8.9701037638E-02  2.1006483343E-01  7.5644680526E-02
 0.2375  3.3219962929E-01 -9.0433166974E-02  2.1841400170E-01  7.7952365113E-02
 0.2500  3.3981247209E-01 -9.1164381589E-02  2.2706027746E-01  8.0299336733E-02
 0.2625  3.4772584640E-01 -9.1894878422E-02  2.3601713390E-01  8.2684808962E-02
 0.2750  3.5595314381E-01 -9.2624798627E-02  2.4529868320E-01  8.5107867796E-02
 0.2875  3.6450842568E-01 -9.3354221305E-02  2.5491971017E-01  8.7567463479E-02
 0.3000  3.7340645958E-01 -9.4083156829E-02  2.6489570784E-01  9.0062402010E-02
 0.3125  3.8266275789E-01 -9.4811539733E-02  2.7524291478E-01  9.2591336352E-02
 0.3250  3.9229361841E-01 -9.5539221151E-02  2.8597835463E-01  9.5152757318E-02
 0.3375  4.0231616729E-01 -9.6265960774E-02  2.9711987775E-01  9.7744984145E-02
 0.3500  4.1274840452E-01 -9.6991418302E-02  3.0868620530E-01  1.0036615476E-01
 0.3625  4.2360925193E-01 -9.7715144368E-02  3.2069697591E-01  1.0301421574E-01
 0.3750  4.3491860417E-01 -9.8436570896E-02  3.3317279508E-01  1.0568691193E-01
 0.3875  4.4669738276E-01 -9.9155000875E-02  3.4613528775E-01  1.0838177581E-01
 0.4000  4.5896759354E-01 -9.9869597514E-02  3.5960715413E-01  1.1109611653E-01
 0.4125  4.7175238776E-01 -1.0057937274E-01  3.7361222923E-01  1.1382700867E-01
 0.4250  4.8507612727E-01 -1.0128317502E-01  3.8817554645E-01  1.1657128074E-01
 0.4375  4.9896445417E-01 -1.0197967647E-01  4.0332340567E-01  1.1932550340E-01
 0.4500  5.1344436531E-01 -1.0266735916E-01  4.1908344627E-01  1.2208597748E-01
 0.4625  5.2854429232E-01 -1.0334450075E-01  4.3548472589E-01  1.2484872173E-01
 0.4750  5.4429418763E-01 -1.0400915914E-01  4.5255780530E-01  1.2760946049E-01
 0.4875  5.6072561744E-01 -1.0465915642E-01  4.7033484050E-01  1.3036361106E-01
 0.5000  5.7787186225E-01 -1.0529206179E-01  4.8884968285E-01  1.3310627103E-01
 0.5125  5.9576802608E-01 -1.0590517367E-01  5.0813798851E-01  1.3583220550E-01
 0.5250  6.1445115568E-01 -1.0649550075E-01  5.2823733838E-01  1.3853583418E-01
 0.5375  6.3396037096E-01 -1.0705974214E-01  5.4918737043E-01  1.4121121839E-01
 0.5500  6.5433700855E-01 -1.0759426644E-01  5.7102992631E-01  1.4385204795E-01
 0.5625  6.7562478038E-01 -1.0809508978E-01  5.9380921465E-01  1.4645162789E-01
 0.5750  6.9786994997E-01 -1.0855785285E-01  6.1757199409E-01  1.4900286475E-01
 0.5875  7.2112152941E-01 -1.0897779674E-01  6.4236777959E-01  1.5149825233E-01
 0.6000  7.4543150073E-01 -1.0934973773E-01  6.6824907647E-01  1.5392985635E-01
 0.6125  7.7085506635E-01 -1.0966804078E-01  6.9527164759E-01  1.5628929744E-01
 0.6250  7.9745093427E-01 -1.0992659184E-01  7.2349482038E-01  1.5856773144E-01
 0.6375  8.2528164514E-01 -1.1011876859E-01  7.5298184194E-01  1.6075582553E-01
 0.6500  8.5441394998E-01 -1.1023740947E-01  7.8380029235E-01  1.6284372802E-01
 0.6625  8.8491924961E-01 -1.1027478057E-01  8.1602256886E-01  1.6482102885E-01
 0.6750  9.1687410985E-01 -1.1022253964E-01  8.4972645643E-01  1.6667670634E-01
 0.6875  9.5036086976E-01 -1.1007169626E-01  8.8499580408E-01  1.6839905418E-01
 0.7000  9.8546836535E-01 -1.0981256660E-01  9.2192133093E-01  1.6997558031E-01
 0.7125  1.0222927966E+00 -1.0943472041E-01  9.6060159165E-01  1.7139286603E-01
 0.7250  1.0609387735E+00 -1.0892691695E-01  1.0011441384E+00  1.7263636951E-01
 0.7375  1.1015205867E+00 -1.0827702495E-01  1.0436669246E+00  1.7369015219E-01
 0.7500  1.1441637597E+00 -1.0747191964E-01  1.0883000085E+00  1.7453649903E-01
 0.7625  1.1890069571E+00 -1.0649734707E-01  1.1351876254E+00  1.7515539338E-01
 0.7750  1.2362043420E+00 -1.0533774187E-01  1.1844907174E+00  1.7552379413E-01
 0.7875  1.2859285025E+00 -1.0397597928E-01  1.2363900291E+00  1.7561464551E-01
 0.8000  1.3383741005E+00 -1.0239303508E-01  1.2910899020E+00  1.7539552674E-01
 0.8125  1.3937624375E+00 -1.0056751706E-01  1.3488229359E+00  1.7482681932E-01
 0.8250  1.4523471867E+00 -9.8475018679E-02  1.4098557214E+00  1.7385923057E-01
 0.8375  1.5144216108E+00 -9.6087227832E-02  1.4744958984E+00  1.7243046195E-01
 0.8500  1.5803276694E+00 -9.3370700635E-02  1.5431008530E+00  1.7046074486E-01
 0.8625  1.6504675362E+00 -9.0285179009E-02  1.6160884416E+00  1.6784688260E-01
 0.8750  1.7253181847E+00 -8.6781290467E-02  1.6939502165E+00  1.6445432816E-01
 0.8875  1.8054498841E+00 -8.2797415134E-02  1.7772677401E+00  1.6010668742E-01
 0.9000  1.8915496758E+00 -7.8255435303E-02  1.8667327101E+00  1.5457185802E-01
 0.9125  1.9844511920E+00 -7.3054991878E-02  1.9631717774E+00  1.4754378393E-01
 0.9250  2.0851725466E+00 -6.7065753798E-02  2.0675771464E+00  1.3861851239E-01
 0.9375  2.1949644936E+00 -6.0117053185E-02  2.1811442838E+00  1.2726286514E-01
 0.9500  2.3153716406E+00 -5.1984040636E-02  2.3053183661E+00  1.1277355939E-01
 0.9625  2.4483102435E+00 -4.2369259389E-02  2.4418514526E+00  9.4224008904E-02
 0.9750  2.5961670515E+00 -3.0878208011E-02  2.5928728120E+00  7.0395267789E-02
 0.9875  2.7619248483E+00 -1.6987039008E-02  2.7609753615E+00  3.9686608740E-02
 1.0000  2.9493218218E+00  0.0000000000E+00  2.9493218218E+00  2.5234978627E-17
