lambda(um), Cext(cm^2/H), albedo, <cos>, # of angles
   2.19000  1.29595E-23   0.56645   0.17888   161
cos(theta),     S11,               S12,             S33,             S34
-1.0000  4.4320479772E-01 -5.5203460598E-18 -4.4320479772E-01 -1.6121819034E-18
-0.9875  4.3989320983E-01 -4.1274744690E-03 -4.3984278280E-01  2.3817423399E-03
-0.9750  4.3663515232E-01 -8.2314158720E-03 -4.3643305774E-01  4.7657485300E-03
-0.9625  4.3343072562E-01 -1.2311781768E-02 -4.3297513396E-01  7.1517357297E-03
-0.9500  4.3028004045E-01 -1.6368521976E-02 -4.2946852046E-01  9.5394157625E-03
-0.9375  4.2718321791E-01 -2.0401578452E-02 -4.2591272388E-01  1.1928495042E-02
-0.9250  4.2414038965E-01 -2.4410885181E-02 -4.2230724846E-01  1.4318674500E-02
-0.9125  4.2115169804E-01 -2.8396368051E-02 -4.1865159606E-01  1.6709649508E-02
-0.9000  4.1821729626E-01 -3.2357944733E-02 -4.1494526611E-01  1.9101109804E-02
-0.8875  4.1533734851E-01 -3.6295524566E-02 -4.1118775567E-01  2.1492739414E-02
-0.8750  4.1251203015E-01 -4.0209008425E-02 -4.0737855938E-01  2.3884216577E-02
-0.8625  4.0974152784E-01 -4.4098288606E-02 -4.0351716948E-01  2.6275213665E-02
-0.8500  4.0702603969E-01 -4.7963248694E-02 -3.9960307578E-01  2.8665397104E-02
-0.8375  4.0436577546E-01 -5.1803763438E-02 -3.9563576571E-01  3.1054427296E-02
-0.8250  4.0176095668E-01 -5.5619698626E-02 -3.9161472425E-01  3.3441958537E-02
-0.8125  3.9921181681E-01 -5.9410910948E-02 -3.8753943399E-01  3.5827638935E-02
-0.8000  3.9671860144E-01 -6.3177247875E-02 -3.8340937506E-01  3.8211110329E-02
-0.7875  3.9428156844E-01 -6.6918547517E-02 -3.7922402519E-01  4.0592008207E-02
-0.7750  3.9190098809E-01 -7.0634638496E-02 -3.7498285969E-01  4.2969961619E-02
-0.7625  3.8957714331E-01 -7.4325339807E-02 -3.7068535141E-01  4.5344593095E-02
-0.7500  3.8731032980E-01 -7.7990460683E-02 -3.6633097080E-01  4.7715518558E-02
-0.7375  3.8510085618E-01 -8.1629800456E-02 -3.6191918585E-01  5.0082347238E-02
-0.7250  3.8294904425E-01 -8.5243148417E-02 -3.5744946213E-01  5.2444681584E-02
-0.7125  3.8085522906E-01 -8.8830283676E-02 -3.5292126277E-01  5.4802117178E-02
-0.7000  3.7881975919E-01 -9.2390975019E-02 -3.4833404843E-01  5.7154242643E-02
-0.6875  3.7684299684E-01 -9.5924980762E-02 -3.4368727737E-01  5.9500639556E-02
-0.6750  3.7492531810E-01 -9.9432048609E-02 -3.3898040537E-01  6.1840882352E-02
-0.6625  3.7306711305E-01 -1.0291191550E-01 -3.3421288580E-01  6.4174538239E-02
-0.6500  3.7126878599E-01 -1.0636430747E-01 -3.2938416955E-01  6.6501167101E-02
-0.6375  3.6953075564E-01 -1.0978893948E-01 -3.2449370507E-01  6.8820321404E-02
-0.6250  3.6785345530E-01 -1.1318551529E-01 -3.1954093838E-01  7.1131546104E-02
-0.6125  3.6623733304E-01 -1.1655372730E-01 -3.1452531301E-01  7.3434378549E-02
-0.6000  3.6468285193E-01 -1.1989325637E-01 -3.0944627008E-01  7.5728348385E-02
-0.5875  3.6319049019E-01 -1.2320377169E-01 -3.0430324824E-01  7.8012977456E-02
-0.5750  3.6176074143E-01 -1.2648493061E-01 -2.9909568367E-01  8.0287779707E-02
-0.5625  3.6039411480E-01 -1.2973637849E-01 -2.9382301012E-01  8.2552261084E-02
-0.5500  3.5909113526E-01 -1.3295774852E-01 -2.8848465888E-01  8.4805919434E-02
-0.5375  3.5785234372E-01 -1.3614866158E-01 -2.8308005878E-01  8.7048244404E-02
-0.5250  3.5667829727E-01 -1.3930872605E-01 -2.7760863620E-01  8.9278717338E-02
-0.5125  3.5556956939E-01 -1.4243753766E-01 -2.7206981506E-01  9.1496811173E-02
-0.5000  3.5452675017E-01 -1.4553467931E-01 -2.6646301683E-01  9.3701990336E-02
-0.4875  3.5355044651E-01 -1.4859972092E-01 -2.6078766052E-01  9.5893710638E-02
-0.4750  3.5264128232E-01 -1.5163221922E-01 -2.5504316269E-01  9.8071419166E-02
-0.4625  3.5179989877E-01 -1.5463171762E-01 -2.4922893746E-01  1.0023455418E-01
-0.4500  3.5102695450E-01 -1.5759774601E-01 -2.4334439647E-01  1.0238254499E-01
-0.4375  3.5032312580E-01 -1.6052982056E-01 -2.3738894893E-01  1.0451481188E-01
-0.4250  3.4968910690E-01 -1.6342744360E-01 -2.3136200159E-01  1.0663076595E-01
-0.4125  3.4912561016E-01 -1.6629010339E-01 -2.2526295876E-01  1.0872980905E-01
-0.4000  3.4863336628E-01 -1.6911727394E-01 -2.1909122228E-01  1.1081133362E-01
-0.3875  3.4821312457E-01 -1.7190841486E-01 -2.1284619157E-01  1.1287472263E-01
-0.3750  3.4786565316E-01 -1.7466297112E-01 -2.0652726359E-01  1.1491934942E-01
-0.3625  3.4759173925E-01 -1.7738037291E-01 -2.0013383285E-01  1.1694457761E-01
-0.3500  3.4739218931E-01 -1.8006003542E-01 -1.9366529144E-01  1.1894976096E-01
-0.3375  3.4726782938E-01 -1.8270135865E-01 -1.8712102900E-01  1.2093424327E-01
-0.3250  3.4721950526E-01 -1.8530372724E-01 -1.8050043273E-01  1.2289735826E-01
-0.3125  3.4724808279E-01 -1.8786651023E-01 -1.7380288739E-01  1.2483842944E-01
-0.3000  3.4735444806E-01 -1.9038906090E-01 -1.6702777532E-01  1.2675677000E-01
-0.2875  3.4753950771E-01 -1.9287071655E-01 -1.6017447643E-01  1.2865168265E-01
-0.2750  3.4780418914E-01 -1.9531079829E-01 -1.5324236821E-01  1.3052245957E-01
-0.2625  3.4814944078E-01 -1.9770861087E-01 -1.4623082570E-01  1.3236838219E-01
-0.2500  3.4857623235E-01 -2.0006344243E-01 -1.3913922156E-01  1.3418872114E-01
-0.2375  3.4908555511E-01 -2.0237456430E-01 -1.3196692600E-01  1.3598273609E-01
-0.2250  3.4967842216E-01 -2.0464123083E-01 -1.2471330684E-01  1.3774967562E-01
-0.2125  3.5035586863E-01 -2.0686267910E-01 -1.1737772949E-01  1.3948877710E-01
-0.2000  3.5111895203E-01 -2.0903812880E-01 -1.0995955694E-01  1.4119926653E-01
-0.1875  3.5196875248E-01 -2.1116678191E-01 -1.0245814979E-01  1.4288035845E-01
-0.1750  3.5290637297E-01 -2.1324782256E-01 -9.4872866255E-02  1.4453125579E-01
-0.1625  3.5393293967E-01 -2.1528041677E-01 -8.7203062146E-02  1.4615114970E-01
-0.1500  3.5504960219E-01 -2.1726371225E-01 -7.9448090895E-02  1.4773921946E-01
-0.1375  3.5625753387E-01 -2.1919683812E-01 -7.1607303551E-02  1.4929463233E-01
-0.1250  3.5755793205E-01 -2.2107890476E-01 -6.3680048791E-02  1.5081654338E-01
-0.1125  3.5895201836E-01 -2.2290900350E-01 -5.5665672919E-02  1.5230409539E-01
-0.1000  3.6044103905E-01 -2.2468620644E-01 -4.7563519879E-02  1.5375641868E-01
-0.0875  3.6202626521E-01 -2.2640956621E-01 -3.9372931254E-02  1.5517263099E-01
-0.0750  3.6370899313E-01 -2.2807811569E-01 -3.1093246278E-02  1.5655183730E-01
-0.0625  3.6549054457E-01 -2.2969086781E-01 -2.2723801838E-02  1.5789312973E-01
-0.0500  3.6737226708E-01 -2.3124681531E-01 -1.4263932485E-02  1.5919558735E-01
-0.0375  3.6935553426E-01 -2.3274493045E-01 -5.7129704343E-03  1.6045827604E-01
-0.0250  3.7144174612E-01 -2.3418416481E-01  2.9297544195E-03  1.6168024836E-01
-0.0125  3.7363232938E-01 -2.3556344901E-01  1.1664914501E-02  1.6286054338E-01
-0.0000  3.7592873775E-01 -2.3688169248E-01  2.0493184545E-02  1.6399818655E-01
 0.0125  3.7833245229E-01 -2.3813778317E-01  2.9415241588E-02  1.6509218948E-01
 0.0250  3.8084498171E-01 -2.3933058735E-01  3.8431764959E-02  1.6614154988E-01
 0.0375  3.8346786269E-01 -2.4045894927E-01  4.7543436275E-02  1.6714525132E-01
 0.0500  3.8620266020E-01 -2.4152169097E-01  5.6750939430E-02  1.6810226311E-01
 0.0625  3.8905096786E-01 -2.4251761197E-01  6.6054960586E-02  1.6901154013E-01
 0.0750  3.9201440825E-01 -2.4344548902E-01  7.5456188166E-02  1.6987202267E-01
 0.0875  3.9509463325E-01 -2.4430407582E-01  8.4955312840E-02  1.7068263627E-01
 0.1000  3.9829332435E-01 -2.4509210277E-01  9.4553027524E-02  1.7144229154E-01
 0.1125  4.0161219307E-01 -2.4580827666E-01  1.0425002736E-01  1.7214988401E-01
 0.1250  4.0505298122E-01 -2.4645128039E-01  1.1404700972E-01  1.7280429393E-01
 0.1375  4.0861746131E-01 -2.4701977273E-01  1.2394467417E-01  1.7340438615E-01
 0.1500  4.1230743686E-01 -2.4751238801E-01  1.3394372250E-01  1.7394900992E-01
 0.1625  4.1612474279E-01 -2.4792773580E-01  1.4404485867E-01  1.7443699869E-01
 0.1750  4.2007124577E-01 -2.4826440069E-01  1.5424878883E-01  1.7486716998E-01
 0.1875  4.2414884455E-01 -2.4852094193E-01  1.6455622129E-01  1.7523832519E-01
 0.2000  4.2835947039E-01 -2.4869589318E-01  1.7496786652E-01  1.7554924941E-01
 0.2125  4.3270508738E-01 -2.4878776219E-01  1.8548443714E-01  1.7579871123E-01
 0.2250  4.3718769282E-01 -2.4879503049E-01  1.9610664789E-01  1.7598546262E-01
 0.2375  4.4180931761E-01 -2.4871615313E-01  2.0683521563E-01  1.7610823864E-01
 0.2500  4.4657202665E-01 -2.4854955830E-01  2.1767085933E-01  1.7616575737E-01
 0.2625  4.5147791916E-01 -2.4829364709E-01  2.2861430006E-01  1.7615671963E-01
 0.2750  4.5652912915E-01 -2.4794679313E-01  2.3966626097E-01  1.7607980885E-01
 0.2875  4.6172782574E-01 -2.4750734229E-01  2.5082746726E-01  1.7593369086E-01
 0.3000  4.6707621361E-01 -2.4697361238E-01  2.6209864620E-01  1.7571701368E-01
 0.3125  4.7257653337E-01 -2.4634389278E-01  2.7348052709E-01  1.7542840737E-01
 0.3250  4.7823106197E-01 -2.4561644416E-01  2.8497384126E-01  1.7506648377E-01
 0.3375  4.8404211310E-01 -2.4478949812E-01  2.9657932203E-01  1.7462983638E-01
 0.3500  4.9001203761E-01 -2.4386125688E-01  3.0829770475E-01  1.7411704009E-01
 0.3625  4.9614322394E-01 -2.4282989293E-01  3.2012972671E-01  1.7352665103E-01
 0.3750  5.0243809851E-01 -2.4169354871E-01  3.3207612719E-01  1.7285720633E-01
 0.3875  5.0889912616E-01 -2.4045033623E-01  3.4413764740E-01  1.7210722393E-01
 0.4000  5.1552881056E-01 -2.3909833676E-01  3.5631503049E-01  1.7127520239E-01
 0.4125  5.2232969466E-01 -2.3763560049E-01  3.6860902151E-01  1.7035962064E-01
 0.4250  5.2930436113E-01 -2.3606014613E-01  3.8102036743E-01  1.6935893782E-01
 0.4375  5.3645543278E-01 -2.3436996060E-01  3.9354981707E-01  1.6827159303E-01
 0.4500  5.4378557300E-01 -2.3256299867E-01  4.0619812113E-01  1.6709600511E-01
 0.4625  5.5129748624E-01 -2.3063718255E-01  4.1896603214E-01  1.6583057245E-01
 0.4750  5.5899391842E-01 -2.2859040158E-01  4.3185430446E-01  1.6447367279E-01
 0.4875  5.6687765742E-01 -2.2642051184E-01  4.4486369427E-01  1.6302366292E-01
 0.5000  5.7495153353E-01 -2.2412533578E-01  4.5799495950E-01  1.6147887854E-01
 0.5125  5.8321841988E-01 -2.2170266183E-01  4.7124885989E-01  1.5983763399E-01
 0.5250  5.9168123300E-01 -2.1915024404E-01  4.8462615688E-01  1.5809822204E-01
 0.5375  6.0034293317E-01 -2.1646580169E-01  4.9812761368E-01  1.5625891365E-01
 0.5500  6.0920652500E-01 -2.1364701890E-01  5.1175399517E-01  1.5431795777E-01
 0.5625  6.1827505786E-01 -2.1069154424E-01  5.2550606793E-01  1.5227358104E-01
 0.5750  6.2755162640E-01 -2.0759699034E-01  5.3938460021E-01  1.5012398764E-01
 0.5875  6.3703937101E-01 -2.0436093350E-01  5.5339036189E-01  1.4786735897E-01
 0.6000  6.4674147831E-01 -2.0098091327E-01  5.6752412446E-01  1.4550185349E-01
 0.6125  6.5666118171E-01 -1.9745443204E-01  5.8178666103E-01  1.4302560641E-01
 0.6250  6.6680176183E-01 -1.9377895468E-01  5.9617874626E-01  1.4043672948E-01
 0.6375  6.7716654710E-01 -1.8995190805E-01  6.1070115638E-01  1.3773331074E-01
 0.6500  6.8775891420E-01 -1.8597068067E-01  6.2535466913E-01  1.3491341428E-01
 0.6625  6.9858228862E-01 -1.8183262220E-01  6.4014006375E-01  1.3197507996E-01
 0.6750  7.0964014516E-01 -1.7753504312E-01  6.5505812097E-01  1.2891632319E-01
 0.6875  7.2093600851E-01 -1.7307521423E-01  6.7010962297E-01  1.2573513466E-01
 0.7000  7.3247345370E-01 -1.6845036622E-01  6.8529535334E-01  1.2242948008E-01
 0.7125  7.4425610672E-01 -1.6365768929E-01  7.0061609708E-01  1.1899729991E-01
 0.7250  7.5628764503E-01 -1.5869433263E-01  7.1607264058E-01  1.1543650914E-01
 0.7375  7.6857179810E-01 -1.5355740405E-01  7.3166577155E-01  1.1174499697E-01
 0.7500  7.8111234797E-01 -1.4824396947E-01  7.4739627903E-01  1.0792062659E-01
 0.7625  7.9391312983E-01 -1.4275105251E-01  7.6326495336E-01  1.0396123486E-01
 0.7750  8.0697803256E-01 -1.3707563401E-01  7.7927258614E-01  9.9864632109E-02
 0.7875  8.2031099930E-01 -1.3121465156E-01  7.9541997021E-01  9.5628601783E-02
 0.8000  8.3391602807E-01 -1.2516499908E-01  8.1170789960E-01  9.1250900226E-02
 0.8125  8.4779717227E-01 -1.1892352628E-01  8.2813716953E-01  8.6729256370E-02
 0.8250  8.6195854133E-01 -1.1248703825E-01  8.4470857636E-01  8.2061371468E-02
 0.8375  8.7640430130E-01 -1.0585229494E-01  8.6142291759E-01  7.7244918800E-02
 0.8500  8.9113867539E-01 -9.9016010688E-02  8.7828099177E-01  7.2277543394E-02
 0.8625  9.0616594464E-01 -9.1974853743E-02  8.9528359853E-01  6.7156861730E-02
 0.8750  9.2149044849E-01 -8.4725445756E-02  9.1243153851E-01  6.1880461452E-02
 0.8875  9.3711658539E-01 -7.7264361289E-02  9.2972561335E-01  5.6445901073E-02
 0.9000  9.5304881344E-01 -6.9588127318E-02  9.4716662564E-01  5.0850709674E-02
 0.9125  9.6929165101E-01 -6.1693222719E-02  9.6475537890E-01  4.5092386611E-02
 0.9250  9.8584967736E-01 -5.3576077761E-02  9.8249267752E-01  3.9168401204E-02
 0.9375  1.0027275333E+00 -4.5233073590E-02  1.0003793268E+00  3.3076192438E-02
 0.9500  1.0199299217E+00 -3.6660541707E-02  1.0184161328E+00  2.6813168651E-02
 0.9625  1.0374616084E+00 -2.7854763445E-02  1.0366039023E+00  2.0376707227E-02
 0.9750  1.0553274227E+00 -1.8811969437E-02  1.0549434431E+00  1.3764154277E-02
 0.9875  1.0735322579E+00 -9.5283390809E-03  1.0734355634E+00  6.9728243278E-03
 1.0000  1.0920810723E+00  0.0000000000E+00  1.0920810723E+00  1.7360685036E-18
