lambda(um), Cext(cm^2/H), albedo, <cos>, # of angles
   0.12160  5.30290E-22   0.25783   0.64661   161
cos(theta),     S11,               S12,             S33,             S34
-1.0000  1.2168659879E-01  1.3421647968E-19 -1.2168659879E-01  3.5102906267E-19
-0.9875  1.2079696759E-01 -1.6430884530E-03 -1.2075338427E-01  5.5224697814E-04
-0.9750  1.2001437908E-01 -3.2010672764E-03 -1.1985237038E-01  1.0899931894E-03
-0.9625  1.1931535728E-01 -4.6940093129E-03 -1.1897231103E-01  1.6092416770E-03
-0.9500  1.1868791142E-01 -6.1323660467E-03 -1.1810908631E-01  2.1110859699E-03
-0.9375  1.1812380071E-01 -7.5236467724E-03 -1.1726015928E-01  2.5992343925E-03
-0.9250  1.1761570060E-01 -8.8747061770E-03 -1.1642258915E-01  3.0777934512E-03
-0.9125  1.1715670904E-01 -1.0192008265E-02 -1.1559292292E-01  3.5499396835E-03
-0.9000  1.1674072356E-01 -1.1481198691E-02 -1.1476780072E-01  4.0175224811E-03
-0.8875  1.1636287504E-01 -1.2746703674E-02 -1.1394455918E-01  4.4813297552E-03
-0.8750  1.1601966655E-01 -1.3991645575E-02 -1.1312150273E-01  4.9416502948E-03
-0.8625  1.1570877319E-01 -1.5218084990E-02 -1.1229779858E-01  5.3988136393E-03
-0.8500  1.1542862785E-01 -1.6427451227E-02 -1.1147312057E-01  5.8535112321E-03
-0.8375  1.1517797030E-01 -1.7620983887E-02 -1.1064722659E-01  6.3068415283E-03
-0.8250  1.1495550859E-01 -1.8800044451E-02 -1.0981963102E-01  6.7601336559E-03
-0.8125  1.1475977003E-01 -1.9966230820E-02 -1.0898946364E-01  7.2146665719E-03
-0.8000  1.1458914056E-01 -2.1121305727E-02 -1.0815552438E-01  7.6714099843E-03
-0.7875  1.1444203121E-01 -2.2267007231E-02 -1.0731647664E-01  8.1308807391E-03
-0.7750  1.1431708196E-01 -2.3404833997E-02 -1.0647108766E-01  8.5931531954E-03
-0.7625  1.1421331903E-01 -2.4535889478E-02 -1.0561842436E-01  9.0580051422E-03
-0.7500  1.1413021102E-01 -2.5660836365E-02 -1.0475794128E-01  9.5251389773E-03
-0.7375  1.1406761118E-01 -2.6779969644E-02 -1.0388944088E-01  9.9944007334E-03
-0.7250  1.1402561163E-01 -2.7893377373E-02 -1.0301292892E-01  1.0465928241E-02
-0.7125  1.1400436091E-01 -2.9001133697E-02 -1.0212841877E-01  1.0940188162E-02
-0.7000  1.1400390238E-01 -3.0103463655E-02 -1.0123574913E-01  1.1417899112E-02
-0.6875  1.1402407982E-01 -3.1200833061E-02 -1.0033447037E-01  1.1899872836E-02
-0.6750  1.1406453180E-01 -3.2293942935E-02 -9.9423829479E-02  1.2386827698E-02
-0.6625  1.1412476847E-01 -3.3383637970E-02 -9.8502852195E-02  1.2879233452E-02
-0.6500  1.1420430029E-01 -3.4470763234E-02 -9.7570491756E-02  1.3377233347E-02
-0.6375  1.1430277523E-01 -3.5556016276E-02 -9.6625795936E-02  1.3880664284E-02
-0.6250  1.1442008158E-01 -3.6639840168E-02 -9.5668041095E-02  1.4389165762E-02
-0.6125  1.1455638647E-01 -3.7722388382E-02 -9.4696794214E-02  1.4902342722E-02
-0.6000  1.1471210123E-01 -3.8803569670E-02 -9.3711886690E-02  1.5419932975E-02
-0.5875  1.1488778626E-01 -3.9883157375E-02 -9.2713310057E-02  1.5941930256E-02
-0.5750  1.1508402577E-01 -4.0960929442E-02 -9.1701066161E-02  1.6468628377E-02
-0.5625  1.1530130957E-01 -4.2036797847E-02 -9.0675016485E-02  1.7000575749E-02
-0.5500  1.1553995581E-01 -4.3110890702E-02 -8.9634774190E-02  1.7538455690E-02
-0.5375  1.1580009499E-01 -4.4183565270E-02 -8.8579668938E-02  1.8082929010E-02
-0.5250  1.1608171720E-01 -4.5255350687E-02 -8.7508792703E-02  1.8634485375E-02
-0.5125  1.1638476600E-01 -4.6326839528E-02 -8.6421111245E-02  1.9193346537E-02
-0.5000  1.1670924982E-01 -4.7398561415E-02 -8.5315607235E-02  1.9759448713E-02
-0.4875  1.1705533747E-01 -4.8470876092E-02 -8.4191412574E-02  2.0332508088E-02
-0.4750  1.1742341061E-01 -4.9543916657E-02 -8.3047891381E-02  2.0912149282E-02
-0.4625  1.1781405922E-01 -5.0617598255E-02 -8.1884650099E-02  2.1498058675E-02
-0.4500  1.1822802359E-01 -5.1691688132E-02 -8.0701472796E-02  2.2090117745E-02
-0.4375  1.1866610160E-01 -5.2765915153E-02 -7.9498201526E-02  2.2688477935E-02
-0.4250  1.1912904985E-01 -5.3840085929E-02 -7.8274597443E-02  2.3293556097E-02
-0.4125  1.1961750807E-01 -5.4914173508E-02 -7.7030223476E-02  2.3905953041E-02
-0.4000  1.2013196826E-01 -5.5988353469E-02 -7.5764382489E-02  2.4526320304E-02
-0.3875  1.2067279631E-01 -5.7062978327E-02 -7.4476128002E-02  2.5155215299E-02
-0.3750  1.2124029783E-01 -5.8138499647E-02 -7.3164342789E-02  2.5792988025E-02
-0.3625  1.2183480698E-01 -5.9215362566E-02 -7.1827860447E-02  2.6439732731E-02
-0.3500  1.2245677104E-01 -6.0293905116E-02 -7.0465592466E-02  2.7095318140E-02
-0.3375  1.2310680555E-01 -6.1374292501E-02 -6.9076622060E-02  2.7759486067E-02
-0.3250  1.2378570465E-01 -6.2456505228E-02 -6.7660236569E-02  2.8431987673E-02
-0.3125  1.2449440557E-01 -6.3540383159E-02 -6.6215889235E-02  2.9112715421E-02
-0.3000  1.2523392041E-01 -6.4625710400E-02 -6.4743102922E-02  2.9801790551E-02
-0.2875  1.2600525782E-01 -6.5712313764E-02 -6.3241346076E-02  3.0499579981E-02
-0.2750  1.2680935995E-01 -6.6800144005E-02 -6.1709919420E-02  3.1206638734E-02
-0.2625  1.2764707393E-01 -6.7889315207E-02 -6.0147888055E-02  3.1923597250E-02
-0.2500  1.2851916590E-01 -6.8980091439E-02 -5.8554078828E-02  3.2651030081E-02
-0.2375  1.2942637161E-01 -7.0072826785E-02 -5.6927141900E-02  3.3389347896E-02
-0.2250  1.3036946625E-01 -7.1167879506E-02 -5.5265654914E-02  3.4138746777E-02
-0.2125  1.3134933059E-01 -7.2265528773E-02 -5.3568234781E-02  3.4899229900E-02
-0.2000  1.3236699285E-01 -7.3365920768E-02 -5.1833620148E-02  3.5670693071E-02
-0.1875  1.3342363447E-01 -7.4469060542E-02 -5.0060697735E-02  3.6453044860E-02
-0.1750  1.3452056047E-01 -7.5574850459E-02 -4.8248464652E-02  3.7246321183E-02
-0.1625  1.3565914694E-01 -7.6683160654E-02 -4.6395940095E-02  3.8050756714E-02
-0.1500  1.3684078541E-01 -7.7793906684E-02 -4.4502056513E-02  3.8866790652E-02
-0.1375  1.3806684379E-01 -7.8907108039E-02 -4.2565566520E-02  3.9695006952E-02
-0.1250  1.3933865730E-01 -8.0022908645E-02 -4.0584995698E-02  4.0536031455E-02
-0.1125  1.4065755144E-01 -8.1141554219E-02 -3.8558654872E-02  4.1390422655E-02
-0.1000  1.4202488819E-01 -8.2263336495E-02 -3.6484704495E-02  4.2258594214E-02
-0.0875  1.4344211877E-01 -8.3388525456E-02 -3.4361245643E-02  4.3140795267E-02
-0.0750  1.4491082510E-01 -8.4517314067E-02 -3.2186403367E-02  4.4037153504E-02
-0.0625  1.4643273742E-01 -8.5649794441E-02 -2.9958371782E-02  4.4947763489E-02
-0.0500  1.4800972485E-01 -8.6785972202E-02 -2.7675404845E-02  4.5872786947E-02
-0.0375  1.4964376608E-01 -8.7925811644E-02 -2.5335756966E-02  4.6812528467E-02
-0.0250  1.5133691425E-01 -8.9069293353E-02 -2.2937595679E-02  4.7767460339E-02
-0.0125  1.5309127141E-01 -9.0216462335E-02 -2.0478918090E-02  4.8738190096E-02
-0.0000  1.5490898336E-01 -9.1367449431E-02 -1.7957499998E-02  4.9725386041E-02
 0.0125  1.5679225707E-01 -9.2522459912E-02 -1.5370892913E-02  5.0729691396E-02
 0.0250  1.5874339435E-01 -9.3681736059E-02 -1.2716465063E-02  5.1751660778E-02
 0.0375  1.6076482956E-01 -9.4845510153E-02 -9.9914654158E-03  5.2791742560E-02
 0.0500  1.6285915894E-01 -9.6013967024E-02 -7.1930815681E-03  5.3850311616E-02
 0.0625  1.6502915381E-01 -9.7187230224E-02 -4.3184659881E-03  5.4927736768E-02
 0.0750  1.6727775737E-01 -9.8365375456E-02 -1.3647188795E-03  5.6024454164E-02
 0.0875  1.6960807192E-01 -9.9548463610E-02  1.6711660923E-03  5.7141017010E-02
 0.1000  1.7202334684E-01 -1.0073657827E-01  4.7923723753E-03  5.8278103511E-02
 0.1125  1.7452697678E-01 -1.0192985191E-01  8.0023213520E-03  5.9436483388E-02
 0.1250  1.7712251429E-01 -1.0312847096E-01  1.1304703432E-02  6.0616960806E-02
 0.1375  1.7981369487E-01 -1.0433265987E-01  1.4703473788E-02  6.1820320481E-02
 0.1500  1.8260446772E-01 -1.0554265319E-01  1.8202823188E-02  6.3047300602E-02
 0.1625  1.8549902396E-01 -1.0675866922E-01  2.1807144985E-02  6.4298602831E-02
 0.1750  1.8850181722E-01 -1.0798089668E-01  2.5521020014E-02  6.5574932529E-02
 0.1875  1.9161757586E-01 -1.0920949925E-01  2.9349232022E-02  6.6877049350E-02
 0.2000  1.9485131118E-01 -1.1044463368E-01  3.3296812015E-02  6.8205805395E-02
 0.2125  1.9820832780E-01 -1.1168647200E-01  3.7369097445E-02  6.9562155852E-02
 0.2250  2.0169424164E-01 -1.1293521698E-01  4.1571787302E-02  7.0947141460E-02
 0.2375  2.0531500704E-01 -1.1419110481E-01  4.5910978796E-02  7.2361855727E-02
 0.2500  2.0907695128E-01 -1.1545439556E-01  5.0393182647E-02  7.3807416138E-02
 0.2625  2.1298681213E-01 -1.1672535820E-01  5.5025326017E-02  7.5284954941E-02
 0.2750  2.1705177504E-01 -1.1800425864E-01  5.9814758811E-02  7.6795633952E-02
 0.2875  2.2127950867E-01 -1.1929135699E-01  6.4769277365E-02  7.8340675457E-02
 0.3000  2.2567820073E-01 -1.2058691446E-01  6.9897171036E-02  7.9921394099E-02
 0.3125  2.3025659767E-01 -1.2189120575E-01  7.5207286808E-02  8.1539216084E-02
 0.3250  2.3502405158E-01 -1.2320453013E-01  8.0709100535E-02  8.3195680589E-02
 0.3375  2.3999057565E-01 -1.2452721645E-01  8.6412784030E-02  8.4892428666E-02
 0.3500  2.4516690789E-01 -1.2585962125E-01  9.2329263999E-02  8.6631191373E-02
 0.3625  2.5056458147E-01 -1.2720212327E-01  9.8470277482E-02  8.8413787994E-02
 0.3750  2.5619600105E-01 -1.2855511906E-01  1.0484843398E-01  9.0242138361E-02
 0.3875  2.6207452592E-01 -1.2991902319E-01  1.1147729393E-01  9.2118284954E-02
 0.4000  2.6821456246E-01 -1.3129427317E-01  1.1837146787E-01  9.4044415779E-02
 0.4125  2.7463166879E-01 -1.3268133664E-01  1.2554673377E-01  9.6022880409E-02
 0.4250  2.8134267406E-01 -1.3408071706E-01  1.3302016704E-01  9.8056197457E-02
 0.4375  2.8836581378E-01 -1.3549295623E-01  1.4081027898E-01  1.0014705808E-01
 0.4500  2.9572088247E-01 -1.3691863385E-01  1.4893716487E-01  1.0229833273E-01
 0.4625  3.0342940538E-01 -1.3835836640E-01  1.5742266793E-01  1.0451308615E-01
 0.4750  3.1151483244E-01 -1.3981280762E-01  1.6629056776E-01  1.0679460108E-01
 0.4875  3.2000275885E-01 -1.4128265127E-01  1.7556679964E-01  1.0914640700E-01
 0.5000  3.2892117748E-01 -1.4276863560E-01  1.8527970851E-01  1.1157231066E-01
 0.5125  3.3830076853E-01 -1.4427154831E-01  1.9546033942E-01  1.1407642773E-01
 0.5250  3.4817523250E-01 -1.4579223154E-01  2.0614276832E-01  1.1666321930E-01
 0.5375  3.5858167398E-01 -1.4733158798E-01  2.1736448179E-01  1.1933753803E-01
 0.5500  3.6956104628E-01 -1.4889058989E-01  2.2916681916E-01  1.2210468731E-01
 0.5625  3.8115866975E-01 -1.5047029278E-01  2.4159549399E-01  1.2497049356E-01
 0.5750  3.9342484009E-01 -1.5207185414E-01  2.5470121327E-01  1.2794138872E-01
 0.5875  4.0641554618E-01 -1.5369655660E-01  2.6854041354E-01  1.3102449943E-01
 0.6000  4.2019332041E-01 -1.5534583365E-01  2.8317613530E-01  1.3422774018E-01
 0.6125  4.3482824978E-01 -1.5702129590E-01  2.9867906051E-01  1.3755990875E-01
 0.6250  4.5039918124E-01 -1.5872475511E-01  3.1512874278E-01  1.4103078451E-01
 0.6375  4.6699516257E-01 -1.6045824398E-01  3.3261506540E-01  1.4465123298E-01
 0.6500  4.8471716978E-01 -1.6222403076E-01  3.5123997119E-01  1.4843332765E-01
 0.6625  5.0368018671E-01 -1.6402463181E-01  3.7111952523E-01  1.5239051077E-01
 0.6750  5.2401572633E-01 -1.6586283093E-01  3.9238640275E-01  1.5653782627E-01
 0.6875  5.4587492029E-01 -1.6774172181E-01  4.1519294561E-01  1.6089226381E-01
 0.7000  5.6943235913E-01 -1.6966479393E-01  4.3971500262E-01  1.6547324323E-01
 0.7125  5.9489094116E-01 -1.7163607868E-01  4.6615685649E-01  1.7030323638E-01
 0.7250  6.2248808075E-01 -1.7366035416E-01  4.9475762920E-01  1.7540846446E-01
 0.7375  6.5250372531E-01 -1.7574337018E-01  5.2579962037E-01  1.8081953464E-01
 0.7500  6.8527071825E-01 -1.7789200449E-01  5.5961904194E-01  1.8657182868E-01
 0.7625  7.2118811154E-01 -1.8011421664E-01  5.9661955698E-01  1.9270550382E-01
 0.7750  7.6073810961E-01 -1.8241867529E-01  6.3728897883E-01  1.9926522806E-01
 0.7875  8.0450755840E-01 -1.8481406705E-01  6.8221967292E-01  2.0630036376E-01
 0.8000  8.5321563735E-01 -1.8730842462E-01  7.3213413866E-01  2.1386725871E-01
 0.8125  9.0775135084E-01 -1.8990935158E-01  7.8791980083E-01  2.2203635259E-01
 0.8250  9.6922857653E-01 -1.9262660434E-01  8.5068233998E-01  2.3090718864E-01
 0.8375  1.0390739062E+00 -1.9547861827E-01  9.2183581741E-01  2.4063265357E-01
 0.8500  1.1191735737E+00 -1.9850329429E-01  1.0032597730E+00  2.5144786153E-01
 0.8625  1.2121180494E+00 -2.0176952345E-01  1.0975641366E+00  2.6368785905E-01
 0.8750  1.3215893104E+00 -2.0537913229E-01  1.2085023601E+00  2.7776486902E-01
 0.8875  1.4529257715E+00 -2.0944207788E-01  1.3415490219E+00  2.9407428369E-01
 0.9000  1.6138760866E+00 -2.1401136630E-01  1.5046162101E+00  3.1284360686E-01
 0.9125  1.8155995331E+00 -2.1900108791E-01  1.7089247557E+00  3.3408984653E-01
 0.9250  2.0744690687E+00 -2.2421253636E-01  1.9705992107E+00  3.5816627949E-01
 0.9375  2.4174756490E+00 -2.2975776458E-01  2.3159964749E+00  3.8775068979E-01
 0.9500  2.9016477735E+00 -2.3717846279E-01  2.8017950167E+00  4.3164395100E-01
 0.9625  3.6787216383E+00 -2.5038181590E-01  3.5818584280E+00  5.0634190606E-01
 0.9750  5.1887062237E+00 -2.7036781312E-01  5.1032973603E+00  6.2056539997E-01
 0.9875  8.9031586340E+00 -2.6461095679E-01  8.8490692460E+00  7.2048400873E-01
 1.0000  2.3764386180E+01 -2.0296804914E-66  2.3764386180E+01  2.7583456476E-17
