lambda(um), Cext(cm^2/H), albedo, <cos>, # of angles
   0.15380  3.88679E-22   0.35818   0.62836   161
cos(theta),     S11,               S12,             S33,             S34
-1.0000  1.1085559794E-01 -7.8301388421E-19 -1.1085559794E-01 -1.1252940886E-18
-0.9875  1.0915941921E-01 -1.8003075856E-03 -1.0905682356E-01  1.5410455268E-03
-0.9750  1.0773362036E-01 -3.4411314047E-03 -1.0734404637E-01  2.9227449323E-03
-0.9625  1.0653858176E-01 -4.9498772239E-03 -1.0570199228E-01  4.1687867727E-03
-0.9500  1.0554369329E-01 -6.3468249983E-03 -1.0411862707E-01  5.2979428163E-03
-0.9375  1.0472441380E-01 -7.6477751403E-03 -1.0258450702E-01  6.3255936398E-03
-0.9250  1.0406052593E-01 -8.8655038389E-03 -1.0109218040E-01  7.2647166549E-03
-0.9125  1.0353498714E-01 -1.0010644554E-02 -9.9635668184E-02  8.1265236890E-03
-0.9000  1.0313314285E-01 -1.1092250377E-02 -9.8210049609E-02  8.9208705686E-03
-0.8875  1.0284218813E-01 -1.2118162061E-02 -9.6811158205E-02  9.6565233438E-03
-0.8750  1.0265080482E-01 -1.3095255083E-02 -9.5435375607E-02  1.0341337727E-02
-0.8625  1.0254891828E-01 -1.4029613019E-02 -9.4079499858E-02  1.0982386412E-02
-0.8500  1.0252753048E-01 -1.4926656863E-02 -9.2740663038E-02  1.1586053199E-02
-0.8375  1.0257859874E-01 -1.5791246690E-02 -9.1416277005E-02  1.2158103288E-02
-0.8250  1.0269493996E-01 -1.6627762801E-02 -9.0103992959E-02  1.2703734742E-02
-0.8125  1.0287014968E-01 -1.7440168332E-02 -8.8801667440E-02  1.3227615340E-02
-0.8000  1.0309853096E-01 -1.8232053659E-02 -8.7507332607E-02  1.3733909865E-02
-0.7875  1.0337503173E-01 -1.9006663858E-02 -8.6219171460E-02  1.4226303776E-02
-0.7750  1.0369518971E-01 -1.9766912497E-02 -8.4935499207E-02  1.4708029134E-02
-0.7625  1.0405508441E-01 -2.0515387090E-02 -8.3654751018E-02  1.5181897305E-02
-0.7500  1.0445129432E-01 -2.1254352542E-02 -8.2375474926E-02  1.5650340530E-02
-0.7375  1.0488085736E-01 -2.1985758600E-02 -8.1096327289E-02  1.6115461583E-02
-0.7250  1.0534123227E-01 -2.2711255710E-02 -7.9816067797E-02  1.6579088165E-02
-0.7125  1.0583025958E-01 -2.3432221129E-02 -7.8533551393E-02  1.7042826973E-02
-0.7000  1.0634612141E-01 -2.4149794405E-02 -7.7247715700E-02  1.7508111992E-02
-0.6875  1.0688730086E-01 -2.4864918943E-02 -7.5957564150E-02  1.7976242417E-02
-0.6750  1.0745254243E-01 -2.5578384920E-02 -7.4662146453E-02  1.8448407553E-02
-0.6625  1.0804081535E-01 -2.6290868459E-02 -7.3360539098E-02  1.8925698454E-02
-0.6500  1.0865128179E-01 -2.7002962806E-02 -7.2051828790E-02  1.9409108511E-02
-0.6375  1.0928327106E-01 -2.7715198913E-02 -7.0735101266E-02  1.9899526995E-02
-0.6250  1.0993626037E-01 -2.8428054944E-02 -6.9409436802E-02  2.0397730510E-02
-0.6125  1.1060986139E-01 -2.9141956300E-02 -6.8073912296E-02  2.0904377111E-02
-0.6000  1.1130381120E-01 -2.9857269306E-02 -6.6727608481E-02  2.1420006747E-02
-0.5875  1.1201796585E-01 -3.0574292560E-02 -6.5369619794E-02  2.1945049869E-02
-0.5750  1.1275229449E-01 -3.1293249833E-02 -6.3999064005E-02  2.2479844019E-02
-0.5625  1.1350687249E-01 -3.2014287615E-02 -6.2615088980E-02  2.3024656384E-02
-0.5500  1.1428187268E-01 -3.2737478968E-02 -6.1216874702E-02  2.3579708983E-02
-0.5375  1.1507755455E-01 -3.3462833787E-02 -5.9803629841E-02  2.4145202715E-02
-0.5250  1.1589425199E-01 -3.4190314106E-02 -5.8374583403E-02  2.4721336764E-02
-0.5125  1.1673236067E-01 -3.4919852053E-02 -5.6928973022E-02  2.5308320942E-02
-0.5000  1.1759232639E-01 -3.5651367607E-02 -5.5466032087E-02  2.5906379975E-02
-0.4875  1.1847463561E-01 -3.6384783493E-02 -5.3984978052E-02  2.6515750296E-02
-0.4750  1.1937980882E-01 -3.7120035273E-02 -5.2485003867E-02  2.7136671279E-02
-0.4625  1.2030839721E-01 -3.7857075681E-02 -5.0965273714E-02  2.7769373664E-02
-0.4500  1.2126098224E-01 -3.8595873441E-02 -4.9424923277E-02  2.8414068188E-02
-0.4375  1.2223817727E-01 -3.9336407709E-02 -4.7863063809E-02  2.9070937077E-02
-0.4250  1.2324063031E-01 -4.0078660008E-02 -4.6278788568E-02  2.9740130189E-02
-0.4125  1.2426902683E-01 -4.0822605685E-02 -4.4671179817E-02  3.0421766494E-02
-0.4000  1.2532409166E-01 -4.1568206799E-02 -4.3039314627E-02  3.1115940419E-02
-0.3875  1.2640658956E-01 -4.2315407765E-02 -4.1382268124E-02  3.1822731667E-02
-0.3750  1.2751732427E-01 -4.3064134400E-02 -3.9699113478E-02  3.2542216552E-02
-0.3625  1.2865713639E-01 -4.3814296269E-02 -3.7988918637E-02  3.3274478783E-02
-0.3500  1.2982690054E-01 -4.4565791578E-02 -3.6250740508E-02  3.4019617940E-02
-0.3375  1.3102752263E-01 -4.5318513518E-02 -3.4483617679E-02  3.4777754505E-02
-0.3250  1.3225993770E-01 -4.6072356772E-02 -3.2686562979E-02  3.5549031090E-02
-0.3125  1.3352510895E-01 -4.6827223094E-02 -3.0858557036E-02  3.6333610241E-02
-0.3000  1.3482402801E-01 -4.7583025145E-02 -2.8998543628E-02  3.7131669811E-02
-0.2875  1.3615771649E-01 -4.8339688220E-02 -2.7105427172E-02  3.7943397175E-02
-0.2750  1.3752722850E-01 -4.9097149913E-02 -2.5178072180E-02  3.8768983601E-02
-0.2625  1.3893365369E-01 -4.9855358121E-02 -2.3215304135E-02  3.9608619879E-02
-0.2500  1.4037812032E-01 -5.0614267975E-02 -2.1215911026E-02  4.0462493878E-02
-0.2375  1.4186179818E-01 -5.1373838390E-02 -1.9178644726E-02  4.1330790240E-02
-0.2250  1.4338590093E-01 -5.2134028824E-02 -1.7102221590E-02  4.2213692014E-02
-0.2125  1.4495168791E-01 -5.2894796717E-02 -1.4985321841E-02  4.3111383701E-02
-0.2000  1.4656046556E-01 -5.3656095865E-02 -1.2826587678E-02  4.4024055034E-02
-0.1875  1.4821358859E-01 -5.4417875813E-02 -1.0624620232E-02  4.4951904825E-02
-0.1750  1.4991246125E-01 -5.5180082171E-02 -8.3779757156E-03  4.5895144339E-02
-0.1625  1.5165853886E-01 -5.5942657685E-02 -6.0851611392E-03  4.6853999825E-02
-0.1500  1.5345332988E-01 -5.6705543791E-02 -3.7446299419E-03  4.7828714077E-02
-0.1375  1.5529839848E-01 -5.7468682397E-02 -1.3547777645E-03  4.8819547046E-02
-0.1250  1.5719536776E-01 -5.8232017640E-02  1.0860615383E-03  4.9826775654E-02
-0.1125  1.5914592334E-01 -5.8995497364E-02  3.5796196708E-03  5.0850693035E-02
-0.1000  1.6115181741E-01 -5.9759074157E-02  6.1276975480E-03  5.1891607446E-02
-0.0875  1.6321487288E-01 -6.0522705798E-02  8.7321689476E-03  5.2949841068E-02
-0.0750  1.6533698778E-01 -6.1286355070E-02  1.1394984257E-02  5.4025728936E-02
-0.0625  1.6752013957E-01 -6.2049988953E-02  1.4118174377E-02  5.5119618171E-02
-0.0500  1.6976638957E-01 -6.2813577334E-02  1.6903854819E-02  5.6231867692E-02
-0.0375  1.7207788752E-01 -6.3577091428E-02  1.9754230010E-02  5.7362848535E-02
-0.0250  1.7445687618E-01 -6.4340502175E-02  2.2671597872E-02  5.8512944835E-02
-0.0125  1.7690569640E-01 -6.5103778894E-02  2.5658354757E-02  5.9682555454E-02
-0.0000  1.7942679240E-01 -6.5866888422E-02  2.8717000884E-02  6.0872096119E-02
 0.0125  1.8202271774E-01 -6.6629794893E-02  3.1850146430E-02  6.2082001867E-02
 0.0250  1.8469614172E-01 -6.7392460174E-02  3.5060518420E-02  6.3312729488E-02
 0.0375  1.8744985655E-01 -6.8154844858E-02  3.8350968482E-02  6.4564759673E-02
 0.0500  1.9028678516E-01 -6.8916909563E-02  4.1724481482E-02  6.5838598632E-02
 0.0625  1.9320998970E-01 -6.9678616272E-02  4.5184184926E-02  6.7134779017E-02
 0.0750  1.9622268073E-01 -7.0439929398E-02  4.8733358984E-02  6.8453860202E-02
 0.0875  1.9932822705E-01 -7.1200816351E-02  5.2375446975E-02  6.9796428077E-02
 0.1000  2.0253016616E-01 -7.1961247506E-02  5.6114066197E-02  7.1163094662E-02
 0.1125  2.0583221552E-01 -7.2721195572E-02  5.9953019072E-02  7.2554497890E-02
 0.1250  2.0923828434E-01 -7.3480634550E-02  6.3896304745E-02  7.3971301891E-02
 0.1375  2.1275248641E-01 -7.4239538475E-02  6.7948131328E-02  7.5414197988E-02
 0.1500  2.1637915384E-01 -7.4997880233E-02  7.2112929132E-02  7.6883906468E-02
 0.1625  2.2012285192E-01 -7.5755630647E-02  7.6395365186E-02  7.8381179034E-02
 0.1750  2.2398839547E-01 -7.6512757956E-02  8.0800359350E-02  7.9906801707E-02
 0.1875  2.2798086663E-01 -7.7269227704E-02  8.5333102214E-02  8.1461597910E-02
 0.2000  2.3210563446E-01 -7.8025002920E-02  8.9999074888E-02  8.3046431485E-02
 0.2125  2.3636837633E-01 -7.8780044431E-02  9.4804070697E-02  8.4662209492E-02
 0.2250  2.4077510133E-01 -7.9534311113E-02  9.9754218790E-02  8.6309884805E-02
 0.2375  2.4533217589E-01 -8.0287759909E-02  1.0485600966E-01  8.7990458648E-02
 0.2500  2.5004635155E-01 -8.1040345532E-02  1.1011632272E-01  8.9704983328E-02
 0.2625  2.5492479530E-01 -8.1792019865E-02  1.1554245617E-01  9.1454565479E-02
 0.2750  2.5997512274E-01 -8.2542731109E-02  1.2114215956E-01  9.3240370084E-02
 0.2875  2.6520543424E-01 -8.3292422867E-02  1.2692366956E-01  9.5063625477E-02
 0.3000  2.7062435475E-01 -8.4041033291E-02  1.3289574964E-01  9.6925629393E-02
 0.3125  2.7624107767E-01 -8.4788494465E-02  1.3906773420E-01  9.8827756018E-02
 0.3250  2.8206541330E-01 -8.5534732118E-02  1.4544957797E-01  1.0077146389E-01
 0.3375  2.8810784272E-01 -8.6279665727E-02  1.5205191134E-01  1.0275830447E-01
 0.3500  2.9437957750E-01 -8.7023208962E-02  1.5888610230E-01  1.0478993111E-01
 0.3625  3.0089262634E-01 -8.7765270414E-02  1.6596432582E-01  1.0686810830E-01
 0.3750  3.0765986940E-01 -8.8505754468E-02  1.7329964126E-01  1.0899472093E-01
 0.3875  3.1469514130E-01 -8.9244562145E-02  1.8090607886E-01  1.1117178362E-01
 0.4000  3.2201332415E-01 -8.9981591736E-02  1.8879873615E-01  1.1340144992E-01
 0.4125  3.2963045186E-01 -9.0716739024E-02  1.9699388526E-01  1.1568602161E-01
 0.4250  3.3756382733E-01 -9.1449896896E-02  2.0550909252E-01  1.1802795829E-01
 0.4375  3.4583215437E-01 -9.2180954191E-02  2.1436335165E-01  1.2042988777E-01
 0.4500  3.5445568652E-01 -9.2909793666E-02  2.2357723239E-01  1.2289461787E-01
 0.4625  3.6345639511E-01 -9.3636289060E-02  2.3317304686E-01  1.2542515080E-01
 0.4750  3.7285815953E-01 -9.4360301387E-02  2.4317503678E-01  1.2802470140E-01
 0.4875  3.8268698335E-01 -9.5081674730E-02  2.5360958557E-01  1.3069672074E-01
 0.5000  3.9297124048E-01 -9.5800232056E-02  2.6450546069E-01  1.3344492675E-01
 0.5125  4.0374195687E-01 -9.6515771746E-02  2.7589409345E-01  1.3627334333E-01
 0.5250  4.1503313465E-01 -9.7228065706E-02  2.8780990501E-01  1.3918634838E-01
 0.5375  4.2688212702E-01 -9.7936859979E-02  3.0029068951E-01  1.4218873064E-01
 0.5500  4.3933007468E-01 -9.8641878593E-02  3.1337806727E-01  1.4528575294E-01
 0.5625  4.5242241641E-01 -9.9342830914E-02  3.2711802218E-01  1.4848321784E-01
 0.5750  4.6620948926E-01 -1.0003942191E-01  3.4156153848E-01  1.5178752914E-01
 0.5875  4.8074723592E-01 -1.0073136342E-01  3.5676535200E-01  1.5520574113E-01
 0.6000  4.9609803946E-01 -1.0141838273E-01  3.7279282920E-01  1.5874558687E-01
 0.6125  5.1233170760E-01 -1.0210022295E-01  3.8971498579E-01  1.6241547922E-01
 0.6250  5.2952663111E-01 -1.0277662775E-01  4.0761165406E-01  1.6622448419E-01
 0.6375  5.4777114439E-01 -1.0344730189E-01  4.2657280837E-01  1.7018227805E-01
 0.6500  5.6716512206E-01 -1.0411183968E-01  4.4670006395E-01  1.7429911811E-01
 0.6625  5.8782185762E-01 -1.0476961626E-01  4.6810838072E-01  1.7858588208E-01
 0.6750  6.0987029270E-01 -1.0541964358E-01  4.9092803972E-01  1.8305426093E-01
 0.6875  6.3345770642E-01 -1.0606040395E-01  5.1530702319E-01  1.8771721954E-01
 0.7000  6.5875304202E-01 -1.0668968980E-01  5.4141403222E-01  1.9258985891E-01
 0.7125  6.8595115408E-01 -1.0730449681E-01  5.6944252589E-01  1.9769080696E-01
 0.7250  7.1527841306E-01 -1.0790103599E-01  5.9961636772E-01  2.0304421180E-01
 0.7375  7.4700031004E-01 -1.0847494045E-01  6.3219790999E-01  2.0868228656E-01
 0.7500  7.8143195601E-01 -1.0902173489E-01  6.6749960501E-01  2.1464813595E-01
 0.7625  8.1895264065E-01 -1.0953759557E-01  7.0590044629E-01  2.2099827465E-01
 0.7750  8.6002584721E-01 -1.1002033877E-01  7.4786861604E-01  2.2780385426E-01
 0.7875  9.0522622592E-01 -1.1047042484E-01  7.9399152170E-01  2.3514924581E-01
 0.8000  9.5527490404E-01 -1.1089155070E-01  8.4501382205E-01  2.4312648641E-01
 0.8125  1.0110841063E+00 -1.1129015181E-01  9.0188305210E-01  2.5182456239E-01
 0.8250  1.0738115502E+00 -1.1167291968E-01  9.6580136239E-01  2.6131413668E-01
 0.8375  1.1449252565E+00 -1.1204140938E-01  1.0382817763E+00  2.7163189740E-01
 0.8500  1.2262824932E+00 -1.1238321284E-01  1.1212109975E+00  2.8277501791E-01
 0.8625  1.3202378295E+00 -1.1266035920E-01  1.2169342989E+00  2.9472568202E-01
 0.8750  1.4298261809E+00 -1.1279794865E-01  1.3284140330E+00  3.0753709522E-01
 0.8875  1.5591405205E+00 -1.1267959104E-01  1.4595962877E+00  3.2152054272E-01
 0.9000  1.7141839449E+00 -1.1215980491E-01  1.6162938442E+00  3.3756292001E-01
 0.9125  1.9047933532E+00 -1.1110275459E-01  1.8082259261E+00  3.5754194628E-01
 0.9250  2.1488044056E+00 -1.0944209758E-01  2.0534306616E+00  3.8463040617E-01
 0.9375  2.4805824789E+00 -1.0721902415E-01  2.3871813040E+00  4.2291620618E-01
 0.9500  2.9678799772E+00 -1.0451781734E-01  2.8792428078E+00  4.7521147033E-01
 0.9625  3.7474704543E+00 -1.0128672660E-01  3.6695707606E+00  5.3733332945E-01
 0.9750  5.1251293579E+00 -9.7028987204E-02  5.0675184909E+00  5.8533841632E-01
 0.9875  7.9751625415E+00 -8.5834119069E-02  7.9488200638E+00  5.3353528747E-01
 1.0000  1.5597557375E+01  2.9969681281E-71  1.5597557375E+01  1.1386824548E-20
