lambda(um), Cext(cm^2/H), albedo, <cos>, # of angles
   0.44500  7.43995E-23   0.77126   0.55686   161
cos(theta),     S11,               S12,             S33,             S34
-1.0000  1.5707038666E-01 -4.8211762293E-18 -1.5707038666E-01  1.2600270798E-18
-0.9875  1.4863629526E-01  3.7925870265E-03 -1.4796071031E-01  5.0708149768E-03
-0.9750  1.4182547510E-01  6.9100204188E-03 -1.3930482390E-01  8.7981845350E-03
-0.9625  1.3639339161E-01  9.4311898063E-03 -1.3110246155E-01  1.1397031678E-02
-0.9500  1.3212584078E-01  1.1427047303E-02 -1.2334933577E-01  1.3056293306E-02
-0.9375  1.2883569870E-01  1.2961175623E-02 -1.1603768817E-01  1.3941482325E-02
-0.9250  1.2636002426E-01  1.4090384728E-02 -1.0915680921E-01  1.4197036051E-02
-0.9125  1.2455746048E-01  1.4865306221E-02 -1.0269352137E-01  1.3948467233E-02
-0.9000  1.2330589337E-01  1.5330967065E-02 -9.6632623191E-02  1.3304332457E-02
-0.8875  1.2250033736E-01  1.5527332195E-02 -9.0957293306E-02  1.2358031484E-02
-0.8750  1.2205102244E-01  1.5489810691E-02 -8.5649455165E-02  1.1189450000E-02
-0.8625  1.2188166287E-01  1.5249723385E-02 -8.0690103723E-02  9.8664573511E-03
-0.8500  1.2192789049E-01  1.4834731767E-02 -7.6059595999E-02  8.4462700047E-03
-0.8375  1.2213583783E-01  1.4269229275E-02 -7.1737907611E-02  6.9766907703E-03
-0.8250  1.2246085826E-01  1.3574696733E-02 -6.7704857604E-02  5.4972331312E-03
-0.8125  1.2286637148E-01  1.2770024096E-02 -6.3940303892E-02  4.0401394343E-03
-0.8000  1.2332282395E-01  1.1871800827E-02 -6.0424311617E-02  2.6313011131E-03
-0.7875  1.2380675460E-01  1.0894577256E-02 -5.7137296699E-02  1.2910885927E-03
-0.7750  1.2429995706E-01  9.8510992656E-03 -5.4060146727E-02  3.5098022879E-05
-0.7625  1.2478873032E-01  8.7525185308E-03 -5.1174321258E-02 -1.1251784740E-03
-0.7500  1.2526321025E-01  7.6085804632E-03 -4.8461933488E-02 -2.1817528005E-03
-0.7375  1.2571677499E-01  6.4277918516E-03 -4.5905815111E-02 -3.1296052959E-03
-0.7250  1.2614551792E-01  5.2175700836E-03 -4.3489566099E-02 -3.9662081252E-03
-0.7125  1.2654778197E-01  3.9843756930E-03 -4.1197591008E-02 -4.6911025769E-03
-0.7000  1.2692374994E-01  2.7338298456E-03 -3.9015123294E-02 -5.3055255483E-03
-0.6875  1.2727508562E-01  1.4708182577E-03 -3.6928239027E-02 -5.8120808286E-03
-0.6750  1.2760462084E-01  1.9958291531E-04 -3.4923861274E-02 -6.2144510963E-03
-0.6625  1.2791608423E-01 -1.0761971434E-03 -3.2989756350E-02 -6.5171468460E-03
-0.6500  1.2821386744E-01 -2.3533348340E-03 -3.1114522989E-02 -6.7252887295E-03
-0.6375  1.2850282520E-01 -3.6290727662E-03 -2.9287575462E-02 -6.8444200620E-03
-0.6250  1.2878810566E-01 -4.9010287605E-03 -2.7499121528E-02 -6.8803464848E-03
-0.6125  1.2907500779E-01 -6.1671482709E-03 -2.5740136058E-02 -6.8390000092E-03
-0.6000  1.2936886309E-01 -7.4256629219E-03 -2.4002331084E-02 -6.7263248826E-03
-0.5875  1.2967493863E-01 -8.6750544475E-03 -2.2278122957E-02 -6.5481829193E-03
-0.5750  1.2999835919E-01 -9.9140233840E-03 -2.0560597225E-02 -6.3102761346E-03
-0.5625  1.3034404613E-01 -1.1141461938E-02 -1.8843471800E-02 -6.0180846933E-03
-0.5500  1.3071667095E-01 -1.2356430506E-02 -1.7121058896E-02 -5.6768183586E-03
-0.5375  1.3112062164E-01 -1.3558137383E-02 -1.5388226193E-02 -5.2913797788E-03
-0.5250  1.3155998015E-01 -1.4745921229E-02 -1.3640357612E-02 -4.8663381002E-03
-0.5125  1.3203850941E-01 -1.5919235949E-02 -1.1873314058E-02 -4.4059115290E-03
-0.5000  1.3255964845E-01 -1.7077637618E-02 -1.0083394427E-02 -3.9139575942E-03
-0.4875  1.3312651452E-01 -1.8220773199E-02 -8.2672971454E-03 -3.3939699828E-03
-0.4750  1.3374191084E-01 -1.9348370770E-02 -6.4220824683E-03 -2.8490809273E-03
-0.4625  1.3440833916E-01 -2.0460231035E-02 -4.5451357328E-03 -2.2820682311E-03
-0.4500  1.3512801615E-01 -2.1556219946E-02 -2.6341317281E-03 -1.6953661109E-03
-0.4375  1.3590289276E-01 -2.2636262225E-02 -6.8700031772E-04 -1.0910791224E-03
-0.4250  1.3673467595E-01 -2.3700335673E-02  1.2981065762E-03 -4.7099851978E-04
-0.4125  1.3762485212E-01 -2.4748466113E-02  3.3228465420E-03  1.6337952824E-04
-0.4000  1.3857471157E-01 -2.5780722865E-02  5.3887167348E-03  8.1083437197E-04
-0.3875  1.3958537376E-01 -2.6797214661E-02  7.4970823761E-03  1.4704004087E-03
-0.3750  1.4065781272E-01 -2.7798085912E-02  9.6492036678E-03  2.1413460898E-03
-0.3625  1.4179288242E-01 -2.8783513265E-02  1.1846261108E-02  2.8231527410E-03
-0.3500  1.4299134171E-01 -2.9753702393E-02  1.4089379211E-02  3.5154934789E-03
-0.3375  1.4425387864E-01 -3.0708884965E-02  1.6379648641E-02  4.2182124659E-03
-0.3250  1.4558113395E-01 -3.1649315770E-02  1.8718146790E-02  4.9313047053E-03
-0.3125  1.4697372352E-01 -3.2575269947E-02  2.1105956822E-02  5.6548965404E-03
-0.3000  1.4843225975E-01 -3.3487040304E-02  2.3544185244E-02  6.3892269934E-03
-0.2875  1.4995737167E-01 -3.4384934709E-02  2.6033978026E-02  7.1346300487E-03
-0.2750  1.5154972380E-01 -3.5269273531E-02  2.8576535347E-02  7.8915179601E-03
-0.2625  1.5321003367E-01 -3.6140387119E-02  3.1173125016E-02  8.6603656410E-03
-0.2500  1.5493908804E-01 -3.6998613306E-02  3.3825094624E-02  9.4416961743E-03
-0.2375  1.5673775775E-01 -3.7844294947E-02  3.6533882513E-02  1.0236067465E-02
-0.2250  1.5860701129E-01 -3.8677777455E-02  3.9301027608E-02  1.1044060039E-02
-0.2125  1.6054792706E-01 -3.9499406368E-02  4.2128178196E-02  1.1866265990E-02
-0.2000  1.6256170444E-01 -4.0309524910E-02  4.5017099719E-02  1.2703279047E-02
-0.1875  1.6464967366E-01 -4.1108471566E-02  4.7969681660E-02  1.3555685751E-02
-0.1750  1.6681330460E-01 -4.1896577661E-02  5.0987943580E-02  1.4424057699E-02
-0.1625  1.6905421450E-01 -4.2674164942E-02  5.4074040400E-02  1.5308944828E-02
-0.1500  1.7137417478E-01 -4.3441543161E-02  5.7230266983E-02  1.6210869693E-02
-0.1375  1.7377511700E-01 -4.4199007660E-02  6.0459062094E-02  1.7130322701E-02
-0.1250  1.7625913795E-01 -4.4946836964E-02  6.3763011825E-02  1.8067758254E-02
-0.1125  1.7882850414E-01 -4.5685290359E-02  6.7144852533E-02  1.9023591764E-02
-0.1000  1.8148565565E-01 -4.6414605488E-02  7.0607473379E-02  1.9998197484E-02
-0.0875  1.8423320951E-01 -4.7134995932E-02  7.4153918544E-02  2.0991907132E-02
-0.0750  1.8707396257E-01 -4.7846648798E-02  7.7787389175E-02  2.2005009251E-02
-0.0625  1.9001089415E-01 -4.8549722303E-02  8.1511245161E-02  2.3037749281E-02
-0.0500  1.9304716840E-01 -4.9244343364E-02  8.5329006787E-02  2.4090330300E-02
-0.0375  1.9618613655E-01 -4.9930605182E-02  8.9244356355E-02  2.5162914413E-02
-0.0250  1.9943133909E-01 -5.0608564837E-02  9.3261139853E-02  2.6255624754E-02
-0.0125  2.0278650801E-01 -5.1278240885E-02  9.7383368738E-02  2.7368548086E-02
-0.0000  2.0625556918E-01 -5.1939610975E-02  1.0161522193E-01  2.8501737975E-02
 0.0125  2.0984264496E-01 -5.2592609467E-02  1.0596104808E-01  2.9655218529E-02
 0.0250  2.1355205713E-01 -5.3237125093E-02  1.1042536827E-01  3.0828988687E-02
 0.0375  2.1738833029E-01 -5.3872998633E-02  1.1501287912E-01  3.2023027054E-02
 0.0500  2.2135619577E-01 -5.4500020645E-02  1.1972845654E-01  3.3237297274E-02
 0.0625  2.2546059613E-01 -5.5117929241E-02  1.2457716017E-01  3.4471753949E-02
 0.0750  2.2970669053E-01 -5.5726407940E-02  1.2956423865E-01  3.5726349096E-02
 0.0875  2.3409986087E-01 -5.6325083594E-02  1.3469513579E-01  3.7001039155E-02
 0.1000  2.3864571895E-01 -5.6913524431E-02  1.3997549796E-01  3.8295792540E-02
 0.1125  2.4335011485E-01 -5.7491238211E-02  1.4541118263E-01  3.9610597758E-02
 0.1250  2.4821914650E-01 -5.8057670542E-02  1.5100826841E-01  4.0945472078E-02
 0.1375  2.5325917078E-01 -5.8612203360E-02  1.5677306677E-01  4.2300470770E-02
 0.1500  2.5847681624E-01 -5.9154153618E-02  1.6271213553E-01  4.3675696906E-02
 0.1625  2.6387899771E-01 -5.9682772220E-02  1.6883229450E-01  4.5071311729E-02
 0.1750  2.6947293290E-01 -6.0197243209E-02  1.7514064352E-01  4.6487545562E-02
 0.1875  2.7526616143E-01 -6.0696683280E-02  1.8164458308E-01  4.7924709268E-02
 0.2000  2.8126656640E-01 -6.1180141630E-02  1.8835183798E-01  4.9383206220E-02
 0.2125  2.8748239890E-01 -6.1646600210E-02  1.9527048432E-01  5.0863544748E-02
 0.2250  2.9392230581E-01 -6.2094974404E-02  2.0240898021E-01  5.2366351026E-02
 0.2375  3.0059536120E-01 -6.2524114201E-02  2.0977620071E-01  5.3892382339E-02
 0.2500  3.0751110192E-01 -6.2932805892E-02  2.1738147739E-01  5.5442540648E-02
 0.2625  3.1467956767E-01 -6.3319774359E-02  2.2523464312E-01  5.7017886359E-02
 0.2750  3.2211134628E-01 -6.3683685996E-02  2.3334608263E-01  5.8619652201E-02
 0.2875  3.2981762464E-01 -6.4023152321E-02  2.4172678955E-01  6.0249257039E-02
 0.3000  3.3781024611E-01 -6.4336734332E-02  2.5038843060E-01  6.1908319500E-02
 0.3125  3.4610177499E-01 -6.4622947654E-02  2.5934341770E-01  6.3598671176E-02
 0.3250  3.5470556904E-01 -6.4880268545E-02  2.6860498896E-01  6.5322369209E-02
 0.3375  3.6363586089E-01 -6.5107140784E-02  2.7818729940E-01  6.7081707975E-02
 0.3500  3.7290784931E-01 -6.5301983520E-02  2.8810552250E-01  6.8879229566E-02
 0.3625  3.8253780164E-01 -6.5463200099E-02  2.9837596370E-01  7.0717732727E-02
 0.3750  3.9254316849E-01 -6.5589187922E-02  3.0901618722E-01  7.2600279836E-02
 0.3875  4.0294271212E-01 -6.5678349366E-02  3.2004515739E-01  7.4530201490E-02
 0.4000  4.1375665013E-01 -6.5729103786E-02  3.3148339613E-01  7.6511098174E-02
 0.4125  4.2500681606E-01 -6.5739900615E-02  3.4335315831E-01  7.8546838445E-02
 0.4250  4.3671683881E-01 -6.5709233572E-02  3.5567862662E-01  8.0641552980E-02
 0.4375  4.4891234302E-01 -6.5635655963E-02  3.6848612814E-01  8.2799623780E-02
 0.4500  4.6162117258E-01 -6.5517797049E-02  3.8180437466E-01  8.5025667713E-02
 0.4625  4.7487363989E-01 -6.5354379445E-02  3.9566472925E-01  8.7324513524E-02
 0.4750  4.8870280368E-01 -6.5144237481E-02  4.1010150170E-01  8.9701171314E-02
 0.4875  5.0314477834E-01 -6.4886336439E-02  4.2515227572E-01  9.2160793414E-02
 0.5000  5.1823907845E-01 -6.4579792553E-02  4.4085827107E-01  9.4708625454E-02
 0.5125  5.3402900191E-01 -6.4223893625E-02  4.5726474427E-01  9.7349946318E-02
 0.5250  5.5056205630E-01 -6.3818120080E-02  4.7442143162E-01  1.0008999555E-01
 0.5375  5.6789043270E-01 -6.3362166241E-02  4.9238303899E-01  1.0293388664E-01
 0.5500  5.8607153248E-01 -6.2855961553E-02  5.1120978311E-01  1.0588650453E-01
 0.5625  6.0516855270E-01 -6.2299691457E-02  5.3096798970E-01  1.0895238536E-01
 0.5750  6.2525113659E-01 -6.1693817537E-02  5.5173075453E-01  1.1213557663E-01
 0.5875  6.4639609640E-01 -6.1039096513E-02  5.7357867394E-01  1.1543947548E-01
 0.6000  6.6868821689E-01 -6.0336597584E-02  5.9660065274E-01  1.1886664278E-01
 0.6125  6.9222114873E-01 -5.9587717540E-02  6.2089479794E-01  1.2241859050E-01
 0.6250  7.1709840257E-01 -5.8794192990E-02  6.4656940838E-01  1.2609553983E-01
 0.6375  7.4343445590E-01 -5.7958108935E-02  6.7374407189E-01  1.2989614690E-01
 0.6500  7.7135598735E-01 -5.7081902829E-02  7.0255088340E-01  1.3381719338E-01
 0.6625  8.0100325478E-01 -5.6168363126E-02  7.3313580005E-01  1.3785323857E-01
 0.6750  8.3253163761E-01 -5.5220621184E-02  7.6566015245E-01  1.4199622963E-01
 0.6875  8.6611336697E-01 -5.4242135236E-02  8.0030233538E-01  1.4623506666E-01
 0.7000  9.0193947343E-01 -5.3236664964E-02  8.3725970654E-01  1.5055511893E-01
 0.7125  9.4022198836E-01 -5.2208235027E-02  8.7675072930E-01  1.5493768884E-01
 0.7250  9.8119644509E-01 -5.1161085716E-02  9.1901740523E-01  1.5935942019E-01
 0.7375  1.0251247389E+00 -5.0099608703E-02  9.6432805613E-01  1.6379164774E-01
 0.7500  1.0722984231E+00 -4.9028265757E-02  1.0129805346E+00  1.6819968502E-01
 0.7625  1.1230425453E+00 -4.7951488207E-02  1.0653059710E+00  1.7254204809E-01
 0.7750  1.1777201660E+00 -4.6873554956E-02  1.1216732058E+00  1.7676961242E-01
 0.7875  1.2367377577E+00 -4.5798446910E-02  1.1824941195E+00  1.8082469844E-01
 0.8000  1.3005517732E+00 -4.4729675524E-02  1.2482301678E+00  1.8464007571E-01
 0.8125  1.3696767989E+00 -4.3670082086E-02  1.3194005765E+00  1.8813786157E-01
 0.8250  1.4446959264E+00 -4.2621600624E-02  1.3965928796E+00  1.9122825785E-01
 0.8375  1.5262743022E+00 -4.1584967050E-02  1.4804768454E+00  1.9380800090E-01
 0.8500  1.6151773570E+00 -4.0559332285E-02  1.5718234039E+00  1.9575826136E-01
 0.8625  1.7122960829E+00 -3.9541681279E-02  1.6715310921E+00  1.9694145863E-01
 0.8750  1.8186831492E+00 -3.8525841562E-02  1.7806639681E+00  1.9719593746E-01
 0.8875  1.9356059769E+00 -3.7500624266E-02  1.9005072336E+00  1.9632648956E-01
 0.9000  2.0646267279E+00 -3.6446166842E-02  2.0326504298E+00  1.9408694028E-01
 0.9125  2.2077254733E+00 -3.5326638703E-02  2.1791138483E+00  1.9014784759E-01
 0.9250  2.3674932056E+00 -3.4075769080E-02  2.3425429384E+00  1.8403673252E-01
 0.9375  2.5474384552E+00 -3.2568526439E-02  2.5265099492E+00  1.7502840092E-01
 0.9500  2.7524793603E+00 -3.0566616923E-02  2.7359848318E+00  1.6194583696E-01
 0.9625  2.9897390451E+00 -2.7615375542E-02  2.9780732149E+00  1.4280286558E-01
 0.9750  3.2698373367E+00 -2.2851860869E-02  3.2631753012E+00  1.1417003769E-01
 0.9875  3.6089942793E+00 -1.4653067823E-02  3.6068069087E+00  7.0061419179E-02
 1.0000  4.0324596498E+00  0.0000000000E+00  4.0324596498E+00 -5.4539482214E-18
