lambda(um), Cext(cm^2/H), albedo, <cos>, # of angles
   1.22000  2.94969E-23   0.71440   0.39172   161
cos(theta),     S11,               S12,             S33,             S34
-1.0000  2.4204800533E-01  8.2132765360E-19 -2.4204800533E-01  1.6574391829E-18
-0.9875  2.3716639169E-01 -2.4389671143E-03 -2.3704388780E-01  2.5411445466E-03
-0.9750  2.3262535580E-01 -4.8637383787E-03 -2.3214390324E-01  4.8507990030E-03
-0.9625  2.2840909966E-01 -7.2731871340E-03 -2.2734463184E-01  6.9423605522E-03
-0.9500  2.2450249390E-01 -9.6662994456E-03 -2.2264271568E-01  8.8287033157E-03
-0.9375  2.2089105713E-01 -1.2042167723E-02 -2.1803485656E-01  1.0522194891E-02
-0.9250  2.1756093578E-01 -1.4399984590E-02 -2.1351781384E-01  1.2034712513E-02
-0.9125  2.1449888449E-01 -1.6739036999E-02 -2.0908840232E-01  1.3377658851E-02
-0.9000  2.1169224687E-01 -1.9058700582E-02 -2.0474349013E-01  1.4561977439E-02
-0.8875  2.0912893683E-01 -2.1358434233E-02 -2.0047999665E-01  1.5598167751E-02
-0.8750  2.0679742032E-01 -2.3637774913E-02 -1.9629489045E-01  1.6496299928E-02
-0.8625  2.0468669752E-01 -2.5896332683E-02 -1.9218518723E-01  1.7266029151E-02
-0.8500  2.0278628553E-01 -2.8133785934E-02 -1.8814794779E-01  1.7916609678E-02
-0.8375  2.0108620138E-01 -3.0349876841E-02 -1.8418027601E-01  1.8456908544E-02
-0.8250  1.9957694561E-01 -3.2544407005E-02 -1.8027931686E-01  1.8895418932E-02
-0.8125  1.9824948619E-01 -3.4717233298E-02 -1.7644225440E-01  1.9240273212E-02
-0.8000  1.9709524284E-01 -3.6868263895E-02 -1.7266630981E-01  1.9499255662E-02
-0.7875  1.9610607183E-01 -3.8997454487E-02 -1.6894873939E-01  1.9679814873E-02
-0.7750  1.9527425108E-01 -4.1104804680E-02 -1.6528683263E-01  1.9789075841E-02
-0.7625  1.9459246579E-01 -4.3190354561E-02 -1.6167791021E-01  1.9833851748E-02
-0.7500  1.9405379431E-01 -4.5254181432E-02 -1.5811932210E-01  1.9820655447E-02
-0.7375  1.9365169446E-01 -4.7296396710E-02 -1.5460844556E-01  1.9755710637E-02
-0.7250  1.9337999029E-01 -4.9317142981E-02 -1.5114268322E-01  1.9644962753E-02
-0.7125  1.9323285906E-01 -5.1316591207E-02 -1.4771946111E-01  1.9494089561E-02
-0.7000  1.9320481869E-01 -5.3294938080E-02 -1.4433622674E-01  1.9308511466E-02
-0.6875  1.9329071557E-01 -5.5252403517E-02 -1.4099044710E-01  1.9093401535E-02
-0.6750  1.9348571264E-01 -5.7189228296E-02 -1.3767960676E-01  1.8853695245E-02
-0.6625  1.9378527790E-01 -5.9105671812E-02 -1.3440120587E-01  1.8594099952E-02
-0.6500  1.9418517319E-01 -6.1002009980E-02 -1.3115275820E-01  1.8319104090E-02
-0.6375  1.9468144338E-01 -6.2878533238E-02 -1.2793178915E-01  1.8032986098E-02
-0.6250  1.9527040581E-01 -6.4735544686E-02 -1.2473583382E-01  1.7739823087E-02
-0.6125  1.9594864011E-01 -6.6573358325E-02 -1.2156243491E-01  1.7443499239E-02
-0.6000  1.9671297835E-01 -6.8392297410E-02 -1.1840914081E-01  1.7147713950E-02
-0.5875  1.9756049540E-01 -7.0192692909E-02 -1.1527350352E-01  1.6855989721E-02
-0.5750  1.9848849978E-01 -7.1974882052E-02 -1.1215307662E-01  1.6571679783E-02
-0.5625  1.9949452466E-01 -7.3739206981E-02 -1.0904541322E-01  1.6297975489E-02
-0.5500  2.0057631923E-01 -7.5486013493E-02 -1.0594806387E-01  1.6037913445E-02
-0.5375  2.0173184037E-01 -7.7215649857E-02 -1.0285857450E-01  1.5794382403E-02
-0.5250  2.0295924462E-01 -7.8928465723E-02 -9.9774484233E-02  1.5570129904E-02
-0.5125  2.0425688041E-01 -8.0624811104E-02 -9.6693323335E-02  1.5367768694E-02
-0.5000  2.0562328062E-01 -8.2305035427E-02 -9.3612610984E-02  1.5189782886E-02
-0.4875  2.0705715541E-01 -8.3969486653E-02 -9.0529853110E-02  1.5038533897E-02
-0.4750  2.0855738533E-01 -8.5618510469E-02 -8.7442540173E-02  1.4916266146E-02
-0.4625  2.1012301472E-01 -8.7252449523E-02 -8.4348144922E-02  1.4825112524E-02
-0.4500  2.1175324538E-01 -8.8871642730E-02 -8.1244120115E-02  1.4767099628E-02
-0.4375  2.1344743054E-01 -9.0476424619E-02 -7.8127896222E-02  1.4744152770E-02
-0.4250  2.1520506907E-01 -9.2067124728E-02 -7.4996879079E-02  1.4758100760E-02
-0.4125  2.1702579998E-01 -9.3644067045E-02 -7.1848447521E-02  1.4810680454E-02
-0.4000  2.1890939724E-01 -9.5207569484E-02 -6.8679950972E-02  1.4903541093E-02
-0.3875  2.2085576476E-01 -9.6757943393E-02 -6.5488707001E-02  1.5038248402E-02
-0.3750  2.2286493174E-01 -9.8295493097E-02 -6.2271998837E-02  1.5216288477E-02
-0.3625  2.2493704826E-01 -9.9820515459E-02 -5.9027072849E-02  1.5439071445E-02
-0.3500  2.2707238113E-01 -1.0133329947E-01 -5.5751135975E-02  1.5707934904E-02
-0.3375  2.2927130997E-01 -1.0283412585E-01 -5.2441353120E-02  1.6024147145E-02
-0.3250  2.3153432366E-01 -1.0432326666E-01 -4.9094844499E-02  1.6388910148E-02
-0.3125  2.3386201692E-01 -1.0580098494E-01 -4.5708682942E-02  1.6803362365E-02
-0.3000  2.3625508730E-01 -1.0726753432E-01 -4.2279891144E-02  1.7268581274E-02
-0.2875  2.3871433230E-01 -1.0872315865E-01 -3.8805438873E-02  1.7785585727E-02
-0.2750  2.4124064689E-01 -1.1016809163E-01 -3.5282240125E-02  1.8355338060E-02
-0.2625  2.4383502118E-01 -1.1160255644E-01 -3.1707150223E-02  1.8978746000E-02
-0.2500  2.4649853842E-01 -1.1302676529E-01 -2.8076962871E-02  1.9656664337E-02
-0.2375  2.4923237331E-01 -1.1444091908E-01 -2.4388407144E-02  2.0389896388E-02
-0.2250  2.5203779048E-01 -1.1584520687E-01 -2.0638144428E-02  2.1179195224E-02
-0.2125  2.5491614333E-01 -1.1723980551E-01 -1.6822765297E-02  2.2025264686E-02
-0.2000  2.5786887310E-01 -1.1862487906E-01 -1.2938786337E-02  2.2928760171E-02
-0.1875  2.6089750828E-01 -1.2000057833E-01 -8.9826469008E-03  2.3890289194E-02
-0.1750  2.6400366419E-01 -1.2136704024E-01 -4.9507058055E-03  2.4910411721E-02
-0.1625  2.6718904297E-01 -1.2272438726E-01 -8.3923796433E-04  2.5989640275E-02
-0.1500  2.7045543378E-01 -1.2407272672E-01  3.3555690478E-03  2.7128439815E-02
-0.1375  2.7380471329E-01 -1.2541215006E-01  7.6376184958E-03  2.8327227371E-02
-0.1250  2.7723884653E-01 -1.2674273212E-01  1.2010908055E-02  2.9586371462E-02
-0.1125  2.8075988794E-01 -1.2806453023E-01  1.6479533453E-02  3.0906191260E-02
-0.1000  2.8436998281E-01 -1.2937758331E-01  2.1047692183E-02  3.2286955526E-02
-0.0875  2.8807136900E-01 -1.3068191091E-01  2.5719687289E-02  3.3728881299E-02
-0.0750  2.9186637894E-01 -1.3197751211E-01  3.0499931234E-02  3.5232132339E-02
-0.0625  2.9575744197E-01 -1.3326436438E-01  3.5392949834E-02  3.6796817329E-02
-0.0500  2.9974708705E-01 -1.3454242232E-01  4.0403386280E-02  3.8422987813E-02
-0.0375  3.0383794569E-01 -1.3581161636E-01  4.5536005239E-02  4.0110635894E-02
-0.0250  3.0803275533E-01 -1.3707185127E-01  5.0795697030E-02  4.1859691659E-02
-0.0125  3.1233436298E-01 -1.3832300464E-01  5.6187481895E-02  4.3670020356E-02
-0.0000  3.1674572924E-01 -1.3956492522E-01  6.1716514346E-02  4.5541419286E-02
 0.0125  3.2126993269E-01 -1.4079743111E-01  6.7388087605E-02  4.7473614446E-02
 0.0250  3.2591017462E-01 -1.4202030791E-01  7.3207638127E-02  4.9466256875E-02
 0.0375  3.3066978409E-01 -1.4323330661E-01  7.9180750222E-02  5.1518918733E-02
 0.0500  3.3555222350E-01 -1.4443614150E-01  8.5313160765E-02  5.3631089094E-02
 0.0625  3.4056109436E-01 -1.4562848776E-01  9.1610763993E-02  5.5802169437E-02
 0.0750  3.4570014366E-01 -1.4680997907E-01  9.8079616414E-02  5.8031468853E-02
 0.0875  3.5097327044E-01 -1.4798020493E-01  1.0472594180E-01  6.0318198945E-02
 0.1000  3.5638453297E-01 -1.4913870793E-01  1.1155613627E-01  6.2661468418E-02
 0.1125  3.6193815618E-01 -1.5028498069E-01  1.1857677353E-01  6.5060277355E-02
 0.1250  3.6763853967E-01 -1.5141846282E-01  1.2579461013E-01  6.7513511175E-02
 0.1375  3.7349026610E-01 -1.5253853753E-01  1.3321659088E-01  7.0019934259E-02
 0.1500  3.7949810998E-01 -1.5364452812E-01  1.4084985437E-01  7.2578183244E-02
 0.1625  3.8566704708E-01 -1.5473569429E-01  1.4870173862E-01  7.5186759970E-02
 0.1750  3.9200226420E-01 -1.5581122814E-01  1.5677978674E-01  7.7844024082E-02
 0.1875  3.9850916945E-01 -1.5687025007E-01  1.6509175286E-01  8.0548185272E-02
 0.2000  4.0519340309E-01 -1.5791180440E-01  1.7364560802E-01  8.3297295150E-02
 0.2125  4.1206084888E-01 -1.5893485471E-01  1.8244954628E-01  8.6089238748E-02
 0.2250  4.1911764589E-01 -1.5993827903E-01  1.9151199090E-01  8.8921725632E-02
 0.2375  4.2637020100E-01 -1.6092086471E-01  2.0084160068E-01  9.1792280625E-02
 0.2500  4.3382520182E-01 -1.6188130301E-01  2.1044727635E-01  9.4698234129E-02
 0.2625  4.4148963031E-01 -1.6281818350E-01  2.2033816717E-01  9.7636712027E-02
 0.2750  4.4937077693E-01 -1.6372998811E-01  2.3052367760E-01  1.0060462517E-01
 0.2875  4.5747625542E-01 -1.6461508487E-01  2.4101347411E-01  1.0359865843E-01
 0.3000  4.6581401824E-01 -1.6547172143E-01  2.5181749213E-01  1.0661525929E-01
 0.3125  4.7439237263E-01 -1.6629801818E-01  2.6294594313E-01  1.0965062602E-01
 0.3250  4.8321999736E-01 -1.6709196108E-01  2.7440932183E-01  1.1270069534E-01
 0.3375  4.9230596014E-01 -1.6785139418E-01  2.8621841354E-01  1.1576112961E-01
 0.3500  5.0165973580E-01 -1.6857401171E-01  2.9838430165E-01  1.1882730359E-01
 0.3625  5.1129122510E-01 -1.6925734993E-01  3.1091837528E-01  1.2189429059E-01
 0.3750  5.2121077443E-01 -1.6989877845E-01  3.2383233699E-01  1.2495684819E-01
 0.3875  5.3142919613E-01 -1.7049549132E-01  3.3713821076E-01  1.2800940339E-01
 0.4000  5.4195778972E-01 -1.7104449761E-01  3.5084835003E-01  1.3104603722E-01
 0.4125  5.5280836389E-01 -1.7154261165E-01  3.6497544590E-01  1.3406046879E-01
 0.4250  5.6399325935E-01 -1.7198644275E-01  3.7953253549E-01  1.3704603875E-01
 0.4375  5.7552537257E-01 -1.7237238459E-01  3.9453301048E-01  1.3999569222E-01
 0.4500  5.8741818034E-01 -1.7269660408E-01  4.0999062577E-01  1.4290196101E-01
 0.4625  5.9968576535E-01 -1.7295502976E-01  4.2591950833E-01  1.4575694532E-01
 0.4750  6.1234284260E-01 -1.7314333973E-01  4.4233416617E-01  1.4855229474E-01
 0.4875  6.2540478692E-01 -1.7325694903E-01  4.5924949749E-01  1.5127918859E-01
 0.5000  6.3888766133E-01 -1.7329099661E-01  4.7668080005E-01  1.5392831563E-01
 0.5125  6.5280824658E-01 -1.7324033160E-01  4.9464378060E-01  1.5648985307E-01
 0.5250  6.6718407166E-01 -1.7309949916E-01  5.1315456460E-01  1.5895344479E-01
 0.5375  6.8203344541E-01 -1.7286272570E-01  5.3222970600E-01  1.6130817893E-01
 0.5500  6.9737548932E-01 -1.7252390354E-01  5.5188619730E-01  1.6354256469E-01
 0.5625  7.1323017137E-01 -1.7207657488E-01  5.7214147969E-01  1.6564450833E-01
 0.5750  7.2961834118E-01 -1.7151391526E-01  5.9301345347E-01  1.6760128842E-01
 0.5875  7.4656176632E-01 -1.7082871624E-01  6.1452048853E-01  1.6939953025E-01
 0.6000  7.6408316987E-01 -1.7001336753E-01  6.3668143517E-01  1.7102517944E-01
 0.6125  7.8220626933E-01 -1.6905983837E-01  6.5951563497E-01  1.7246347459E-01
 0.6250  8.0095581681E-01 -1.6795965813E-01  6.8304293192E-01  1.7369891922E-01
 0.6375  8.2035764063E-01 -1.6670389634E-01  7.0728368373E-01  1.7471525260E-01
 0.6500  8.4043868831E-01 -1.6528314176E-01  7.3225877332E-01  1.7549541982E-01
 0.6625  8.6122707103E-01 -1.6368748084E-01  7.5798962057E-01  1.7602154081E-01
 0.6750  8.8275210961E-01 -1.6190647525E-01  7.8449819417E-01  1.7627487839E-01
 0.6875  9.0504438194E-01 -1.5992913865E-01  8.1180702375E-01  1.7623580533E-01
 0.7000  9.2813577212E-01 -1.5774391253E-01  8.3993921223E-01  1.7588377034E-01
 0.7125  9.5205952111E-01 -1.5533864125E-01  8.6891844829E-01  1.7519726303E-01
 0.7250  9.7685027914E-01 -1.5270054610E-01  8.9876901913E-01  1.7415377777E-01
 0.7375  1.0025441598E+00 -1.4981619841E-01  9.2951582347E-01  1.7272977639E-01
 0.7500  1.0291787960E+00 -1.4667149176E-01  9.6118438465E-01  1.7090064973E-01
 0.7625  1.0567933975E+00 -1.4325161311E-01  9.9380086407E-01  1.6864067808E-01
 0.7750  1.0854288107E+00 -1.3954101292E-01  1.0273920748E+00  1.6592299027E-01
 0.7875  1.1151275798E+00 -1.3552337424E-01  1.0619854954E+00  1.6271952161E-01
 0.8000  1.1459340109E+00 -1.3118158069E-01  1.0976092841E+00  1.5900097054E-01
 0.8125  1.1778942368E+00 -1.2649768322E-01  1.1342922929E+00  1.5473675384E-01
 0.8250  1.2110562852E+00 -1.2145286590E-01  1.1720640824E+00  1.4989496068E-01
 0.8375  1.2454701483E+00 -1.1602741028E-01  1.2109549363E+00  1.4444230508E-01
 0.8500  1.2811878547E+00 -1.1020065869E-01  1.2509958766E+00  1.3834407709E-01
 0.8625  1.3182635438E+00 -1.0395097621E-01  1.2922186788E+00  1.3156409237E-01
 0.8750  1.3567535423E+00 -9.7255711269E-02  1.3346558876E+00  1.2406464040E-01
 0.8875  1.3967164437E+00 -9.0091155010E-02  1.3783408323E+00  1.1580643101E-01
 0.9000  1.4382131890E+00 -8.2432499149E-02  1.4233076432E+00  1.0674853942E-01
 0.9125  1.4813071516E+00 -7.4253792479E-02  1.4695912677E+00  9.6848349545E-02
 0.9250  1.5260642235E+00 -6.5527895863E-02  1.5172274869E+00  8.6061495751E-02
 0.9375  1.5725529047E+00 -5.6226435718E-02  1.5662529325E+00  7.4341802761E-02
 0.9500  1.6208443956E+00 -4.6319755931E-02  1.6167051036E+00  6.1641223874E-02
 0.9625  1.6710126918E+00 -3.5776868168E-02  1.6686223843E+00  4.7909777340E-02
 0.9750  1.7231346818E+00 -2.4565400524E-02  1.7220440614E+00  3.3095480874E-02
 0.9875  1.7772902483E+00 -1.2651544462E-02  1.7770103420E+00  1.7144284263E-02
 1.0000  1.8335623720E+00  0.0000000000E+00  1.8335623720E+00  7.5435303598E-19
