lambda(um), Cext(cm^2/H), albedo, <cos>, # of angles
   0.55100  5.65164E-23   0.75832   0.54376   161
cos(theta),     S11,               S12,             S33,             S34
-1.0000  1.4240362018E-01 -5.6512980505E-18 -1.4240362018E-01  2.5236235719E-18
-0.9875  1.3868591784E-01  1.9846139629E-03 -1.3837958145E-01  1.3101593225E-03
-0.9750  1.3549743728E-01  3.6467099645E-03 -1.3432194308E-01  2.3618373014E-03
-0.9625  1.3278455968E-01  5.0101665059E-03 -1.3024683035E-01  3.1836741150E-03
-0.9500  1.3049846031E-01  6.0979943108E-03 -1.2616890509E-01  3.8020531073E-03
-0.9375  1.2859463869E-01  6.9322017949E-03 -1.2210140320E-01  4.2412708011E-03
-0.9250  1.2703251806E-01  7.5337112824E-03 -1.1805618304E-01  4.5236894025E-03
-0.9125  1.2577510010E-01  7.9223131741E-03 -1.1404378158E-01  4.6698745210E-03
-0.9000  1.2478866382E-01  8.1166483281E-03 -1.1007347569E-01  4.6987203171E-03
-0.8875  1.2404250010E-01  8.1342112512E-03 -1.0615334683E-01  4.6275638825E-03
-0.8750  1.2350867550E-01  7.9913684749E-03 -1.0229034744E-01  4.4722903267E-03
-0.8625  1.2316181996E-01  7.7033878470E-03 -9.8490368061E-02  4.2474297819E-03
-0.8500  1.2297893463E-01  7.2844754985E-03 -9.4758304143E-02  3.9662473237E-03
-0.8375  1.2293921663E-01  6.7478180318E-03 -9.1098122020E-02  3.6408266341E-03
-0.8250  1.2302389823E-01  6.1056280715E-03 -8.7512923412E-02  3.2821480944E-03
-0.8125  1.2321609857E-01  5.3691917761E-03 -8.4005008159E-02  2.9001618833E-03
-0.8000  1.2350068635E-01  4.5489172513E-03 -8.0575934878E-02  2.5038565627E-03
-0.7875  1.2386415212E-01  3.6543830722E-03 -7.7226579368E-02  2.1013235617E-03
-0.7750  1.2429448935E-01  2.6943863244E-03 -7.3957190620E-02  1.6998179042E-03
-0.7625  1.2478108319E-01  1.6769897235E-03 -7.0767444358E-02  1.3058154806E-03
-0.7500  1.2531460646E-01  6.0956749773E-04 -6.7656494067E-02  9.2506711782E-04
-0.7375  1.2588692212E-01 -5.0115019784E-04 -6.4623019502E-02  5.6264967083E-04
-0.7250  1.2649099169E-01 -1.6490344909E-03 -6.1665272673E-02  2.2301433109E-04
-0.7125  1.2712078942E-01 -2.8285167311E-03 -5.8781121358E-02 -8.9967678165E-05
-0.7000  1.2777122157E-01 -4.0345492201E-03 -5.5968090167E-02 -3.7296186731E-04
-0.6875  1.2843805063E-01 -5.2625677639E-03 -5.3223399218E-02 -6.2312957064E-04
-0.6750  1.2911782414E-01 -6.5084560516E-03 -5.0544000487E-02 -8.3808923935E-04
-0.6625  1.2980780786E-01 -7.7685118486E-03 -4.7926611893E-02 -1.0158798259E-03
-0.6500  1.3050592308E-01 -9.0394149742E-03 -4.5367749188E-02 -1.1549261580E-03
-0.6375  1.3121068783E-01 -1.0318197026E-02 -4.2863755729E-02 -1.2540062080E-03
-0.6250  1.3192116174E-01 -1.1602212806E-02 -4.0410830198E-02 -1.3122201706E-03
-0.6125  1.3263689453E-01 -1.2889113385E-02 -3.8005052353E-02 -1.3289612670E-03
-0.6000  1.3335787778E-01 -1.4176820771E-02 -3.5642406869E-02 -1.3038881975E-03
-0.5875  1.3408449991E-01 -1.5463504089E-02 -3.3318805365E-02 -1.2368991712E-03
-0.5750  1.3481750426E-01 -1.6747557242E-02 -3.1030106668E-02 -1.1281074408E-03
-0.5625  1.3555795005E-01 -1.8027577974E-02 -2.8772135396E-02 -9.7781827813E-04
-0.5500  1.3630717608E-01 -1.9302348274E-02 -2.6540698935E-02 -7.8650732447E-04
-0.5375  1.3706676716E-01 -2.0570816070E-02 -2.4331602868E-02 -5.5480025493E-04
-0.5250  1.3783852299E-01 -2.1832078138E-02 -2.2140664929E-02 -2.8345369695E-04
-0.5125  1.3862442948E-01 -2.3085364183E-02 -1.9963727551E-02  2.6662654862E-05
-0.5000  1.3942663239E-01 -2.4330022022E-02 -1.7796669060E-02  3.7458278342E-04
-0.4875  1.4024741311E-01 -2.5565503821E-02 -1.5635413592E-02  7.5926000775E-04
-0.4750  1.4108916653E-01 -2.6791353334E-02 -1.3475939784E-02  1.1795816080E-03
-0.4625  1.4195438094E-01 -2.8007194085E-02 -1.1314288290E-02  1.6343824680E-03
-0.4500  1.4284561972E-01 -2.9212718455E-02 -9.1465681997E-03  2.1224577854E-03
-0.4375  1.4376550493E-01 -3.0407677615E-02 -6.9689623878E-03  2.6425748964E-03
-0.4250  1.4471670251E-01 -3.1591872276E-02 -4.7777318631E-03  3.1934842627E-03
-0.4125  1.4570190913E-01 -3.2765144193E-02 -2.5692191606E-03  3.7739296656E-03
-0.4000  1.4672384060E-01 -3.3927368399E-02 -3.3985082448E-04  4.3826576499E-03
-0.3875  1.4778522164E-01 -3.5078446126E-02  1.9138609728E-03  5.0184262608E-03
-0.3750  1.4888877713E-01 -3.6218298371E-02  4.1953176317E-03  5.6800131140E-03
-0.3625  1.5003722459E-01 -3.7346860073E-02  6.5078341081E-03  6.3662228379E-03
-0.3500  1.5123326791E-01 -3.8464074875E-02  8.8546396358E-03  7.0758939254E-03
-0.3375  1.5247959227E-01 -3.9569890430E-02  1.1238879157E-02  7.8079050313E-03
-0.3250  1.5377886011E-01 -4.0664254225E-02  1.3663615422E-02  8.5611807504E-03
-0.3125  1.5513370823E-01 -4.1747109898E-02  1.6131831735E-02  9.3346969078E-03
-0.3000  1.5654674576E-01 -4.2818394005E-02  1.8646435303E-02  1.0127485394E-02
-0.2875  1.5802055317E-01 -4.3878033240E-02  2.1210261181E-02  1.0938638576E-02
-0.2750  1.5955768215E-01 -4.4925942051E-02  2.3826076770E-02  1.1767313303E-02
-0.2625  1.6116065627E-01 -4.5962020649E-02  2.6496586861E-02  1.2612734555E-02
-0.2500  1.6283197251E-01 -4.6986153385E-02  2.9224439199E-02  1.3474198728E-02
-0.2375  1.6457410353E-01 -4.7998207472E-02  3.2012230552E-02  1.4351076612E-02
-0.2250  1.6638950067E-01 -4.8998032025E-02  3.4862513273E-02  1.5242816056E-02
-0.2125  1.6828059766E-01 -4.9985457413E-02  3.7777802343E-02  1.6148944358E-02
-0.2000  1.7024981497E-01 -5.0960294900E-02  4.0760582892E-02  1.7069070393E-02
-0.1875  1.7229956489E-01 -5.1922336553E-02  4.3813318182E-02  1.8002886489E-02
-0.1750  1.7443225711E-01 -5.2871355406E-02  4.6938458060E-02  1.8950170082E-02
-0.1625  1.7665030506E-01 -5.3807105867E-02  5.0138447884E-02  1.9910785142E-02
-0.1500  1.7895613279E-01 -5.4729324347E-02  5.3415737910E-02  2.0884683403E-02
-0.1375  1.8135218238E-01 -5.5637730099E-02  5.6772793165E-02  2.1871905393E-02
-0.1250  1.8384092210E-01 -5.6532026263E-02  6.0212103810E-02  2.2872581279E-02
-0.1125  1.8642485499E-01 -5.7411901086E-02  6.3736195999E-02  2.3886931526E-02
-0.1000  1.8910652823E-01 -5.8277029327E-02  6.7347643263E-02  2.4915267386E-02
-0.0875  1.9188854291E-01 -5.9127073812E-02  7.1049078430E-02  2.5957991209E-02
-0.0750  1.9477356461E-01 -5.9961687153E-02  7.4843206112E-02  2.7015596585E-02
-0.0625  1.9776433450E-01 -6.0780513597E-02  7.8732815779E-02  2.8088668309E-02
-0.0500  2.0086368118E-01 -6.1583191012E-02  8.2720795458E-02  2.9177882171E-02
-0.0375  2.0407453313E-01 -6.2369352986E-02  8.6810146089E-02  3.0284004568E-02
-0.0250  2.0739993198E-01 -6.3138631041E-02  9.1003996580E-02  3.1407891918E-02
-0.0125  2.1084304649E-01 -6.3890656943E-02  9.5305619596E-02  3.2550489890E-02
-0.0000  2.1440718729E-01 -6.4625065103E-02  9.9718448144E-02  3.3712832416E-02
 0.0125  2.1809582257E-01 -6.5341495057E-02  1.0424609300E-01  3.4896040483E-02
 0.0250  2.2191259462E-01 -6.6039594013E-02  1.0889236101E-01  3.6101320691E-02
 0.0375  2.2586133732E-01 -6.6719019454E-02  1.1366127440E-01  3.7329963553E-02
 0.0500  2.2994609471E-01 -6.7379441796E-02  1.1855709107E-01  3.8583341521E-02
 0.0625  2.3417114058E-01 -6.8020547073E-02  1.2358432598E-01  3.9862906715E-02
 0.0750  2.3854099937E-01 -6.8642039650E-02  1.2874777378E-01  4.1170188327E-02
 0.0875  2.4306046820E-01 -6.9243644942E-02  1.3405253260E-01  4.2506789677E-02
 0.1000  2.4773464032E-01 -6.9825112139E-02  1.3950402930E-01  4.3874384889E-02
 0.1125  2.5256893005E-01 -7.0386216903E-02  1.4510804607E-01  4.5274715150E-02
 0.1250  2.5756909919E-01 -7.0926764041E-02  1.5087074867E-01  4.6709584525E-02
 0.1375  2.6274128519E-01 -7.1446590125E-02  1.5679871625E-01  4.8180855283E-02
 0.1500  2.6809203109E-01 -7.1945566044E-02  1.6289897301E-01  4.9690442694E-02
 0.1625  2.7362831737E-01 -7.2423599471E-02  1.6917902171E-01  5.1240309251E-02
 0.1750  2.7935759595E-01 -7.2880637229E-02  1.7564687931E-01  5.2832458282E-02
 0.1875  2.8528782630E-01 -7.3316667512E-02  1.8231111467E-01  5.4468926876E-02
 0.2000  2.9142751409E-01 -7.3731721970E-02  1.8918088868E-01  5.6151778100E-02
 0.2125  2.9778575226E-01 -7.4125877603E-02  1.9626599686E-01  5.7883092427E-02
 0.2250  3.0437226493E-01 -7.4499258447E-02  2.0357691463E-01  5.9664958325E-02
 0.2375  3.1119745426E-01 -7.4852037023E-02  2.1112484541E-01  6.1499461938E-02
 0.2500  3.1827245040E-01 -7.5184435511E-02  2.1892177182E-01  6.3388675803E-02
 0.2625  3.2560916493E-01 -7.5496726612E-02  2.2698051016E-01  6.5334646518E-02
 0.2750  3.3322034785E-01 -7.5789234065E-02  2.3531476828E-01  6.7339381290E-02
 0.2875  3.4111964853E-01 -7.6062332770E-02  2.4393920731E-01  6.9404833297E-02
 0.3000  3.4932168076E-01 -7.6316448468E-02  2.5286950732E-01  7.1532885768E-02
 0.3125  3.5784209235E-01 -7.6552056943E-02  2.6212243724E-01  7.3725334696E-02
 0.3250  3.6669763947E-01 -7.6769682673E-02  2.7171592939E-01  7.5983870108E-02
 0.3375  3.7590626613E-01 -7.6969896887E-02  2.8166915889E-01  7.8310055783E-02
 0.3500  3.8548718924E-01 -7.7153314961E-02  2.9200262826E-01  8.0705307330E-02
 0.3625  3.9546098944E-01 -7.7320593080E-02  3.0273825773E-01  8.3170868524E-02
 0.3750  4.0584970842E-01 -7.7472424103E-02  3.1389948148E-01  8.5707785796E-02
 0.3875  4.1667695299E-01 -7.7609532546E-02  3.2551135039E-01  8.8316880759E-02
 0.4000  4.2796800642E-01 -7.7732668606E-02  3.3760064174E-01  9.0998720683E-02
 0.4125  4.3974994778E-01 -7.7842601128E-02  3.5019597638E-01  9.3753586769E-02
 0.4250  4.5205177970E-01 -7.7940109427E-02  3.6332794392E-01  9.6581440142E-02
 0.4375  4.6490456524E-01 -7.8025973852E-02  3.7702923666E-01  9.9481885405E-02
 0.4500  4.7834157480E-01 -7.8100964994E-02  3.9133479296E-01  1.0245413167E-01
 0.4625  4.9239844363E-01 -7.8165831406E-02  4.0628195069E-01  1.0549695088E-01
 0.4750  5.0711334098E-01 -7.8221285707E-02  4.2191061196E-01  1.0860863342E-01
 0.4875  5.2252715199E-01 -7.8267988949E-02  4.3826341970E-01  1.1178694068E-01
 0.5000  5.3868367330E-01 -7.8306533075E-02  4.5538594772E-01  1.1502905468E-01
 0.5125  5.5562982379E-01 -7.8337421330E-02  4.7332690509E-01  1.1833152448E-01
 0.5250  5.7341587197E-01 -7.8361046441E-02  4.9213835658E-01  1.2169020929E-01
 0.5375  5.9209568160E-01 -7.8377666391E-02  5.1187596090E-01  1.2510021818E-01
 0.5500  6.1172697771E-01 -7.8387377589E-02  5.3259922853E-01  1.2855584633E-01
 0.5625  6.3237163513E-01 -7.8390085225E-02  5.5437180173E-01  1.3205050759E-01
 0.5750  6.5409599246E-01 -7.8385470593E-02  5.7726175940E-01  1.3557666348E-01
 0.5875  6.7697119453E-01 -7.8372955143E-02  6.0134195012E-01  1.3912574843E-01
 0.6000  7.0107356730E-01 -7.8351661016E-02  6.2669035747E-01  1.4268809126E-01
 0.6125  7.2648502993E-01 -7.8320367809E-02  6.5339050259E-01  1.4625283302E-01
 0.6250  7.5329354955E-01 -7.8277465309E-02  6.8153188988E-01  1.4980784108E-01
 0.6375  7.8159364590E-01 -7.8220901930E-02  7.1121050365E-01  1.5333961966E-01
 0.6500  8.1148695446E-01 -7.8148128599E-02  7.4252936497E-01  1.5683321675E-01
 0.6625  8.4308285912E-01 -7.8056037837E-02  7.7559916098E-01  1.6027212746E-01
 0.6750  8.7649920812E-01 -7.7940897797E-02  8.1053896202E-01  1.6363819361E-01
 0.6875  9.1186313136E-01 -7.7798281020E-02  8.4747704660E-01  1.6691149900E-01
 0.7000  9.4931198205E-01 -7.7622987656E-02  8.8655186020E-01  1.7007025920E-01
 0.7125  9.8899443306E-01 -7.7408962802E-02  9.2791314224E-01  1.7309070336E-01
 0.7250  1.0310717680E+00 -7.7149207448E-02  9.7172326627E-01  1.7594694375E-01
 0.7375  1.0757194205E+00 -7.6835682083E-02  1.0181588537E+00  1.7861082515E-01
 0.7500  1.1231288338E+00 -7.6459201266E-02  1.0674127410E+00  1.8105174110E-01
 0.7625  1.1735097372E+00 -7.6009316008E-02  1.1196964087E+00  1.8323639506E-01
 0.7750  1.2270929737E+00 -7.5474178346E-02  1.1752430164E+00  1.8512847171E-01
 0.7875  1.2841340597E+00 -7.4840378230E-02  1.2343112403E+00  1.8668816254E-01
 0.8000  1.3449177289E+00 -7.4092735887E-02  1.2971901761E+00  1.8787145879E-01
 0.8125  1.4097638083E+00 -7.3214021490E-02  1.3642056663E+00  1.8862907731E-01
 0.8250  1.4790349091E+00 -7.2184555976E-02  1.4357285365E+00  1.8890481410E-01
 0.8375  1.5531466062E+00 -7.0981618643E-02  1.5121853948E+00  1.8863301484E-01
 0.8500  1.6325810432E+00 -6.9578543488E-02  1.5940728857E+00  1.8773469670E-01
 0.8625  1.7179052743E+00 -6.7943319423E-02  1.6819766005E+00  1.8611162831E-01
 0.8750  1.8097961748E+00 -6.6036408253E-02  1.7765962729E+00  1.8363734379E-01
 0.8875  1.9090744775E+00 -6.3807342261E-02  1.8787794592E+00  1.8014358766E-01
 0.9000  2.0167515142E+00 -6.1189436783E-02  1.9895666763E+00  1.7539999734E-01
 0.9125  2.1340936577E+00 -5.8091618353E-02  2.1102520000E+00  1.6908384091E-01
 0.9250  2.2627114392E+00 -5.4385877417E-02  2.2424645166E+00  1.6073521663E-01
 0.9375  2.4046830658E+00 -4.9888137235E-02  2.3882778733E+00  1.4969111598E-01
 0.9500  2.5627258847E+00 -4.4329290003E-02  2.5503576509E+00  1.3498891580E-01
 0.9625  2.7404346332E+00 -3.7311649762E-02  2.7321595787E+00  1.1522586737E-01
 0.9750  2.9426126432E+00 -2.8243916354E-02  2.9381960017E+00  8.8355536759E-02
 0.9875  3.1757322871E+00 -1.6244665430E-02  3.1743938293E+00  5.1394294951E-02
 1.0000  3.4485749028E+00  0.0000000000E+00  3.4485749028E+00 -1.5316675017E-17
