lambda(um), Cext(cm^2/H), albedo, <cos>, # of angles
   0.55100  4.85351E-22   0.67312   0.53689   161
cos(theta),     S11,               S12,             S33,             S34
-1.0000  1.3873778363E-01 -2.6329477134E-18 -1.3873778363E-01  2.3137724391E-18
-0.9875  1.3593689545E-01  1.1402756940E-03 -1.3573319316E-01  7.3365501699E-04
-0.9750  1.3347714381E-01  2.1234309964E-03 -1.3268605276E-01  1.3927150466E-03
-0.9625  1.3133183707E-01  2.9561105215E-03 -1.2960338554E-01  1.9848020690E-03
-0.9500  1.2947630451E-01  3.6451886429E-03 -1.2649190136E-01  2.5169255737E-03
-0.9375  1.2788771114E-01  4.1976668687E-03 -1.2335797996E-01  2.9955415905E-03
-0.9250  1.2654489640E-01  4.6205903437E-03 -1.2020765918E-01  3.4266044898E-03
-0.9125  1.2542823292E-01  4.9209803717E-03 -1.1704662734E-01  3.8156125442E-03
-0.9000  1.2451950262E-01  5.1057803331E-03 -1.1388021920E-01  4.1676481069E-03
-0.8875  1.2380178745E-01  5.1818127836E-03 -1.1071341483E-01  4.4874131484E-03
-0.8750  1.2325937259E-01  5.1557458657E-03 -1.0755084093E-01  4.7792607854E-03
-0.8625  1.2287766044E-01  5.0340674619E-03 -1.0439677417E-01  5.0472233532E-03
-0.8500  1.2264309365E-01  4.8230657626E-03 -1.0125514626E-01  5.2950374925E-03
-0.8375  1.2254308603E-01  4.5288151374E-03 -9.8129550300E-02  5.5261666581E-03
-0.8250  1.2256596023E-01  4.1571663734E-03 -9.5023248274E-02  5.7438213964E-03
-0.8125  1.2270089105E-01  3.7137404953E-03 -9.1939179451E-02  5.9509776938E-03
-0.8000  1.2293785396E-01  3.2039255114E-03 -8.8879969447E-02  6.1503936514E-03
-0.7875  1.2326757774E-01  2.6328755328E-03 -8.5847939841E-02  6.3446247063E-03
-0.7750  1.2368150103E-01  2.0055118082E-03 -8.2845118194E-02  6.5360375883E-03
-0.7625  1.2417173203E-01  1.3265252899E-03 -7.9873248362E-02  6.7268231736E-03
-0.7500  1.2473101122E-01  6.0038041115E-04 -7.6933800990E-02  6.9190083720E-03
-0.7375  1.2535267646E-01 -1.6868018835E-04 -7.4027984126E-02  7.1144671672E-03
-0.7250  1.2603063044E-01 -9.7663021098E-04 -7.1156753866E-02  7.3149309081E-03
-0.7125  1.2675931011E-01 -1.8196537035E-03 -6.8320824986E-02  7.5219979399E-03
-0.7000  1.2753365787E-01 -2.6941386636E-03 -6.5520681495E-02  7.7371426450E-03
-0.6875  1.2834909440E-01 -3.5966703741E-03 -6.2756587074E-02  7.9617239586E-03
-0.6750  1.2920149301E-01 -4.5240245645E-03 -6.0028595364E-02  8.1969934108E-03
-0.6625  1.3008715522E-01 -5.4731604822E-03 -5.7336560071E-02  8.4441027403E-03
-0.6500  1.3100278772E-01 -6.4412139407E-03 -5.4680144851E-02  8.7041111204E-03
-0.6375  1.3194548039E-01 -7.4254903970E-03 -5.2058832966E-02  8.9779920283E-03
-0.6250  1.3291268540E-01 -8.4234581017E-03 -4.9471936684E-02  9.2666397873E-03
-0.6125  1.3390219737E-01 -9.4327413570E-03 -4.6918606402E-02  9.5708758067E-03
-0.6000  1.3491213442E-01 -1.0451113907E-02 -4.4397839480E-02  9.8914545393E-03
-0.5875  1.3594092015E-01 -1.1476492482E-02 -4.1908488775E-02  1.0229069176E-02
-0.5750  1.3698726649E-01 -1.2506930518E-02 -3.9449270860E-02  1.0584357092E-02
-0.5625  1.3805015736E-01 -1.3540612050E-02 -3.7018773920E-02  1.0957905058E-02
-0.5500  1.3912883310E-01 -1.4575845802E-02 -3.4615465309E-02  1.1350254235E-02
-0.5375  1.4022277571E-01 -1.5611059477E-02 -3.2237698776E-02  1.1761904948E-02
-0.5250  1.4133169480E-01 -1.6644794237E-02 -2.9883721335E-02  1.2193321267E-02
-0.5125  1.4245551425E-01 -1.7675699399E-02 -2.7551679777E-02  1.2644935386E-02
-0.5000  1.4359435959E-01 -1.8702527325E-02 -2.5239626834E-02  1.3117151823E-02
-0.4875  1.4474854603E-01 -1.9724128519E-02 -2.2945526962E-02  1.3610351437E-02
-0.4750  1.4591856720E-01 -2.0739446930E-02 -2.0667261765E-02  1.4124895264E-02
-0.4625  1.4710508449E-01 -2.1747515451E-02 -1.8402635032E-02  1.4661128196E-02
-0.4500  1.4830891705E-01 -2.2747451617E-02 -1.6149377407E-02  1.5219382488E-02
-0.4375  1.4953103241E-01 -2.3738453504E-02 -1.3905150658E-02  1.5799981102E-02
-0.4250  1.5077253774E-01 -2.4719795814E-02 -1.1667551576E-02  1.6403240903E-02
-0.4125  1.5203467168E-01 -2.5690826150E-02 -9.4341154644E-03  1.7029475695E-02
-0.4000  1.5331879679E-01 -2.6650961487E-02 -7.2023192405E-03  1.7678999105E-02
-0.3875  1.5462639258E-01 -2.7599684811E-02 -4.9695841362E-03  1.8352127327E-02
-0.3750  1.5595904911E-01 -2.8536541945E-02 -2.7332779898E-03  1.9049181707E-02
-0.3625  1.5731846124E-01 -2.9461138547E-02 -4.9071712999E-04  1.9770491198E-02
-0.3500  1.5870642333E-01 -3.0373137282E-02  1.7608321544E-03  2.0516394655E-02
-0.3375  1.6012482462E-01 -3.1272255152E-02  4.0241525640E-03  2.1287243005E-02
-0.3250  1.6157564514E-01 -3.2158260994E-02  6.3020751628E-03  2.2083401257E-02
-0.3125  1.6306095215E-01 -3.3030973138E-02  8.5974791812E-03  2.2905250387E-02
-0.3000  1.6458289718E-01 -3.3890257204E-02  1.0913292255E-02  2.3753189066E-02
-0.2875  1.6614371364E-01 -3.4736024066E-02  1.3252491106E-02  2.4627635257E-02
-0.2750  1.6774571496E-01 -3.5568227942E-02  1.5618102670E-02  2.5529027661E-02
-0.2625  1.6939129333E-01 -3.6386864629E-02  1.8013205682E-02  2.6457827022E-02
-0.2500  1.7108291894E-01 -3.7191969872E-02  2.0440932723E-02  2.7414517282E-02
-0.2375  1.7282313989E-01 -3.7983617857E-02  2.2904472737E-02  2.8399606592E-02
-0.2250  1.7461458258E-01 -3.8761919824E-02  2.5407074032E-02  2.9413628169E-02
-0.2125  1.7645995274E-01 -3.9527022800E-02  2.7952047766E-02  3.0457140999E-02
-0.2000  1.7836203702E-01 -4.0279108433E-02  3.0542771939E-02  3.1530730388E-02
-0.1875  1.8032370515E-01 -4.1018391942E-02  3.3182695885E-02  3.2635008346E-02
-0.1750  1.8234791275E-01 -4.1745121147E-02  3.5875345302E-02  3.3770613813E-02
-0.1625  1.8443770473E-01 -4.2459575604E-02  3.8624327800E-02  3.4938212714E-02
-0.1500  1.8659621929E-01 -4.3162065809E-02  4.1433339011E-02  3.6138497842E-02
-0.1375  1.8882669257E-01 -4.3852932485E-02  4.4306169255E-02  3.7372188564E-02
-0.1250  1.9113246396E-01 -4.4532545934E-02  4.7246710786E-02  3.8640030343E-02
-0.1125  1.9351698202E-01 -4.5201305445E-02  5.0258965630E-02  3.9942794076E-02
-0.1000  1.9598381118E-01 -4.5859638757E-02  5.3347054040E-02  4.1281275227E-02
-0.0875  1.9853663898E-01 -4.6508001560E-02  5.6515223577E-02  4.2656292774E-02
-0.0750  2.0117928418E-01 -4.7146877028E-02  5.9767858844E-02  4.4068687932E-02
-0.0625  2.0391570549E-01 -4.7776775382E-02  6.3109491889E-02  4.5519322675E-02
-0.0500  2.0675001112E-01 -4.8398233453E-02  6.6544813305E-02  4.7009078030E-02
-0.0375  2.0968646905E-01 -4.9011814264E-02  7.0078684047E-02  4.8538852132E-02
-0.0250  2.1272951820E-01 -4.9618106590E-02  7.3716147991E-02  5.0109558059E-02
-0.0125  2.1588378029E-01 -5.0217724503E-02  7.7462445270E-02  5.1722121397E-02
-0.0000  2.1915407268E-01 -5.0811306893E-02  8.1323026398E-02  5.3377477567E-02
 0.0125  2.2254542208E-01 -5.1399516936E-02  8.5303567239E-02  5.5076568872E-02
 0.0250  2.2606307913E-01 -5.1983041508E-02  8.9409984829E-02  5.6820341276E-02
 0.0375  2.2971253397E-01 -5.2562590538E-02  9.3648454098E-02  5.8609740884E-02
 0.0500  2.3349953283E-01 -5.3138896266E-02  9.8025425534E-02  6.0445710141E-02
 0.0625  2.3743009565E-01 -5.3712712413E-02  1.0254764381E-01  6.2329183700E-02
 0.0750  2.4151053476E-01 -5.4284813230E-02  1.0722216745E-01  6.4261083988E-02
 0.0875  2.4574747470E-01 -5.4855992429E-02  1.1205638953E-01  6.6242316421E-02
 0.1000  2.5014787323E-01 -5.5427061958E-02  1.1705805949E-01  6.8273764282E-02
 0.1125  2.5471904356E-01 -5.5998850624E-02  1.2223530618E-01  7.0356283234E-02
 0.1250  2.5946867790E-01 -5.6572202527E-02  1.2759666199E-01  7.2490695457E-02
 0.1375  2.6440487229E-01 -5.7147975303E-02  1.3315108837E-01  7.4677783398E-02
 0.1500  2.6953615291E-01 -5.7727038141E-02  1.3890800267E-01  7.6918283114E-02
 0.1625  2.7487150389E-01 -5.8310269571E-02  1.4487730632E-01  7.9212877197E-02
 0.1750  2.8042039657E-01 -5.8898554981E-02  1.5106941459E-01  8.1562187257E-02
 0.1875  2.8619282054E-01 -5.9492783858E-02  1.5749528782E-01  8.3966765953E-02
 0.2000  2.9219931631E-01 -6.0093846719E-02  1.6416646435E-01  8.6427088555E-02
 0.2125  2.9845100983E-01 -6.0702631717E-02  1.7109509518E-01  8.8943544014E-02
 0.2250  3.0495964898E-01 -6.1320020879E-02  1.7829398042E-01  9.1516425516E-02
 0.2375  3.1173764196E-01 -6.1946885971E-02  1.8577660777E-01  9.4145920511E-02
 0.2500  3.1879809800E-01 -6.2584083943E-02  1.9355719294E-01  9.6832100193E-02
 0.2625  3.2615487022E-01 -6.3232451939E-02  2.0165072238E-01  9.9574908402E-02
 0.2750  3.3382260092E-01 -6.3892801822E-02  2.1007299825E-01  1.0237414993E-01
 0.2875  3.4181676954E-01 -6.4565914203E-02  2.1884068592E-01  1.0522947821E-01
 0.3000  3.5015374320E-01 -6.5252531923E-02  2.2797136407E-01  1.0814038234E-01
 0.3125  3.5885083030E-01 -6.5953352959E-02  2.3748357766E-01  1.1110617347E-01
 0.3250  3.6792633713E-01 -6.6669022710E-02  2.4739689396E-01  1.1412597047E-01
 0.3375  3.7739962789E-01 -6.7400125628E-02  2.5773196172E-01  1.1719868482E-01
 0.3500  3.8729118828E-01 -6.8147176155E-02  2.6851057405E-01  1.2032300483E-01
 0.3625  3.9762269289E-01 -6.8910608904E-02  2.7975573489E-01  1.2349737897E-01
 0.3750  4.0841707686E-01 -6.9690768055E-02  2.9149172974E-01  1.2671999843E-01
 0.3875  4.1969861188E-01 -7.0487895909E-02  3.0374420077E-01  1.2998877873E-01
 0.4000  4.3149298724E-01 -7.1302120545E-02  3.1654022686E-01  1.3330134049E-01
 0.4125  4.4382739603E-01 -7.2133442526E-02  3.2990840886E-01  1.3665498916E-01
 0.4250  4.5673062721E-01 -7.2981720590E-02  3.4387896080E-01  1.4004669376E-01
 0.4375  4.7023316398E-01 -7.3846656282E-02  3.5848380744E-01  1.4347306449E-01
 0.4500  4.8436728911E-01 -7.4727777427E-02  3.7375668895E-01  1.4693032916E-01
 0.4625  4.9916719795E-01 -7.5624420406E-02  3.8973327346E-01  1.5041430844E-01
 0.4750  5.1466911986E-01 -7.6535711138E-02  4.0645127838E-01  1.5392038958E-01
 0.4875  5.3091144921E-01 -7.7460544696E-02  4.2395060160E-01  1.5744349878E-01
 0.5000  5.4793488679E-01 -7.8397563454E-02  4.4227346365E-01  1.6097807179E-01
 0.5125  5.6578259307E-01 -7.9345133688E-02  4.6146456244E-01  1.6451802264E-01
 0.5250  5.8450035484E-01 -8.0301320496E-02  4.8157124207E-01  1.6805671025E-01
 0.5375  6.0413676686E-01 -8.1263860934E-02  5.0264367784E-01  1.7158690252E-01
 0.5500  6.2474343074E-01 -8.2230135201E-02  5.2473507974E-01  1.7510073753E-01
 0.5625  6.4637517343E-01 -8.3197135724E-02  5.4790191712E-01  1.7858968127E-01
 0.5750  6.6909028837E-01 -8.4161433919E-02  5.7220416807E-01  1.8204448108E-01
 0.5875  6.9295080275E-01 -8.5119144390E-02  5.9770559717E-01  1.8545511400E-01
 0.6000  7.1802277523E-01 -8.6065886227E-02  6.2447406659E-01  1.8881072869E-01
 0.6125  7.4437662920E-01 -8.6996741024E-02  6.5258188596E-01  1.9209957925E-01
 0.6250  7.7208752783E-01 -8.7906207070E-02  6.8210620800E-01  1.9530894898E-01
 0.6375  8.0123579855E-01 -8.8788149040E-02  7.1312947799E-01  1.9842506111E-01
 0.6500  8.3190741614E-01 -8.9635742282E-02  7.4573994680E-01  2.0143297296E-01
 0.6625  8.6419455585E-01 -9.0441410511E-02  7.8003225967E-01  2.0431644890E-01
 0.6750  8.9819623039E-01 -9.1196755319E-02  8.1610813465E-01  2.0705780577E-01
 0.6875  9.3401902799E-01 -9.1892475396E-02  8.5407714839E-01  2.0963772289E-01
 0.7000  9.7177797260E-01 -9.2518272661E-02  8.9405765008E-01  2.1203500634E-01
 0.7125  1.0115975323E+00 -9.3062741571E-02  9.3617782883E-01  2.1422629391E-01
 0.7250  1.0536128087E+00 -9.3513236641E-02  9.8057696538E-01  2.1618568352E-01
 0.7375  1.0979709459E+00 -9.3855711619E-02  1.0274069053E+00  2.1788426259E-01
 0.7500  1.1448328117E+00 -9.4074521608E-02  1.0768337984E+00  2.1928950960E-01
 0.7625  1.1943750091E+00 -9.4152176653E-02  1.1290401600E+00  2.2036453069E-01
 0.7750  1.2467922982E+00 -9.4069031696E-02  1.1842273187E+00  2.2106708370E-01
 0.7875  1.3023005224E+00 -9.3802893026E-02  1.2426183317E+00  2.2134832880E-01
 0.8000  1.3611401591E+00 -9.3328515270E-02  1.3044614656E+00  2.2115122779E-01
 0.8125  1.4235806419E+00 -9.2616954947E-02  1.3700343572E+00  2.2040849263E-01
 0.8250  1.4899256416E+00 -9.1634736419E-02  1.4396490005E+00  2.1903995689E-01
 0.8375  1.5605195340E+00 -9.0342772777E-02  1.5136577283E+00  2.1694920906E-01
 0.8500  1.6357553434E+00 -8.8694967289E-02  1.5924603978E+00  2.1401928380E-01
 0.8625  1.7160845189E+00 -8.6636399237E-02  1.6765130316E+00  2.1010715258E-01
 0.8750  1.8020289891E+00 -8.4100970181E-02  1.7663382166E+00  2.0503668664E-01
 0.8875  1.8941960507E+00 -8.1008351241E-02  1.8625376262E+00  1.9858967969E-01
 0.9000  1.9932967804E+00 -7.7260026814E-02  1.9658071079E+00  1.9049440983E-01
 0.9125  2.1001688306E+00 -7.2734172888E-02  2.0769548668E+00  1.8041108580E-01
 0.9250  2.2158046766E+00 -6.7279035427E-02  2.1969233850E+00  1.6791335476E-01
 0.9375  2.3413866425E+00 -6.0704382490E-02  2.3268158457E+00  1.5246483866E-01
 0.9500  2.4783303562E+00 -5.2770487719E-02  2.4679279877E+00  1.3338940566E-01
 0.9625  2.6283386777E+00 -4.3173956743E-02  2.6217864995E+00  1.0983355763E-01
 0.9750  2.7934686425E+00 -3.1529524187E-02  2.7901952863E+00  8.0718911310E-02
 0.9875  2.9762145628E+00 -1.7346718193E-02  2.9752912059E+00  4.4682249799E-02
 1.0000  3.1796111867E+00  0.0000000000E+00  3.1796111867E+00 -1.6654325036E-17
