lambda(um), Cext(cm^2/H), albedo, <cos>, # of angles
   0.15380  2.83279E-22   0.44285   0.57155   161
cos(theta),     S11,               S12,             S33,             S34
-1.0000  1.2729002331E-01 -7.9427674784E-19 -1.2729002331E-01 -7.9561278041E-19
-0.9875  1.2540240457E-01 -2.1234845920E-03 -1.2528763958E-01  1.7910386282E-03
-0.9750  1.2379620159E-01 -4.0855584493E-03 -1.2335648291E-01  3.4155766902E-03
-0.9625  1.2243555134E-01 -5.9100024331E-03 -1.2148483402E-01  4.8957327922E-03
-0.9500  1.2129133967E-01 -7.6154810772E-03 -1.1966313236E-01  6.2500941463E-03
-0.9375  1.2033930950E-01 -9.2171884116E-03 -1.1788353371E-01  7.4945950955E-03
-0.9250  1.1955884874E-01 -1.0727846804E-02 -1.1613953062E-01  8.6431066167E-03
-0.9125  1.1893216893E-01 -1.2158342270E-02 -1.1442563955E-01  9.7078307030E-03
-0.9000  1.1844373372E-01 -1.3518138081E-02 -1.1273715850E-01  1.0699569185E-02
-0.8875  1.1807985694E-01 -1.4815547795E-02 -1.1106999130E-01  1.1627916527E-02
-0.8750  1.1782841739E-01 -1.6057919839E-02 -1.0942052771E-01  1.2501410008E-02
-0.8625  1.1767865140E-01 -1.7251769421E-02 -1.0778556379E-01  1.3327656877E-02
-0.8500  1.1762099389E-01 -1.8402881667E-02 -1.0616224596E-01  1.4113447138E-02
-0.8375  1.1764694792E-01 -1.9516399876E-02 -1.0454802621E-01  1.4864853525E-02
-0.8250  1.1774897063E-01 -2.0596904957E-02 -1.0294062020E-01  1.5587317292E-02
-0.8125  1.1792036993E-01 -2.1648486855E-02 -1.0133796590E-01  1.6285718464E-02
-0.8000  1.1815521071E-01 -2.2674806299E-02 -9.9738183475E-02  1.6964430998E-02
-0.7875  1.1844823149E-01 -2.3679144895E-02 -9.8139539639E-02  1.7627365506E-02
-0.7750  1.1879477268E-01 -2.4664442851E-02 -9.6540419388E-02  1.8278003914E-02
-0.7625  1.1919071675E-01 -2.5633325648E-02 -9.4939306827E-02  1.8919431086E-02
-0.7500  1.1963243916E-01 -2.6588122841E-02 -9.3334774707E-02  1.9554367763E-02
-0.7375  1.2011676740E-01 -2.7530883375E-02 -9.1725480209E-02  2.0185207363E-02
-0.7250  1.2064094497E-01 -2.8463391769E-02 -9.0110163304E-02  2.0814056814E-02
-0.7125  1.2120259696E-01 -2.9387188382E-02 -8.8487643888E-02  2.1442779333E-02
-0.7000  1.2179969529E-01 -3.0303595077E-02 -8.6856814879E-02  2.2073035539E-02
-0.6875  1.2243052271E-01 -3.1213745406E-02 -8.5216630244E-02  2.2706318979E-02
-0.6750  1.2309363630E-01 -3.2118616721E-02 -8.3566088789E-02  2.3343982934E-02
-0.6625  1.2378783225E-01 -3.3019060621E-02 -8.1904216199E-02  2.3987257123E-02
-0.6500  1.2451211413E-01 -3.3915828266E-02 -8.0230048556E-02  2.4637255050E-02
-0.6375  1.2526566655E-01 -3.4809588060E-02 -7.8542620422E-02  2.5294974719E-02
-0.6250  1.2604783534E-01 -3.5700934961E-02 -7.6840959477E-02  2.5961296702E-02
-0.6125  1.2685811392E-01 -3.6590392482E-02 -7.5124088046E-02  2.6636983848E-02
-0.6000  1.2769613480E-01 -3.7478410090E-02 -7.3391030056E-02  2.7322686044E-02
-0.5875  1.2856166375E-01 -3.8365359497E-02 -7.1640820535E-02  2.8018951761E-02
-0.5750  1.2945459443E-01 -3.9251533312E-02 -6.9872514179E-02  2.8726245994E-02
-0.5625  1.3037494124E-01 -4.0137148524E-02 -6.8085189792E-02  2.9444972208E-02
-0.5500  1.3132282946E-01 -4.1022355698E-02 -6.6277948650E-02  3.0175494616E-02
-0.5375  1.3229848253E-01 -4.1907253027E-02 -6.4449906563E-02  3.0918156811E-02
-0.5250  1.3330220760E-01 -4.2791902884E-02 -6.2600181206E-02  3.1673293574E-02
-0.5125  1.3433438130E-01 -4.3676347767E-02 -6.0727877679E-02  3.2441234373E-02
-0.5000  1.3539543771E-01 -4.4560622613E-02 -5.8832075790E-02  3.3222299148E-02
-0.4875  1.3648586010E-01 -4.5444761399E-02 -5.6911822106E-02  3.4016788935E-02
-0.4750  1.3760617727E-01 -4.6328797460E-02 -5.4966128507E-02  3.4824975133E-02
-0.4625  1.3875696402E-01 -4.7212758628E-02 -5.2993977131E-02  3.5647091435E-02
-0.4500  1.3993884447E-01 -4.8096659567E-02 -5.0994329780E-02  3.6483331520E-02
-0.4375  1.4115249627E-01 -4.8980494332E-02 -4.8966138537E-02  3.7333853825E-02
-0.4250  1.4239865361E-01 -4.9864231910E-02 -4.6908354000E-02  3.8198792567E-02
-0.4125  1.4367810768E-01 -5.0747816415E-02 -4.4819928223E-02  3.9078272245E-02
-0.4000  1.4499170388E-01 -5.1631172093E-02 -4.2699811036E-02  3.9972421822E-02
-0.3875  1.4634033642E-01 -5.2514211738E-02 -4.0546940441E-02  4.0881384790E-02
-0.3750  1.4772494162E-01 -5.3396846029E-02 -3.8360229596E-02  4.1805322630E-02
-0.3625  1.4914649180E-01 -5.4278991026E-02 -3.6138554025E-02  4.2744411159E-02
-0.3500  1.5060599139E-01 -5.5160571665E-02 -3.3880742621E-02  4.3698831519E-02
-0.3375  1.5210447636E-01 -5.6041520439E-02 -3.1585574876E-02  4.4668759280E-02
-0.3250  1.5364301697E-01 -5.6921772060E-02 -2.9251784717E-02  4.5654355744E-02
-0.3125  1.5522272288E-01 -5.7801256253E-02 -2.6878069152E-02  4.6655764841E-02
-0.3000  1.5684474909E-01 -5.8679891521E-02 -2.4463098198E-02  4.7673117124E-02
-0.2875  1.5851030092E-01 -5.9557582382E-02 -2.2005521984E-02  4.8706539889E-02
-0.2750  1.6022063670E-01 -6.0434221382E-02 -1.9503971734E-02  4.9756170222E-02
-0.2625  1.6197706772E-01 -6.1309695448E-02 -1.6957053277E-02  5.0822166499E-02
-0.2500  1.6378095599E-01 -6.2183894479E-02 -1.4363334367E-02  5.1904714188E-02
-0.2375  1.6563371114E-01 -6.3056719098E-02 -1.1721329307E-02  5.3004023586E-02
-0.2250  1.6753678812E-01 -6.3928084560E-02 -9.0294855864E-03  5.4120319962E-02
-0.2125  1.6949168710E-01 -6.4797919051E-02 -6.2861767429E-03  5.5253829416E-02
-0.2000  1.7149995621E-01 -6.5666156566E-02 -3.4897035784E-03  5.6404765638E-02
-0.1875  1.7356319689E-01 -6.6532726621E-02 -6.3830284908E-04  5.7573322857E-02
-0.1750  1.7568307043E-01 -6.7397544418E-02  2.2698404204E-03  5.8759678327E-02
-0.1625  1.7786130447E-01 -6.8260505181E-02  5.2365825714E-03  5.9964004398E-02
-0.1500  1.8009969775E-01 -6.9121485080E-02  8.2638182169E-03  6.1186486505E-02
-0.1375  1.8240012273E-01 -6.9980348824E-02  1.1353487401E-02  6.2427340830E-02
-0.1250  1.8476452620E-01 -7.0836961434E-02  1.4507592288E-02  6.3686824990E-02
-0.1125  1.8719492916E-01 -7.1691199959E-02  1.7728218924E-02  6.4965237238E-02
-0.1000  1.8969342726E-01 -7.2542960630E-02  2.1017557324E-02  6.6262903818E-02
-0.0875  1.9226219335E-01 -7.3392158481E-02  2.4377913400E-02  6.7580158761E-02
-0.0750  1.9490348234E-01 -7.4238719233E-02  2.7811709175E-02  6.8917323712E-02
-0.0625  1.9761963828E-01 -7.5082566341E-02  3.1321472369E-02  7.0274695930E-02
-0.0500  2.0041310234E-01 -7.5923608082E-02  3.4909821056E-02  7.1652549763E-02
-0.0375  2.0328642041E-01 -7.6761729768E-02  3.8579451630E-02  7.3051151738E-02
-0.0250  2.0624224954E-01 -7.7596794135E-02  4.2333137585E-02  7.4470783702E-02
-0.0125  2.0928336288E-01 -7.8428649632E-02  4.6173742531E-02  7.5911764802E-02
-0.0000  2.1241265380E-01 -7.9257142935E-02  5.0104244990E-02  7.7374463160E-02
 0.0125  2.1563314037E-01 -8.0082130142E-02  5.4127767349E-02  7.8859292217E-02
 0.0250  2.1894797119E-01 -8.0903481646E-02  5.8247599270E-02  8.0366693377E-02
 0.0375  2.2236043302E-01 -8.1721078535E-02  6.2467208210E-02  8.1897112848E-02
 0.0500  2.2587396018E-01 -8.2534802304E-02  6.6790235638E-02  8.3450983542E-02
 0.0625  2.2949214497E-01 -8.3344522864E-02  7.1220484646E-02  8.5028720839E-02
 0.0750  2.3321874835E-01 -8.4150090615E-02  7.5761909365E-02  8.6630734578E-02
 0.0875  2.3705771075E-01 -8.4951336344E-02  8.0418616468E-02  8.8257451678E-02
 0.1000  2.4101316295E-01 -8.5748078617E-02  8.5194883672E-02  8.9909338301E-02
 0.1125  2.4508943755E-01 -8.6540134387E-02  9.0095191901E-02  9.1586910381E-02
 0.1250  2.4929108145E-01 -8.7327326711E-02  9.5124260871E-02  9.3290727247E-02
 0.1375  2.5362286927E-01 -8.8109484993E-02  1.0028707609E-01  9.5021372067E-02
 0.1500  2.5808981775E-01 -8.8886437308E-02  1.0558890011E-01  9.6779430329E-02
 0.1625  2.6269720074E-01 -8.9657998925E-02  1.1103527021E-01  9.8565479055E-02
 0.1750  2.6745056561E-01 -9.0423963513E-02  1.1663199322E-01  1.0038009376E-01
 0.1875  2.7235575154E-01 -9.1184102098E-02  1.2238515127E-01  1.0222386997E-01
 0.2000  2.7741891094E-01 -9.1938170287E-02  1.2830112717E-01  1.0409744730E-01
 0.2125  2.8264653391E-01 -9.2685919211E-02  1.3438664742E-01  1.0600152199E-01
 0.2250  2.8804547513E-01 -9.3427103138E-02  1.4064883120E-01  1.0793684045E-01
 0.2375  2.9362298145E-01 -9.4161478577E-02  1.4709523025E-01  1.0990417806E-01
 0.2500  2.9938671928E-01 -9.4888794946E-02  1.5373385181E-01  1.1190431690E-01
 0.2625  3.0534480222E-01 -9.5608782189E-02  1.6057316853E-01  1.1393803738E-01
 0.2750  3.1150582131E-01 -9.6321142614E-02  1.6762213027E-01  1.1600612978E-01
 0.2875  3.1787888079E-01 -9.7025551268E-02  1.7489019333E-01  1.1810941873E-01
 0.3000  3.2447364124E-01 -9.7721663237E-02  1.8238737330E-01  1.2024878496E-01
 0.3125  3.3130036928E-01 -9.8409121488E-02  1.9012431377E-01  1.2242517057E-01
 0.3250  3.3836999092E-01 -9.9087558763E-02  1.9811235466E-01  1.2463956637E-01
 0.3375  3.4569414626E-01 -9.9756591624E-02  2.0636358791E-01  1.2689299266E-01
 0.3500  3.5328524555E-01 -1.0041581061E-01  2.1489090173E-01  1.2918648977E-01
 0.3625  3.6115653053E-01 -1.0106477308E-01  2.2370802787E-01  1.3152112679E-01
 0.3750  3.6932214576E-01 -1.0170300254E-01  2.3282960890E-01  1.3389802261E-01
 0.3875  3.7779722280E-01 -1.0232999255E-01  2.4227129175E-01  1.3631836435E-01
 0.4000  3.8659797578E-01 -1.0294520959E-01  2.5204983909E-01  1.3878341128E-01
 0.4125  3.9574180529E-01 -1.0354809026E-01  2.6218324341E-01  1.4129448585E-01
 0.4250  4.0524740914E-01 -1.0413803366E-01  2.7269083715E-01  1.4385296448E-01
 0.4375  4.1513490358E-01 -1.0471439396E-01  2.8359340716E-01  1.4646028061E-01
 0.4500  4.2542596205E-01 -1.0527647740E-01  2.9491333071E-01  1.4911794024E-01
 0.4625  4.3614397704E-01 -1.0582354315E-01  3.0667474450E-01  1.5182753873E-01
 0.4750  4.4731424585E-01 -1.0635480352E-01  3.1890374344E-01  1.5459076711E-01
 0.4875  4.5896417822E-01 -1.0686941909E-01  3.3162859796E-01  1.5740940743E-01
 0.5000  4.7112352591E-01 -1.0736648937E-01  3.4487998541E-01  1.6028532811E-01
 0.5125  4.8382464104E-01 -1.0784504294E-01  3.5869124600E-01  1.6322048996E-01
 0.5250  4.9710277359E-01 -1.0830403003E-01  3.7309868174E-01  1.6621696276E-01
 0.5375  5.1099641717E-01 -1.0874231695E-01  3.8814191086E-01  1.6927694352E-01
 0.5500  5.2554770817E-01 -1.0915867914E-01  4.0386427951E-01  1.7240276942E-01
 0.5625  5.4080288333E-01 -1.0955179163E-01  4.2031333140E-01  1.7559692831E-01
 0.5750  5.5681280684E-01 -1.0992021883E-01  4.3754134759E-01  1.7886207365E-01
 0.5875  5.7363358540E-01 -1.1026240583E-01  4.5560598007E-01  1.8220104498E-01
 0.6000  5.9132729180E-01 -1.1057667071E-01  4.7457100303E-01  1.8561688524E-01
 0.6125  6.0996281701E-01 -1.1086119482E-01  4.9450719923E-01  1.8911284524E-01
 0.6250  6.2961687258E-01 -1.1111400810E-01  5.1549339760E-01  1.9269237116E-01
 0.6375  6.5037517381E-01 -1.1133296763E-01  5.3761768709E-01  1.9635907513E-01
 0.6500  6.7233384257E-01 -1.1151572610E-01  5.6097884103E-01  2.0011668817E-01
 0.6625  6.9560107578E-01 -1.1165968488E-01  5.8568798954E-01  2.0396899644E-01
 0.6750  7.2029913328E-01 -1.1176192536E-01  6.1187058316E-01  2.0791977275E-01
 0.6875  7.4656671696E-01 -1.1181911504E-01  6.3966871175E-01  2.1197273392E-01
 0.7000  7.7456184440E-01 -1.1182738917E-01  6.6924388420E-01  2.1613157084E-01
 0.7125  8.0446536683E-01 -1.1178221456E-01  7.0078043539E-01  2.2040011107E-01
 0.7250  8.3648535130E-01 -1.1167825020E-01  7.3448981675E-01  2.2478268016E-01
 0.7375  8.7086265360E-01 -1.1150922997E-01  7.7061615974E-01  2.2928471732E-01
 0.7500  9.0787816347E-01 -1.1126790080E-01  8.0944368410E-01  2.3391365446E-01
 0.7625  9.4786240969E-01 -1.1094605052E-01  8.5130674607E-01  2.3867996789E-01
 0.7750  9.9120847088E-01 -1.1053464530E-01  8.9660356947E-01  2.4359815078E-01
 0.7875  1.0383894372E+00 -1.1002405782E-01  9.4581494424E-01  2.4868713365E-01
 0.8000  1.0899819836E+00 -1.0940429381E-01  9.9952936137E-01  2.5396943891E-01
 0.8125  1.1466979233E+00 -1.0866501220E-01  1.0584761392E+00  2.5946819396E-01
 0.8250  1.2094259324E+00 -1.0779499329E-01  1.1235681194E+00  2.6520124711E-01
 0.8375  1.2792861892E+00 -1.0678057871E-01  1.1959557514E+00  2.7117234909E-01
 0.8500  1.3577021429E+00 -1.0560256750E-01  1.2770957067E+00  2.7736111230E-01
 0.8625  1.4464978378E+00 -1.0423124354E-01  1.3688417168E+00  2.8371665703E-01
 0.8750  1.5480403864E+00 -1.0261981299E-01  1.4735778392E+00  2.9016453622E-01
 0.8875  1.6654743985E+00 -1.0069770248E-01  1.5944445816E+00  2.9664146811E-01
 0.9000  1.8031570692E+00 -9.8366820853E-02  1.7357754285E+00  3.0317322851E-01
 0.9125  1.9675362827E+00 -9.5505174857E-02  1.9040021165E+00  3.0999654615E-01
 0.9250  2.1689926139E+00 -9.1980462282E-02  2.1095717799E+00  3.1767100649E-01
 0.9375  2.4257371041E+00 -8.7664769431E-02  2.3709865727E+00  3.2698059428E-01
 0.9500  2.7720473366E+00 -8.2405644675E-02  2.7232319118E+00  3.3808804201E-01
 0.9625  3.2758513400E+00 -7.5819119091E-02  3.2354725900E+00  3.4770005858E-01
 0.9750  4.0789901198E+00 -6.6570590123E-02  4.0509335233E+00  3.4163338322E-01
 0.9875  5.5248044304E+00 -5.0318322164E-02  5.5126483173E+00  2.7752397775E-01
 1.0000  9.3961190277E+00  4.1310411920E-74  9.3961190277E+00 -2.5223898811E-18
