lambda(um), Cext(cm^2/H), albedo, <cos>, # of angles
   1.22000  1.56733E-23   0.61980   0.34431   161
cos(theta),     S11,               S12,             S33,             S34
-1.0000  2.9619775817E-01  4.0099638956E-19 -2.9619775817E-01  1.2881638135E-19
-0.9875  2.9059148301E-01 -3.4368632398E-03 -2.9046793466E-01  2.4669008353E-03
-0.9750  2.8545003068E-01 -6.7687670350E-03 -2.8496933844E-01  4.6818645987E-03
-0.9625  2.8073556623E-01 -1.0005351076E-02 -2.7968292598E-01  6.6702053829E-03
-0.9500  2.7641342465E-01 -1.3155419947E-02 -2.7459100052E-01  8.4550797729E-03
-0.9375  2.7245186571E-01 -1.6227007745E-02 -2.6967711250E-01  1.0057657045E-02
-0.9250  2.6882184668E-01 -1.9227438091E-02 -2.6492596742E-01  1.1497276705E-02
-0.9125  2.6549681190E-01 -2.2163379825E-02 -2.6032334042E-01  1.2791594265E-02
-0.9000  2.6245249781E-01 -2.5040898637E-02 -2.5585599716E-01  1.3956716085E-02
-0.8875  2.5966675246E-01 -2.7865504912E-02 -2.5151162060E-01  1.5007324064E-02
-0.8750  2.5711936857E-01 -3.0642198031E-02 -2.4727874304E-01  1.5956790905E-02
-0.8625  2.5479192902E-01 -3.3375507346E-02 -2.4314668328E-01  1.6817286630E-02
-0.8500  2.5266766402E-01 -3.6069530073E-02 -2.3910548827E-01  1.7599876974E-02
-0.8375  2.5073131911E-01 -3.8727966285E-02 -2.3514587906E-01  1.8314614248E-02
-0.8250  2.4896903316E-01 -4.1354151227E-02 -2.3125920076E-01  1.8970621215E-02
-0.8125  2.4736822572E-01 -4.3951085119E-02 -2.2743737605E-01  1.9576168489E-02
-0.8000  2.4591749309E-01 -4.6521460632E-02 -2.2367286209E-01  2.0138745939E-02
-0.7875  2.4460651232E-01 -4.9067688204E-02 -2.1995861062E-01  2.0665128521E-02
-0.7750  2.4342595278E-01 -5.1591919340E-02 -2.1628803083E-01  2.1161436968E-02
-0.7625  2.4236739454E-01 -5.4096068055E-02 -2.1265495500E-01  2.1633193706E-02
-0.7500  2.4142325325E-01 -5.6581830585E-02 -2.0905360656E-01  2.2085374359E-02
-0.7375  2.4058671090E-01 -5.9050703503E-02 -2.0547857046E-01  2.2522455166E-02
-0.7250  2.3985165216E-01 -6.1504000358E-02 -2.0192476565E-01  2.2948456624E-02
-0.7125  2.3921260567E-01 -6.3942866942E-02 -1.9838741949E-01  2.3366983627E-02
-0.7000  2.3866469026E-01 -6.6368295304E-02 -1.9486204404E-01  2.3781262391E-02
-0.6875  2.3820356531E-01 -6.8781136590E-02 -1.9134441396E-01  2.4194174378E-02
-0.6750  2.3782538533E-01 -7.1182112824E-02 -1.8783054601E-01  2.4608287472E-02
-0.6625  2.3752675817E-01 -7.3571827692E-02 -1.8431667997E-01  2.5025884605E-02
-0.6500  2.3730470669E-01 -7.5950776419E-02 -1.8079926089E-01  2.5448990035E-02
-0.6375  2.3715663367E-01 -7.8319354817E-02 -1.7727492261E-01  2.5879393454E-02
-0.6250  2.3708028958E-01 -8.0677867560E-02 -1.7374047238E-01  2.6318672088E-02
-0.6125  2.3707374317E-01 -8.3026535758E-02 -1.7019287656E-01  2.6768210963E-02
-0.6000  2.3713535441E-01 -8.5365503890E-02 -1.6662924731E-01  2.7229221461E-02
-0.5875  2.3726374995E-01 -8.7694846134E-02 -1.6304683021E-01  2.7702758312E-02
-0.5750  2.3745780047E-01 -9.0014572170E-02 -1.5944299268E-01  2.8189735138E-02
-0.5625  2.3771660023E-01 -9.2324632475E-02 -1.5581521322E-01  2.8690938675E-02
-0.5500  2.3803944820E-01 -9.4624923174E-02 -1.5216107137E-01  2.9207041760E-02
-0.5375  2.3842583106E-01 -9.6915290468E-02 -1.4847823833E-01  2.9738615202E-02
-0.5250  2.3887540755E-01 -9.9195534691E-02 -1.4476446825E-01  3.0286138612E-02
-0.5125  2.3938799438E-01 -1.0146541401E-01 -1.4101759004E-01  3.0850010280E-02
-0.5000  2.3996355331E-01 -1.0372464784E-01 -1.3723549975E-01  3.1430556182E-02
-0.4875  2.4060217948E-01 -1.0597291990E-01 -1.3341615348E-01  3.2028038176E-02
-0.4750  2.4130409086E-01 -1.0820988108E-01 -1.2955756069E-01  3.2642661469E-02
-0.4625  2.4206961862E-01 -1.1043515206E-01 -1.2565777799E-01  3.3274581400E-02
-0.4500  2.4289919850E-01 -1.1264832561E-01 -1.2171490327E-01  3.3923909606E-02
-0.4375  2.4379336299E-01 -1.1484896886E-01 -1.1772707031E-01  3.4590719613E-02
-0.4250  2.4475273425E-01 -1.1703662519E-01 -1.1369244355E-01  3.5275051919E-02
-0.4125  2.4577801786E-01 -1.1921081613E-01 -1.0960921338E-01  3.5976918580E-02
-0.4000  2.4686999705E-01 -1.2137104297E-01 -1.0547559155E-01  3.6696307377E-02
-0.3875  2.4802952770E-01 -1.2351678828E-01 -1.0128980692E-01  3.7433185573E-02
-0.3750  2.4925753376E-01 -1.2564751734E-01 -9.7050101457E-02  3.8187503305E-02
-0.3625  2.5055500327E-01 -1.2776267935E-01 -9.2754726457E-02  3.8959196649E-02
-0.3500  2.5192298476E-01 -1.2986170861E-01 -8.8401938920E-02  3.9748190370E-02
-0.3375  2.5336258414E-01 -1.3194402558E-01 -8.3989998174E-02  4.0554400402E-02
-0.3250  2.5487496192E-01 -1.3400903779E-01 -7.9517162623E-02  4.1377736073E-02
-0.3125  2.5646133090E-01 -1.3605614073E-01 -7.4981686670E-02  4.2218102092E-02
-0.3000  2.5812295401E-01 -1.3808471864E-01 -7.0381817755E-02  4.3075400334E-02
-0.2875  2.5986114266E-01 -1.4009414515E-01 -6.5715793528E-02  4.3949531424E-02
-0.2750  2.6167725521E-01 -1.4208378397E-01 -6.0981839106E-02  4.4840396158E-02
-0.2625  2.6357269578E-01 -1.4405298936E-01 -5.6178164439E-02  4.5747896747E-02
-0.2500  2.6554891330E-01 -1.4600110671E-01 -5.1302961729E-02  4.6671937935E-02
-0.2375  2.6760740075E-01 -1.4792747288E-01 -4.6354402923E-02  4.7612427968E-02
-0.2250  2.6974969464E-01 -1.4983141659E-01 -4.1330637247E-02  4.8569279452E-02
-0.2125  2.7197737470E-01 -1.5171225875E-01 -3.6229788773E-02  4.9542410097E-02
-0.2000  2.7429206369E-01 -1.5356931266E-01 -3.1049953999E-02  5.0531743357E-02
-0.1875  2.7669542746E-01 -1.5540188425E-01 -2.5789199447E-02  5.1537208982E-02
-0.1750  2.7918917518E-01 -1.5720927217E-01 -2.0445559244E-02  5.2558743477E-02
-0.1625  2.8177505963E-01 -1.5899076797E-01 -1.5017032681E-02  5.3596290486E-02
-0.1500  2.8445487777E-01 -1.6074565607E-01 -9.5015817491E-03  5.4649801102E-02
-0.1375  2.8723047139E-01 -1.6247321382E-01 -3.8971286176E-03  5.5719234096E-02
-0.1250  2.9010372794E-01 -1.6417271143E-01  1.7984469432E-03  5.6804556094E-02
-0.1125  2.9307658144E-01 -1.6584341190E-01  7.5873102138E-03  5.7905741674E-02
-0.1000  2.9615101367E-01 -1.6748457091E-01  1.3471674265E-02  5.9022773412E-02
-0.0875  2.9932905532E-01 -1.6909543665E-01  1.9453802797E-02  6.0155641855E-02
-0.0750  3.0261278750E-01 -1.7067524962E-01  2.5536013101E-02  6.1304345440E-02
-0.0625  3.0600434318E-01 -1.7222324241E-01  3.1720679141E-02  6.2468890342E-02
-0.0500  3.0950590897E-01 -1.7373863940E-01  3.8010234789E-02  6.3649290264E-02
-0.0375  3.1311972694E-01 -1.7522065648E-01  4.4407177218E-02  6.4845566145E-02
-0.0250  3.1684809668E-01 -1.7666850071E-01  5.0914070473E-02  6.6057745816E-02
-0.0125  3.2069337746E-01 -1.7808136993E-01  5.7533549234E-02  6.7285863556E-02
-0.0000  3.2465799062E-01 -1.7945845235E-01  6.4268322787E-02  6.8529959583E-02
 0.0125  3.2874442214E-01 -1.8079892613E-01  7.1121179231E-02  6.9790079444E-02
 0.0250  3.3295522544E-01 -1.8210195892E-01  7.8094989920E-02  7.1066273312E-02
 0.0375  3.3729302431E-01 -1.8336670729E-01  8.5192714181E-02  7.2358595174E-02
 0.0500  3.4176051618E-01 -1.8459231628E-01  9.2417404310E-02  7.3667101900E-02
 0.0625  3.4636047553E-01 -1.8577791876E-01  9.9772210879E-02  7.4991852183E-02
 0.0750  3.5109575766E-01 -1.8692263486E-01  1.0726038837E-01  7.6332905335E-02
 0.0875  3.5596930265E-01 -1.8802557133E-01  1.1488530114E-01  7.7690319923E-02
 0.1000  3.6098413971E-01 -1.8908582082E-01  1.2265042983E-01  7.9064152235E-02
 0.1125  3.6614339178E-01 -1.9010246124E-01  1.3055937806E-01  8.0454454543E-02
 0.1250  3.7145028056E-01 -1.9107455491E-01  1.3861587966E-01  8.1861273160E-02
 0.1375  3.7690813182E-01 -1.9200114780E-01  1.4682380629E-01  8.3284646256E-02
 0.1500  3.8252038127E-01 -1.9288126867E-01  1.5518717555E-01  8.4724601410E-02
 0.1625  3.8829058071E-01 -1.9371392813E-01  1.6371015967E-01  8.6181152881E-02
 0.1750  3.9422240480E-01 -1.9449811767E-01  1.7239709460E-01  8.7654298548E-02
 0.1875  4.0031965829E-01 -1.9523280860E-01  1.8125248986E-01  8.9144016505E-02
 0.2000  4.0658628384E-01 -1.9591695092E-01  1.9028103887E-01  9.0650261270E-02
 0.2125  4.1302637043E-01 -1.9654947209E-01  1.9948762998E-01  9.2172959560E-02
 0.2250  4.1964416252E-01 -1.9712927572E-01  2.0887735823E-01  9.3712005600E-02
 0.2375  4.2644406983E-01 -1.9765524010E-01  2.1845553775E-01  9.5267255912E-02
 0.2500  4.3343067800E-01 -1.9812621662E-01  2.2822771506E-01  9.6838523540E-02
 0.2625  4.4060876010E-01 -1.9854102809E-01  2.3819968307E-01  9.8425571647E-02
 0.2750  4.4798328902E-01 -1.9889846679E-01  2.4837749610E-01  1.0002810643E-01
 0.2875  4.5555945098E-01 -1.9919729240E-01  2.5876748567E-01  1.0164576927E-01
 0.3000  4.6334266004E-01 -1.9943622973E-01  2.6937627740E-01  1.0327812810E-01
 0.3125  4.7133857388E-01 -1.9961396610E-01  2.8021080886E-01  1.0492466784E-01
 0.3250  4.7955311089E-01 -1.9972914855E-01  2.9127834863E-01  1.0658477981E-01
 0.3375  4.8799246868E-01 -1.9978038069E-01  3.0258651636E-01  1.0825775017E-01
 0.3500  4.9666314411E-01 -1.9976621920E-01  3.1414330427E-01  1.0994274711E-01
 0.3625  5.0557195500E-01 -1.9968516989E-01  3.2595709977E-01  1.1163880672E-01
 0.3750  5.1472606378E-01 -1.9953568340E-01  3.3803670959E-01  1.1334481757E-01
 0.3875  5.2413300298E-01 -1.9931615030E-01  3.5039138530E-01  1.1505950365E-01
 0.4000  5.3380070299E-01 -1.9902489568E-01  3.6303085042E-01  1.1678140574E-01
 0.4125  5.4373752211E-01 -1.9866017311E-01  3.7596532914E-01  1.1850886084E-01
 0.4250  5.5395227923E-01 -1.9822015782E-01  3.8920557678E-01  1.2023997977E-01
 0.4375  5.6445428923E-01 -1.9770293921E-01  4.0276291209E-01  1.2197262248E-01
 0.4500  5.7525340141E-01 -1.9710651235E-01  4.1664925148E-01  1.2370437112E-01
 0.4625  5.8636004124E-01 -1.9642876858E-01  4.3087714527E-01  1.2543250049E-01
 0.4750  5.9778525563E-01 -1.9566748502E-01  4.4545981613E-01  1.2715394578E-01
 0.4875  6.0954076208E-01 -1.9482031279E-01  4.6041119980E-01  1.2886526723E-01
 0.5000  6.2163900211E-01 -1.9388476395E-01  4.7574598822E-01  1.3056261160E-01
 0.5125  6.3409319911E-01 -1.9285819698E-01  4.9147967519E-01  1.3224167004E-01
 0.5250  6.4691742128E-01 -1.9173780051E-01  5.0762860473E-01  1.3389763213E-01
 0.5375  6.6012664989E-01 -1.9052057528E-01  5.2421002230E-01  1.3552513573E-01
 0.5500  6.7373685337E-01 -1.8920331414E-01  5.4124212900E-01  1.3711821234E-01
 0.5625  6.8776506773E-01 -1.8778257971E-01  5.5874413893E-01  1.3867022754E-01
 0.5750  7.0222948388E-01 -1.8625467971E-01  5.7673633991E-01  1.4017381605E-01
 0.5875  7.1714954232E-01 -1.8461563949E-01  5.9524015770E-01  1.4162081117E-01
 0.6000  7.3254603599E-01 -1.8286117169E-01  6.1427822395E-01  1.4300216787E-01
 0.6125  7.4844122174E-01 -1.8098664255E-01  6.3387444805E-01  1.4430787917E-01
 0.6250  7.6485894139E-01 -1.7898703473E-01  6.5405409319E-01  1.4552688531E-01
 0.6375  7.8182475298E-01 -1.7685690613E-01  6.7484385664E-01  1.4664697487E-01
 0.6500  7.9936607310E-01 -1.7459034445E-01  6.9627195473E-01  1.4765467755E-01
 0.6625  8.1751233136E-01 -1.7218091702E-01  7.1836821264E-01  1.4853514759E-01
 0.6750  8.3629513770E-01 -1.6962161549E-01  7.4116415926E-01  1.4927203731E-01
 0.6875  8.5574846396E-01 -1.6690479485E-01  7.6469312744E-01  1.4984735988E-01
 0.7000  8.7590884056E-01 -1.6402210630E-01  7.8899035989E-01  1.5024134050E-01
 0.7125  8.9681556972E-01 -1.6096442340E-01  8.1409312100E-01  1.5043225504E-01
 0.7250  9.1851095643E-01 -1.5772176084E-01  8.4004081495E-01  1.5039625516E-01
 0.7375  9.4104055876E-01 -1.5428318524E-01  8.6687511040E-01  1.5010717884E-01
 0.7500  9.6445345895E-01 -1.5063671717E-01  8.9464007208E-01  1.4953634523E-01
 0.7625  9.8880255690E-01 -1.4676922368E-01  9.2338229970E-01  1.4865233251E-01
 0.7750  1.0141448881E+00 -1.4266630048E-01  9.5315107447E-01  1.4742073750E-01
 0.7875  1.0405419676E+00 -1.3831214284E-01  9.8399851374E-01  1.4580391554E-01
 0.8000  1.0680601626E+00 -1.3368940423E-01  1.0159797340E+00  1.4376069924E-01
 0.8125  1.0967710951E+00 -1.2877904167E-01  1.0491530229E+00  1.4124609436E-01
 0.8250  1.1267520782E+00 -1.2356014662E-01  1.0835800204E+00  1.3821095105E-01
 0.8375  1.1580865872E+00 -1.1800976010E-01  1.1193259098E+00  1.3460160867E-01
 0.8500  1.1908647698E+00 -1.1210267093E-01  1.1564596195E+00  1.3035951217E-01
 0.8625  1.2251839972E+00 -1.0581119531E-01  1.1950540344E+00  1.2542079773E-01
 0.8750  1.2611494602E+00 -9.9104936525E-02  1.2351862199E+00  1.1971584551E-01
 0.8875  1.2988748128E+00 -9.1950522913E-02  1.2769376573E+00  1.1316879689E-01
 0.9000  1.3384828684E+00 -8.4311322300E-02  1.3203944908E+00  1.0569703368E-01
 0.9125  1.3801063509E+00 -7.6147131065E-02  1.3656477894E+00  9.7210616278E-02
 0.9250  1.4238887069E+00 -6.7413835664E-02  1.4127938204E+00  8.7611677830E-02
 0.9375  1.4699849821E+00 -5.8063044409E-02  1.4619343387E+00  7.6793771104E-02
 0.9500  1.5185627672E+00 -4.8041687074E-02  1.5131768903E+00  6.4641164510E-02
 0.9625  1.5698032194E+00 -3.7291579752E-02  1.5666351322E+00  5.1028083542E-02
 0.9750  1.6239021642E+00 -2.5748952161E-02  1.6224291677E+00  3.5817893617E-02
 0.9875  1.6810712845E+00 -1.3343934407E-02  1.6806858999E+00  1.8862219969E-02
 1.0000  1.7415394026E+00  0.0000000000E+00  1.7415394026E+00  2.4709143105E-19
