lambda(um), Cext(cm^2/H), albedo, <cos>, # of angles
   0.23000  1.42862E-21   0.45948   0.54510   161
cos(theta),     S11,               S12,             S33,             S34
-1.0000  3.6376964888E-01 -1.6358939762E-18 -3.6376964888E-01 -2.5535627311E-18
-0.9875  2.9342519894E-01 -3.2259948618E-03 -2.9109619111E-01  2.3982499191E-02
-0.9750  2.4383547370E-01 -3.5706183157E-03 -2.3584760240E-01  3.8083003484E-02
-0.9625  2.0929558470E-01 -2.1667792217E-03 -1.9383118474E-01  4.5311749662E-02
-0.9500  1.8557534670E-01  1.9746758356E-04 -1.6183452151E-01  4.7872717808E-02
-0.9375  1.6955668048E-01  2.9857071023E-03 -1.3740437609E-01  4.7363639855E-02
-0.9250  1.5895684666E-01  5.8438073688E-03 -1.1867365458E-01  4.4929176310E-02
-0.9125  1.5211764234E-01  8.5482678222E-03 -1.0422623626E-01  4.1377635671E-02
-0.9000  1.4784535237E-01  1.0967876395E-02 -9.2991667346E-02  3.7269443200E-02
-0.8875  1.4528969928E-01  1.3035414466E-02 -8.4163392446E-02  3.2983828826E-02
-0.8750  1.4385267691E-01  1.4726944857E-02 -7.7135507498E-02  2.8768812907E-02
-0.8625  1.4312020298E-01  1.6046804077E-02 -7.1454049556E-02  2.4778456443E-02
-0.8500  1.4281112796E-01  1.7016863228E-02 -6.6779657937E-02  2.1100455972E-02
-0.8375  1.4273939030E-01  1.7668961902E-02 -6.2859093947E-02  1.7776460031E-02
-0.8250  1.4278608703E-01  1.8039681801E-02 -5.9503628581E-02  1.4816929016E-02
-0.8125  1.4287899106E-01  1.8166829729E-02 -5.6572725935E-02  1.2211925162E-02
-0.8000  1.4297763824E-01  1.8087156321E-02 -5.3961785515E-02  9.9388808898E-03
-0.7875  1.4306256400E-01  1.7834957410E-02 -5.1592975405E-02  7.9681326934E-03
-0.7750  1.4312762000E-01  1.7441296996E-02 -4.9408403083E-02  6.2668081408E-03
-0.7625  1.4317456887E-01  1.6933660468E-02 -4.7365041817E-02  4.8015024347E-03
-0.7500  1.4320935732E-01  1.6335898960E-02 -4.5430966209E-02  3.5400675103E-03
-0.7375  1.4323962072E-01  1.5668364390E-02 -4.3582557232E-02  2.4527522125E-03
-0.7250  1.4327308560E-01  1.4948163047E-02 -4.1802420718E-02  1.5128696970E-03
-0.7125  1.4331662138E-01  1.4189476216E-02 -4.0077828058E-02  6.9712235398E-04
-0.7000  1.4337575515E-01  1.3403911177E-02 -3.8399537810E-02 -1.4319019690E-05
-0.6875  1.4345450966E-01  1.2600856765E-02 -3.6760895018E-02 -6.3790961668E-04
-0.6750  1.4355545914E-01  1.1787825554E-02 -3.5157133833E-02 -1.1869443773E-03
-0.6625  1.4367992356E-01  1.0970770682E-02 -3.3584830565E-02 -1.6718501115E-03
-0.6500  1.4382824103E-01  1.0154369779E-02 -3.2041470191E-02 -2.1005247620E-03
-0.6375  1.4400007388E-01  9.3422719736E-03 -3.0525100857E-02 -2.4786998859E-03
-0.6250  1.4419471503E-01  8.5373066456E-03 -2.9034059101E-02 -2.8103079631E-03
-0.6125  1.4441137121E-01  7.7416546749E-03 -2.7566754067E-02 -3.0978404094E-03
-0.6000  1.4464940682E-01  6.9569845167E-03 -2.6121502662E-02 -3.3426855439E-03
-0.5875  1.4490853870E-01  6.1845565237E-03 -2.4696409759E-02 -3.5454385149E-03
-0.5750  1.4518897654E-01  5.4252996532E-03 -2.3289288712E-02 -3.7061774984E-03
-0.5625  1.4549150818E-01  4.6798650703E-03 -2.1897617877E-02 -3.8247024814E-03
-0.5500  1.4581753196E-01  3.9486612517E-03 -2.0518528838E-02 -3.9007347064E-03
-0.5375  1.4616904066E-01  3.2318750811E-03 -1.9148821792E-02 -3.9340764131E-03
-0.5250  1.4654856370E-01  2.5294831485E-03 -1.7785003297E-02 -3.9247318839E-03
-0.5125  1.4695907525E-01  1.8412570751E-03 -1.6423341351E-02 -3.8729919751E-03
-0.5000  1.4740387694E-01  1.1667662202E-03 -1.5059932680E-02 -3.7794852716E-03
-0.4875  1.4788646404E-01  5.0538060960E-04 -1.3690777239E-02 -3.6451997374E-03
-0.4750  1.4841038393E-01 -1.4372362736E-04 -1.2311855162E-02 -3.4714792298E-03
-0.4625  1.4897909527E-01 -7.8155458840E-04 -1.0919201873E-02 -3.2599995102E-03
-0.4500  1.4959583558E-01 -1.4092895514E-03 -9.5089776117E-03 -3.0127284343E-03
-0.4375  1.5026350372E-01 -2.0282539687E-03 -8.0775283102E-03 -2.7318748630E-03
-0.4250  1.5098456281E-01 -2.6398944631E-03 -6.6214354698E-03 -2.4198305331E-03
-0.4125  1.5176096749E-01 -3.2457462871E-03 -5.1375534338E-03 -2.0791087103E-03
-0.4000  1.5259411820E-01 -3.8473961410E-03 -3.6230331826E-03 -1.7122829419E-03
-0.3875  1.5348484362E-01 -4.4464416039E-03 -2.0753324727E-03 -1.3219286731E-03
-0.3750  1.5443341101E-01 -5.0444486901E-03 -4.9221278271E-04 -9.1056992069E-04
-0.3625  1.5543956308E-01 -5.6429092029E-03  1.1282759036E-03 -4.8063262723E-04
-0.3500  1.5650257868E-01 -6.2431996114E-03  2.7878209621E-03 -3.4405776144E-05
-0.3375  1.5762135393E-01 -6.8465431263E-03  4.4878817404E-03  4.2598916357E-04
-0.3250  1.5879449954E-01 -7.4539765191E-03  6.2297307343E-03  8.9862035425E-04
-0.3125  1.6002044961E-01 -8.0663230183E-03  8.0144989763E-03  1.3817595657E-03
-0.3000  1.6129757705E-01 -8.6841723535E-03  9.8432232283E-03  1.8738886503E-03
-0.2875  1.6262431048E-01 -9.3078687188E-03  1.1716892629E-02  2.3736994305E-03
-0.2750  1.6399924785E-01 -9.9375070995E-03  1.3636492607E-02  2.8800881108E-03
-0.2625  1.6542126205E-01 -1.0572938083E-02  1.5603044140E-02  3.3921454509E-03
-0.2500  1.6688959464E-01 -1.1213780950E-02  1.7617636762E-02  3.9091439849E-03
-0.2375  1.6840393397E-01 -1.1859444525E-02  1.9681454129E-02  4.4305235460E-03
-0.2250  1.6996447509E-01 -1.2509155014E-02  2.1795791390E-02  4.9558762732E-03
-0.2125  1.7157195939E-01 -1.3161989754E-02  2.3962064041E-02  5.4849321294E-03
-0.2000  1.7322769282E-01 -1.3816915655E-02  2.6181808396E-02  6.0175457817E-03
-0.1875  1.7493354255E-01 -1.4472830892E-02  2.8456674221E-02  6.5536854820E-03
-0.1750  1.7669191245E-01 -1.5128608342E-02  3.0788410449E-02  7.0934243623E-03
-0.1625  1.7850569893E-01 -1.5783139170E-02  3.3178845212E-02  7.6369343342E-03
-0.1500  1.8037822929E-01 -1.6435375000E-02  3.5629861685E-02  8.1844825671E-03
-0.1375  1.8231318515E-01 -1.7084367158E-02  3.8143371416E-02  8.7364303254E-03
-0.1250  1.8431451444E-01 -1.7729301600E-02  4.0721286943E-02  9.2932337764E-03
-0.1125  1.8638633555E-01 -1.8369528297E-02  4.3365495503E-02  9.8554462471E-03
-0.1000  1.8853283754E-01 -1.9004584093E-02  4.6077835643E-02  1.0423721303E-02
-0.0875  1.9075818051E-01 -1.9634208264E-02  4.8860078372E-02  1.0998815962E-02
-0.0750  1.9306640009E-01 -2.0258350304E-02  5.1713914365E-02  1.1581593335E-02
-0.0625  1.9546131989E-01 -2.0877169743E-02  5.4640948459E-02  1.2173023992E-02
-0.0500  1.9794647552E-01 -2.1491028092E-02  5.7642702370E-02  1.2774185400E-02
-0.0375  2.0052505322E-01 -2.2100473281E-02  6.0720626278E-02  1.3386258893E-02
-0.0250  2.0319984575E-01 -2.2706217254E-02  6.3876119498E-02  1.4010523709E-02
-0.0125  2.0597322759E-01 -2.3309107581E-02  6.7110560134E-02  1.4648347812E-02
-0.0000  2.0884715075E-01 -2.3910094226E-02  7.0425343222E-02  1.5301175369E-02
 0.0125  2.1182316183E-01 -2.4510192716E-02  7.3821926497E-02  1.5970510922E-02
 0.0250  2.1490244037E-01 -2.5110445159E-02  7.7301882648E-02  1.6657900498E-02
 0.0375  2.1808585748E-01 -2.5711880587E-02  8.0866956583E-02  1.7364910064E-02
 0.0500  2.2137405340E-01 -2.6315476184E-02  8.4519126069E-02  1.8093101912E-02
 0.0625  2.2476753180E-01 -2.6922120915E-02  8.8260663894E-02  1.8844009711E-02
 0.0750  2.2826676810E-01 -2.7532583005E-02  9.2094199668E-02  1.9619113076E-02
 0.0875  2.3187232851E-01 -2.8147482608E-02  9.6022779297E-02  2.0419812630E-02
 0.1000  2.3558499628E-01 -2.8767270832E-02  1.0004992029E-01  2.1247406540E-02
 0.1125  2.3940590130E-01 -2.9392216059E-02  1.0417966111E-01  2.2103069599E-02
 0.1250  2.4333664895E-01 -3.0022398268E-02  1.0841660310E-01  2.2987835839E-02
 0.1375  2.4737944421E-01 -3.0657711789E-02  1.1276594361E-01  2.3902585660E-02
 0.1500  2.5153720718E-01 -3.1297876595E-02  1.1723349942E-01  2.4848038313E-02
 0.1625  2.5581367636E-01 -3.1942457970E-02  1.2182571990E-01  2.5824750466E-02
 0.1750  2.6021349637E-01 -3.2590894022E-02  1.2654968969E-01  2.6833121402E-02
 0.1875  2.6474228749E-01 -3.3242530275E-02  1.3141312109E-01  2.7873405171E-02
 0.2000  2.6940669477E-01 -3.3896660219E-02  1.3642433696E-01  2.8945729822E-02
 0.2125  2.7421441530E-01 -3.4552570495E-02  1.4159224516E-01  3.0050123551E-02
 0.2250  2.7917420309E-01 -3.5209589138E-02  1.4692630603E-01  3.1186547377E-02
 0.2375  2.8429585154E-01 -3.5867135153E-02  1.5243649484E-01  3.2354933653E-02
 0.2500  2.8959015468E-01 -3.6524767550E-02  1.5813326143E-01  3.3555229500E-02
 0.2625  2.9506884900E-01 -3.7182231949E-02  1.6402748945E-01  3.4787443979E-02
 0.2750  3.0074453850E-01 -3.7839502836E-02  1.7013045799E-01  3.6051697618E-02
 0.2875  3.0663060665E-01 -3.8496819666E-02  1.7645380823E-01  3.7348272714E-02
 0.3000  3.1274111927E-01 -3.9154715139E-02  1.8300951814E-01  3.8677662701E-02
 0.3125  3.1909072343E-01 -3.9814034199E-02  1.8980988798E-01  4.0040618774E-02
 0.3250  3.2569454744E-01 -4.0475942621E-02  1.9686753918E-01  4.1438191909E-02
 0.3375  3.3256810802E-01 -4.1141924356E-02  2.0419542930E-01  4.2871768492E-02
 0.3500  3.3972723040E-01 -4.1813767264E-02  2.1180688520E-01  4.4343097785E-02
 0.3625  3.4718798759E-01 -4.2493537248E-02  2.1971565636E-01  4.5854309695E-02
 0.3750  3.5496666472E-01 -4.3183541327E-02  2.2793598999E-01  4.7407921476E-02
 0.3875  3.6307975431E-01 -4.3886280644E-02  2.3648272902E-01  4.9006832334E-02
 0.4000  3.7154398766E-01 -4.4604394885E-02  2.4537143385E-01  5.0654305252E-02
 0.4125  3.8037640735E-01 -4.5340600040E-02  2.5461852805E-01  5.2353935795E-02
 0.4250  3.8959448469E-01 -4.6097621847E-02  2.6424146824E-01  5.4109608132E-02
 0.4375  3.9921628542E-01 -4.6878127576E-02  2.7425893746E-01  5.5925439093E-02
 0.4500  4.0926068602E-01 -4.7684659066E-02  2.8469106171E-01  5.7805711667E-02
 0.4625  4.1974764168E-01 -4.8519570030E-02  2.9555964856E-01  5.9754800008E-02
 0.4750  4.3069850647E-01 -4.9384970641E-02  3.0688844700E-01  6.1777088719E-02
 0.4875  4.4213640460E-01 -5.0282682229E-02  3.1870342773E-01  6.3876889955E-02
 0.5000  4.5408665147E-01 -5.1214204576E-02  3.3103308314E-01  6.6058362635E-02
 0.5125  4.6657722175E-01 -5.2180697783E-02  3.4390874700E-01  6.8325438928E-02
 0.5250  4.7963926178E-01 -5.3182979958E-02  3.5736493439E-01  7.0681764032E-02
 0.5375  4.9330764315E-01 -5.4221541132E-02  3.7143970381E-01  7.3130656180E-02
 0.5500  5.0762155487E-01 -5.5296572750E-02  3.8617504495E-01  7.5675094769E-02
 0.5625  5.2262513251E-01 -5.6408010965E-02  4.0161729804E-01  7.8317745505E-02
 0.5750  5.3836812489E-01 -5.7555590719E-02  4.1781761402E-01  8.1061032449E-02
 0.5875  5.5490660210E-01 -5.8738906369E-02  4.3483246919E-01  8.3907267867E-02
 0.6000  5.7230371355E-01 -5.9957473472E-02  4.5272425423E-01  8.6858851725E-02
 0.6125  5.9063051213E-01 -6.1210785318E-02  4.7156196574E-01  8.9918553483E-02
 0.6250  6.0996687030E-01 -6.2498357156E-02  4.9142203981E-01  9.3089889389E-02
 0.6375  6.3040252801E-01 -6.3819750774E-02  5.1238938189E-01  9.6377608579E-02
 0.6500  6.5203833091E-01 -6.5174572487E-02  5.3455866789E-01  9.9788300643E-02
 0.6625  6.7498774283E-01 -6.6562438716E-02  5.5803601773E-01  1.0333113558E-01
 0.6750  6.9937875009E-01 -6.7982905482E-02  5.8294117857E-01  1.0701874359E-01
 0.6875  7.2535632043E-01 -6.9435361459E-02  6.0941040154E-01  1.1086823634E-01
 0.7000  7.5308563854E-01 -7.0918888898E-02  6.3760025766E-01  1.1490236179E-01
 0.7125  7.8275641940E-01 -7.2432102960E-02  6.6769271924E-01  1.1915077064E-01
 0.7250  8.1458870356E-01 -7.3972987910E-02  6.9990193855E-01  1.2365135117E-01
 0.7375  8.4884067559E-01 -7.5538758274E-02  7.3448329283E-01  1.2845155929E-01
 0.7500  8.8581922580E-01 -7.7125784480E-02  7.7174544383E-01  1.3360962798E-01
 0.7625  9.2589421216E-01 -7.8729635538E-02  8.1206639288E-01  1.3919548135E-01
 0.7750  9.6951769132E-01 -8.0345305604E-02  8.5591481750E-01  1.4529109811E-01
 0.7875  1.0172498025E+00 -8.1967706288E-02  9.0387837604E-01  1.5198996016E-01
 0.8000  1.0697935432E+00 -8.3592521235E-02  9.5670119826E-01  1.5939507642E-01
 0.8125  1.1280414270E+00 -8.5217532343E-02  1.0153334944E+00  1.6761487879E-01
 0.8250  1.1931380510E+00 -8.6844535493E-02  1.0809971969E+00  1.7675603255E-01
 0.8375  1.2665640628E+00 -8.8481963852E-02  1.1552729311E+00  1.8691187056E-01
 0.8500  1.3502491457E+00 -9.0148321715E-02  1.2402156355E+00  1.9814472521E-01
 0.8625  1.4467248805E+00 -9.1876488237E-02  1.3385092468E+00  2.1045986254E-01
 0.8750  1.5593335206E+00 -9.3718851576E-02  1.4536758763E+00  2.2376797054E-01
 0.8875  1.6925175598E+00 -9.5753021942E-02  1.5903635726E+00  2.3783213542E-01
 0.9000  1.8522312456E+00 -9.8087401734E-02  1.7547529506E+00  2.5219378078E-01
 0.9125  2.0465478780E+00 -1.0086470340E-01  1.9551559445E+00  2.6606964886E-01
 0.9250  2.2866091119E+00 -1.0425779216E-01  2.2029537893E+00  2.7820678353E-01
 0.9375  2.5882396868E+00 -1.0843813275E-01  2.5142029602E+00  2.8666744432E-01
 0.9500  2.9750269082E+00 -1.1343847887E-01  2.9127227249E+00  2.8846168051E-01
 0.9625  3.4850394845E+00 -1.1858552335E-01  3.4368548698E+00  2.7873603711E-01
 0.9750  4.1875352671E+00 -1.2017717057E-01  4.1561512438E+00  2.4842145779E-01
 0.9875  5.2290301228E+00 -1.0216937817E-01  5.2164848284E+00  1.7623005101E-01
 1.0000  6.9691455204E+00  0.0000000000E+00  6.9691455204E+00  7.2688981235E-19
