lambda(um), Cext(cm^2/H), albedo, <cos>, # of angles
   0.46718  1.37864E-22   0.73981   0.60400   161
cos(theta),     S11,               S12,             S33,             S34
-1.0000  1.3148809660E-01  1.2325582514E-18 -1.3148809660E-01  4.3556334910E-18
-0.9875  1.2306967290E-01  5.7268533682E-03 -1.2231811492E-01  5.4832315243E-03
-0.9750  1.1624068576E-01  1.0587365258E-02 -1.1341461649E-01  9.6760216579E-03
-0.9625  1.1078575330E-01  1.4674271462E-02 -1.0480865412E-01  1.2754482885E-02
-0.9500  1.0651245555E-01  1.8072188433E-02 -9.6524774559E-02  1.4877038321E-02
-0.9375  1.0324931943E-01  2.0858147522E-02 -8.8581672615E-02  1.6185830703E-02
-0.9250  1.0084396116E-01  2.3102115520E-02 -8.0992801908E-02  1.6808039734E-02
-0.9125  9.9161373694E-02  2.4867498372E-02 -7.3766943964E-02  1.6857112833E-02
-0.9000  9.8082347608E-02  2.6211625690E-02 -6.6908737198E-02  1.6433914079E-02
-0.8875  9.7502015404E-02  2.7186214320E-02 -6.0419167485E-02  1.5627795906E-02
-0.8750  9.7328509678E-02  2.7837809765E-02 -5.4296021993E-02  1.4517597855E-02
-0.8625  9.7481726693E-02  2.8208204710E-02 -4.8534307995E-02  1.3172576495E-02
-0.8500  9.7892187544E-02  2.8334834295E-02 -4.3126638337E-02  1.1653270397E-02
-0.8375  9.8499989763E-02  2.8251148059E-02 -3.8063585254E-02  1.0012303869E-02
-0.8250  9.9253842828E-02  2.7986958763E-02 -3.3334004190E-02  8.2951329552E-03
-0.8125  1.0011018153E-01  2.7568768489E-02 -2.8925329248E-02  6.5407370512E-03
-0.8000  1.0103235164E-01  2.7020072588E-02 -2.4823841884E-02  4.7822593007E-03
-0.7875  1.0198986282E-01  2.6361642172E-02 -2.1014914377E-02  3.0475987925E-03
-0.7750  1.0295770387E-01  2.5611785935E-02 -1.7483229615E-02  1.3599574253E-03
-0.7625  1.0391571614E-01  2.4786592189E-02 -1.4212978647E-02 -2.6165583784E-04
-0.7500  1.0484802075E-01  2.3900152016E-02 -1.1188037425E-02 -1.8019607337E-03
-0.7375  1.0574249615E-01  2.2964764494E-02 -8.3921241117E-03 -3.2489790251E-03
-0.7250  1.0659030206E-01  2.1991124961E-02 -5.8089382621E-03 -4.5936430499E-03
-0.7125  1.0738544692E-01  2.0988497293E-02 -3.4222831442E-03 -5.8294372747E-03
-0.7000  1.0812439545E-01  1.9964871152E-02 -1.2161724151E-03 -6.9520707451E-03
-0.6875  1.0880571353E-01  1.8927105157E-02  8.2507769371E-04 -7.9591784323E-03
-0.6750  1.0942974773E-01  1.7881056923E-02  2.7167695760E-03 -8.8500495755E-03
-0.6625  1.0999833692E-01  1.6831700838E-02  4.4737577817E-03 -9.6253812208E-03
-0.6500  1.1051455361E-01  1.5783234476E-02  6.1103938788E-03 -1.0287055247E-02
-0.6375  1.1098247267E-01  1.4739174479E-02  7.6404816951E-03 -1.0837937258E-02
-0.6250  1.1140696556E-01  1.3702442698E-02  9.0772420396E-03 -1.1281695811E-02
-0.6125  1.1179351787E-01  1.2675443366E-02  1.0433286051E-02 -1.1622640524E-02
-0.6000  1.1214806852E-01  1.1660132027E-02  1.1720596370E-02 -1.1865577688E-02
-0.5875  1.1247686867E-01  1.0658076905E-02  1.2950515371E-02 -1.2015682085E-02
-0.5750  1.1278635903E-01  9.6705133721E-03  1.4133739752E-02 -1.2078383781E-02
-0.5625  1.1308306362E-01  8.6983921020E-03  1.5280320791E-02 -1.2059268735E-02
-0.5500  1.1337349901E-01  7.7424215112E-03  1.6399669659E-02 -1.1963992126E-02
-0.5375  1.1366409730E-01  6.8031050021E-03  1.7500567188E-02 -1.1798203355E-02
-0.5250  1.1396114182E-01  5.8807735181E-03  1.8591177550E-02 -1.1567481772E-02
-0.5125  1.1427071433E-01  4.9756138759E-03  1.9679065324E-02 -1.1277282181E-02
-0.5000  1.1459865255E-01  4.0876933085E-03  2.0771215489E-02 -1.0932889281E-02
-0.4875  1.1495051703E-01  3.2169806204E-03  2.1874055875E-02 -1.0539380215E-02
-0.4750  1.1533156647E-01  2.3633643290E-03  2.2993481688E-02 -1.0101594488E-02
-0.4625  1.1574674044E-01  1.5266681331E-03  2.4134881705E-02 -9.6241105076E-03
-0.4500  1.1620064884E-01  7.0666402697E-04  2.5303165804E-02 -9.1112281083E-03
-0.4375  1.1669756720E-01 -9.6916650443E-05  2.6502793502E-02 -8.5669564093E-03
-0.4250  1.1724143718E-01 -8.8437396577E-04  2.7737803200E-02 -7.9950064341E-03
-0.4125  1.1783587153E-01 -1.6560316970E-03  2.9011841884E-02 -7.3987879378E-03
-0.4000  1.1848416301E-01 -2.4122309745E-03  3.0328195011E-02 -6.7814099341E-03
-0.3875  1.1918929654E-01 -3.1533250553E-03  3.1689816388E-02 -6.1456844459E-03
-0.3750  1.1995396428E-01 -3.8796750511E-03  3.3099357818E-02 -5.4941330387E-03
-0.3625  1.2078058290E-01 -4.5916464441E-03  3.4559198361E-02 -4.8289957269E-03
-0.3500  1.2167131284E-01 -5.2896062458E-03  3.6071473027E-02 -4.1522418716E-03
-0.3375  1.2262807907E-01 -5.9739206675E-03  3.7638100782E-02 -3.4655827199E-03
-0.3250  1.2365259286E-01 -6.6449531854E-03  3.9260811737E-02 -2.7704852605E-03
-0.3125  1.2474637453E-01 -7.3030628997E-03  4.0941173415E-02 -2.0681870957E-03
-0.3000  1.2591077655E-01 -7.9486030964E-03  4.2680616011E-02 -1.3597120563E-03
-0.2875  1.2714700701E-01 -8.5819199358E-03  4.4480456573E-02 -6.4588630562E-04
-0.2750  1.2845615303E-01 -9.2033512003E-03  4.6341922045E-02  7.2645298066E-05
-0.2625  1.2983920399E-01 -9.8132250457E-03  4.8266171123E-02  7.9540279096E-04
-0.2500  1.3129707444E-01 -1.0411858710E-02  5.0254314899E-02  1.5220548374E-03
-0.2375  1.3283062637E-01 -1.0999557139E-02  5.2307436274E-02  2.2524027817E-03
-0.2250  1.3444069093E-01 -1.1576611509E-02  5.4426608125E-02  2.9863651747E-03
-0.2125  1.3612808932E-01 -1.2143297607E-02  5.6612910238E-02  3.7239629179E-03
-0.2000  1.3789365277E-01 -1.2699874076E-02  5.8867445017E-02  4.4653051497E-03
-0.1875  1.3973824169E-01 -1.3246580498E-02  6.1191352000E-02  5.2105759884E-03
-0.1750  1.4166276368E-01 -1.3783635325E-02  6.3585821205E-02  5.9600222307E-03
-0.1625  1.4366819067E-01 -1.4311233654E-02  6.6052105367E-02  6.7139420928E-03
-0.1500  1.4575557484E-01 -1.4829544861E-02  6.8591531107E-02  7.4726750706E-03
-0.1375  1.4792606365E-01 -1.5338710107E-02  7.1205509101E-02  8.2365929834E-03
-0.1250  1.5018091363E-01 -1.5838839718E-02  7.3895543324E-02  9.0060922564E-03
-0.1125  1.5252150336E-01 -1.6330010495E-02  7.6663239444E-02  9.7815874865E-03
-0.1000  1.5494934524E-01 -1.6812262941E-02  7.9510312468E-02  1.0563506327E-02
-0.0875  1.5746609651E-01 -1.7285598460E-02  8.2438593723E-02  1.1352285719E-02
-0.0750  1.6007356924E-01 -1.7749976552E-02  8.5450037291E-02  1.2148369487E-02
-0.0625  1.6277373966E-01 -1.8205312037E-02  8.8546726023E-02  1.2952207309E-02
-0.0500  1.6556875663E-01 -1.8651472348E-02  9.1730877240E-02  1.3764255064E-02
-0.0375  1.6846094960E-01 -1.9088274932E-02  9.5004848273E-02  1.4584976553E-02
-0.0250  1.7145283601E-01 -1.9515484802E-02  9.8371141988E-02  1.5414846570E-02
-0.0125  1.7454712835E-01 -1.9932812282E-02  1.0183241245E-01  1.6254355322E-02
-0.0000  1.7774674091E-01 -2.0339910992E-02  1.0539147088E-01  1.7104014142E-02
 0.0125  1.8105479651E-01 -2.0736376115E-02  1.0905129215E-01  1.7964362483E-02
 0.0250  1.8447463324E-01 -2.1121742999E-02  1.1281502189E-01  1.8835976125E-02
 0.0375  1.8800981148E-01 -2.1495486137E-02  1.1668598456E-01  1.9719476556E-02
 0.0500  1.9166412132E-01 -2.1857018577E-02  1.2066769255E-01  2.0615541455E-02
 0.0625  1.9544159066E-01 -2.2205691806E-02  1.2476385668E-01  2.1524916199E-02
 0.0750  1.9934649416E-01 -2.2540796153E-02  1.2897839827E-01  2.2448426318E-02
 0.0875  2.0338336331E-01 -2.2861561763E-02  1.3331546305E-01  2.3386990794E-02
 0.1000  2.0755699788E-01 -2.3167160186E-02  1.3777943719E-01  2.4341636100E-02
 0.1125  2.1187247901E-01 -2.3456706612E-02  1.4237496581E-01  2.5313510850E-02
 0.1250  2.1633518430E-01 -2.3729262806E-02  1.4710697415E-01  2.6303900939E-02
 0.1375  2.2095080514E-01 -2.3983840764E-02  1.5198069187E-01  2.7314245008E-02
 0.1500  2.2572536680E-01 -2.4219407130E-02  1.5700168074E-01  2.8346150072E-02
 0.1625  2.3066525144E-01 -2.4434888397E-02  1.6217586617E-01  2.9401407143E-02
 0.1750  2.3577722465E-01 -2.4629176909E-02  1.6750957287E-01  3.0482006621E-02
 0.1875  2.4106846591E-01 -2.4801137673E-02  1.7300956512E-01  3.1590153272E-02
 0.2000  2.4654660341E-01 -2.4949615992E-02  1.7868309211E-01  3.2728280521E-02
 0.2125  2.5221975379E-01 -2.5073445911E-02  1.8453793871E-01  3.3899063835E-02
 0.2250  2.5809656741E-01 -2.5171459450E-02  1.9058248227E-01  3.5105432909E-02
 0.2375  2.6418627971E-01 -2.5242496616E-02  1.9682575581E-01  3.6350582365E-02
 0.2500  2.7049876925E-01 -2.5285416133E-02  2.0327751827E-01  3.7637980667E-02
 0.2625  2.7704462332E-01 -2.5299106857E-02  2.0994833224E-01  3.8971376915E-02
 0.2750  2.8383521171E-01 -2.5282499795E-02  2.1684964986E-01  4.0354805188E-02
 0.2875  2.9088276950E-01 -2.5234580661E-02  2.2399390738E-01  4.1792586094E-02
 0.3000  2.9820048981E-01 -2.5154402868E-02  2.3139462906E-01  4.3289325164E-02
 0.3125  3.0580262734E-01 -2.5041100848E-02  2.3906654110E-01  4.4849907737E-02
 0.3250  3.1370461378E-01 -2.4893903591E-02  2.4702569621E-01  4.6479489991E-02
 0.3375  3.2192318609E-01 -2.4712148258E-02  2.5528960956E-01  4.8183485777E-02
 0.3500  3.3047652887E-01 -2.4495293743E-02  2.6387740697E-01  4.9967548937E-02
 0.3625  3.3938443193E-01 -2.4242934030E-02  2.7280998601E-01  5.1837550834E-02
 0.3750  3.4866846436E-01 -2.3954811203E-02  2.8211019095E-01  5.3799552837E-02
 0.3875  3.5835216665E-01 -2.3630827975E-02  2.9180300255E-01  5.5859773597E-02
 0.4000  3.6846126195E-01 -2.3271059589E-02  3.0191574360E-01  5.8024550996E-02
 0.4125  3.7902388842E-01 -2.2875765008E-02  3.1247830153E-01  6.0300298764E-02
 0.4250  3.9007085406E-01 -2.2445397289E-02  3.2352336913E-01  6.2693457860E-02
 0.4375  4.0163591587E-01 -2.1980613128E-02  3.3508670507E-01  6.5210442841E-02
 0.4500  4.1375608529E-01 -2.1482281576E-02  3.4720741577E-01  6.7857583606E-02
 0.4625  4.2647196195E-01 -2.0951492043E-02  3.5992826060E-01  7.0641063056E-02
 0.4750  4.3982809801E-01 -2.0389561743E-02  3.7329598270E-01  7.3566851418E-02
 0.4875  4.5387339553E-01 -1.9798042901E-02  3.8736166821E-01  7.6640638155E-02
 0.5000  4.6866153979E-01 -1.9178730118E-02  4.0218113715E-01  7.9867762621E-02
 0.5125  4.8425147155E-01 -1.8533668479E-02  4.1781537003E-01  8.3253144818E-02
 0.5250  5.0070790207E-01 -1.7865163133E-02  4.3433097485E-01  8.6801217775E-02
 0.5375  5.1810187494E-01 -1.7175791270E-02  4.5180070056E-01  9.0515863301E-02
 0.5500  5.3651137984E-01 -1.6468417620E-02  4.7030400410E-01  9.4400352877E-02
 0.5625  5.5602202419E-01 -1.5746214793E-02  4.8992767979E-01  9.8457295549E-02
 0.5750  5.7672776996E-01 -1.5012690008E-02  5.1076656182E-01  1.0268859452E-01
 0.5875  5.9873174449E-01 -1.4271719888E-02  5.3292431309E-01  1.0709541388E-01
 0.6000  6.2214713639E-01 -1.3527595210E-02  5.5651431620E-01  1.1167815626E-01
 0.6125  6.4709819005E-01 -1.2785077502E-02  5.8166068650E-01  1.1643645148E-01
 0.6250  6.7372131590E-01 -1.2049469400E-02  6.0849943070E-01  1.2136915473E-01
 0.6375  7.0216633762E-01 -1.1326700436E-02  6.3717978017E-01  1.2647435097E-01
 0.6500  7.3259790310E-01 -1.0623429572E-02  6.6786573406E-01  1.3174935942E-01
 0.6625  7.6519709270E-01 -9.9471650033E-03  7.0073785452E-01  1.3719072860E-01
 0.6750  8.0016326677E-01 -9.3064006871E-03  7.3599536567E-01  1.4279420696E-01
 0.6875  8.3771620541E-01 -8.7107673166E-03  7.7385861778E-01  1.4855466808E-01
 0.7000  8.7809860637E-01 -8.1711930897E-03  8.1457199126E-01  1.5446596065E-01
 0.7125  9.2157902389E-01 -7.7000662697E-03  8.5840732935E-01  1.6052064266E-01
 0.7250  9.6845535140E-01 -7.3113870133E-03  9.0566800640E-01  1.6670954515E-01
 0.7375  1.0190589767E+00 -7.0208898869E-03  9.5669375893E-01  1.7302109309E-01
 0.7500  1.0737597688E+00 -6.8461105186E-03  1.0118664313E+00  1.7944028893E-01
 0.7625  1.1329720950E+00 -6.8063594428E-03  1.0716168167E+00  1.8594723586E-01
 0.7750  1.1971621109E+00 -6.9225527891E-03  1.1364328068E+00  1.9251504354E-01
 0.7875  1.2668566278E+00 -7.2168323088E-03  1.2068691051E+00  1.9910691542E-01
 0.8000  1.3426539259E+00 -7.7118854411E-03  1.2835588022E+00  2.0567216346E-01
 0.8125  1.4252369715E+00 -8.4298486125E-03  1.3672271672E+00  2.1214083083E-01
 0.8250  1.5153895957E+00 -9.3906424469E-03  1.4587080722E+00  2.1841652215E-01
 0.8375  1.6140163172E+00 -1.0609544472E-02  1.5589635374E+00  2.2436694334E-01
 0.8500  1.7221666439E+00 -1.2093751372E-02  1.6691069731E+00  2.2981153304E-01
 0.8625  1.8410648652E+00 -1.3837616599E-02  1.7904307886E+00  2.3450542326E-01
 0.8750  1.9721465672E+00 -1.5816167546E-02  1.9244391561E+00  2.3811879074E-01
 0.8875  2.1171033649E+00 -1.7976406285E-02  2.0728868449E+00  2.4021044913E-01
 0.9000  2.2779376552E+00 -2.0225775280E-02  2.2378251972E+00  2.4019427694E-01
 0.9125  2.4570295743E+00 -2.2417019935E-02  2.4216564887E+00  2.3729676938E-01
 0.9250  2.6572187869E+00 -2.4328498032E-02  2.6271981182E+00  2.3050363501E-01
 0.9375  2.8819042708E+00 -2.5638765550E-02  2.8577583059E+00  2.1849291836E-01
 0.9500  3.1351658977E+00 -2.5894001654E-02  3.1172252393E+00  1.9955160433E-01
 0.9625  3.4219123649E+00 -2.4466513780E-02  3.4101719158E+00  1.7147203477E-01
 0.9750  3.7480609340E+00 -2.0502176327E-02  3.7419792757E+00  1.3142372247E-01
 0.9875  4.1207554970E+00 -1.2854191120E-02  4.1189806184E+00  7.5795263521E-02
 1.0000  4.5486307518E+00  0.0000000000E+00  4.5486307518E+00 -1.5738237042E-17
