lambda(um), Cext(cm^2/H), albedo, <cos>, # of angles
   0.36080  7.88298E-22   0.62103   0.56918   161
cos(theta),     S11,               S12,             S33,             S34
-1.0000  1.8392434998E-01 -1.2070545413E-18 -1.8392434998E-01  6.4896801673E-19
-0.9875  1.6852149673E-01  5.1159872328E-03 -1.6739135999E-01  1.0314410079E-02
-0.9750  1.5645354507E-01  9.3671573469E-03 -1.5230404236E-01  1.7703942803E-02
-0.9625  1.4714104200E-01  1.2861462811E-02 -1.3857064310E-01  2.2704088568E-02
-0.9500  1.4008801110E-01  1.5694509687E-02 -1.2610067231E-01  2.5773807811E-02
-0.9375  1.3487165234E-01  1.7950751847E-02 -1.1480547181E-01  2.7304647069E-02
-0.9250  1.3113320095E-01  1.9704645148E-02 -1.0459870651E-01  2.7628924480E-02
-0.9125  1.2856980622E-01  2.1021732260E-02 -9.5396778870E-02  2.7027068008E-02
-0.9000  1.2692731482E-01  2.1959643461E-02 -8.7119169451E-02  2.5734182792E-02
-0.8875  1.2599386049E-01  2.2569007884E-02 -7.9688707610E-02  2.3945917714E-02
-0.8750  1.2559417559E-01  2.2894275342E-02 -7.3031777923E-02  2.1823695576E-02
-0.8625  1.2558455002E-01  2.2974452260E-02 -6.7078468143E-02  1.9499366016E-02
-0.8500  1.2584837172E-01  2.2843757059E-02 -6.1762664732E-02  1.7079335499E-02
-0.8375  1.2629218986E-01  2.2532201308E-02 -5.7022101891E-02  1.4648224232E-02
-0.8250  1.2684224752E-01  2.2066103266E-02 -5.2798369820E-02  1.2272095783E-02
-0.8125  1.2744143610E-01  2.1468540382E-02 -4.9036887589E-02  1.0001301349E-02
-0.8000  1.2804662802E-01  2.0759747088E-02 -4.5686845653E-02  7.8729771061E-03
-0.7875  1.2862634822E-01  1.9957463813E-02 -4.2701122663E-02  5.9132298325E-03
-0.7750  1.2915874883E-01  1.9077242697E-02 -4.0036180804E-02  4.1390429318E-03
-0.7625  1.2962985433E-01  1.8132715045E-02 -3.7651943537E-02  2.5599322341E-03
-0.7500  1.3003204788E-01  1.7135825044E-02 -3.5511659228E-02  1.1793783313E-03
-0.7375  1.3036277193E-01  1.6097033866E-02 -3.3581753778E-02 -3.9401765796E-06
-0.7250  1.3062341887E-01  1.5025497809E-02 -3.1831675070E-02 -9.9509036449E-04
-0.7125  1.3081838970E-01  1.3929223771E-02 -3.0233731687E-02 -1.8019854756E-03
-0.7000  1.3095430089E-01  1.2815204937E-02 -2.8762928093E-02 -2.4346239938E-03
-0.6875  1.3103932150E-01  1.1689539282E-02 -2.7396798200E-02 -2.9044507983E-03
-0.6750  1.3108262430E-01  1.0557533128E-02 -2.6115238968E-02 -3.2238255058E-03
-0.6625  1.3109393643E-01  9.4237917589E-03 -2.4900345489E-02 -3.4055845726E-03
-0.6500  1.3108317651E-01  8.2922988402E-03 -2.3736248772E-02 -3.4626850830E-03
-0.6375  1.3106016642E-01  7.1664861473E-03 -2.2608957274E-02 -3.4079193878E-03
-0.6250  1.3103440748E-01  6.0492949391E-03 -2.1506203045E-02 -3.2536908888E-03
-0.6125  1.3101491146E-01  4.9432301114E-03 -2.0417293188E-02 -3.0118423087E-03
-0.6000  1.3101007838E-01  3.8504081221E-03 -1.9332967214E-02 -2.6935287270E-03
-0.5875  1.3102761353E-01  2.7725995360E-03 -1.8245260741E-02 -2.3091285309E-03
-0.5750  1.3107447741E-01  1.7112669192E-03 -1.7147375850E-02 -1.8681862151E-03
-0.5625  1.3115686277E-01  6.6759870239E-04 -1.6033558366E-02 -1.3793816790E-03
-0.5500  1.3128019375E-01 -3.5746045465E-04 -1.4898982171E-02 -8.5052131738E-04
-0.5375  1.3144914280E-01 -1.3631823516E-03 -1.3739640647E-02 -2.8854678771E-04
-0.5250  1.3166766156E-01 -2.3490306077E-03 -1.2552245234E-02  3.0044213315E-04
-0.5125  1.3193902234E-01 -3.3146383753E-03 -1.1334131042E-02  9.1115371402E-04
-0.5000  1.3226586756E-01 -4.2597881370E-03 -1.0083169413E-02  1.5390621374E-03
-0.4875  1.3265026451E-01 -5.1843933618E-03 -8.7976872776E-03  2.1803593674E-03
-0.4750  1.3309376362E-01 -6.0884818305E-03 -7.4763930997E-03  2.8319029720E-03
-0.4625  1.3359745840E-01 -6.9721804727E-03 -6.1183092110E-03  3.4911615454E-03
-0.4500  1.3416204568E-01 -7.8357015803E-03 -4.7227102652E-03  4.1561591071E-03
-0.4375  1.3478788497E-01 -8.6793302874E-03 -3.2890675527E-03  4.8254196111E-03
-0.4250  1.3547505606E-01 -9.5034132173E-03 -1.8169988903E-03  5.4979124874E-03
-0.4125  1.3622341411E-01 -1.0308348218E-02 -3.0622378692E-04  6.1729999523E-03
-0.4000  1.3703264168E-01 -1.1094575108E-02  1.2434764191E-03  6.8503866585E-03
-0.3875  1.3790229724E-01 -1.1862567380E-02  2.8322937601E-03  7.5300721191E-03
-0.3750  1.3883186001E-01 -1.2612824786E-02  4.4604244914E-03  8.2123062124E-03
-0.3625  1.3982077084E-01 -1.3345866776E-02  6.1280959062E-03  8.8975479732E-03
-0.3500  1.4086846920E-01 -1.4062226710E-02  7.8355894234E-03  9.5864277865E-03
-0.3375  1.4197442609E-01 -1.4762446826E-02  9.5832602534E-03  1.0279713023E-02
-0.3250  1.4313817319E-01 -1.5447073890E-02  1.1371553942E-02  1.0978277094E-02
-0.3125  1.4435932820E-01 -1.6116655504E-02  1.3201020080E-02  1.1683071855E-02
-0.3000  1.4563761657E-01 -1.6771737004E-02  1.5072323469E-02  1.2395103240E-02
-0.2875  1.4697288998E-01 -1.7412858925E-02  1.6986253002E-02  1.3115409978E-02
-0.2750  1.4836514154E-01 -1.8040554967E-02  1.8943728541E-02  1.3845045226E-02
-0.2625  1.4981451818E-01 -1.8655350422E-02  2.0945806015E-02  1.4585060920E-02
-0.2500  1.5132133043E-01 -1.9257761017E-02  2.2993681003E-02  1.5336494640E-02
-0.2375  1.5288605976E-01 -1.9848292122E-02  2.5088691008E-02  1.6100358793E-02
-0.2250  1.5450936392E-01 -2.0427438276E-02  2.7232316643E-02  1.6877631880E-02
-0.2125  1.5619208042E-01 -2.0995682976E-02  2.9426181922E-02  1.7669251652E-02
-0.2000  1.5793522840E-01 -2.1553498701E-02  3.1672053852E-02  1.8476109934E-02
-0.1875  1.5974000930E-01 -2.2101347091E-02  3.3971841484E-02  1.9299048929E-02
-0.1750  1.6160780635E-01 -2.2639679273E-02  3.6327594588E-02  2.0138858792E-02
-0.1625  1.6354018331E-01 -2.3168936252E-02  3.8741502103E-02  2.0996276311E-02
-0.1500  1.6553888255E-01 -2.3689549349E-02  4.1215890483E-02  2.1871984511E-02
-0.1375  1.6760582267E-01 -2.4201940628E-02  4.3753222067E-02  2.2766613023E-02
-0.1250  1.6974309599E-01 -2.4706523277E-02  4.6356093572E-02  2.3680739096E-02
-0.1125  1.7195296591E-01 -2.5203701901E-02  4.9027234814E-02  2.4614889091E-02
-0.1000  1.7423786433E-01 -2.5693872688E-02  5.1769507727E-02  2.5569540376E-02
-0.0875  1.7660038938E-01 -2.6177423417E-02  5.4585905767E-02  2.6545123500E-02
-0.0750  1.7904330345E-01 -2.6654733276E-02  5.7479553747E-02  2.7542024578E-02
-0.0625  1.8156953172E-01 -2.7126172450E-02  6.0453708169E-02  2.8560587814E-02
-0.0500  1.8418216120E-01 -2.7592101463E-02  6.3511758086E-02  2.9601118111E-02
-0.0375  1.8688444044E-01 -2.8052870247E-02  6.6657226537E-02  3.0663883726E-02
-0.0250  1.8967977996E-01 -2.8508816913E-02  6.9893772581E-02  3.1749118959E-02
-0.0125  1.9257175344E-01 -2.8960266210E-02  7.3225193943E-02  3.2857026851E-02
-0.0000  1.9556409970E-01 -2.9407527650E-02  7.6655430318E-02  3.3987781915E-02
 0.0125  1.9866072556E-01 -2.9850893305E-02  8.0188567309E-02  3.5141532898E-02
 0.0250  2.0186570960E-01 -3.0290635250E-02  8.3828841055E-02  3.6318405626E-02
 0.0375  2.0518330682E-01 -3.0727002652E-02  8.7580643525E-02  3.7518505957E-02
 0.0500  2.0861795424E-01 -3.1160218523E-02  9.1448528529E-02  3.8741922915E-02
 0.0625  2.1217427749E-01 -3.1590476111E-02  9.5437218439E-02  3.9988732052E-02
 0.0750  2.1585709840E-01 -3.2017934968E-02  9.9551611668E-02  4.1258999136E-02
 0.0875  2.1967144358E-01 -3.2442716691E-02  1.0379679093E-01  4.2552784232E-02
 0.1000  2.2362255405E-01 -3.2864900352E-02  1.0817803234E-01  4.3870146284E-02
 0.1125  2.2771589605E-01 -3.3284517656E-02  1.1270081540E-01  4.5211148297E-02
 0.1250  2.3195717293E-01 -3.3701547840E-02  1.1737083402E-01  4.6575863232E-02
 0.1375  2.3635233828E-01 -3.4115912357E-02  1.2219400855E-01  4.7964380721E-02
 0.1500  2.4090761041E-01 -3.4527469376E-02  1.2717649908E-01  4.9376814739E-02
 0.1625  2.4562948825E-01 -3.4936008153E-02  1.3232472014E-01  5.0813312341E-02
 0.1750  2.5052476883E-01 -3.5341243324E-02  1.3764535694E-01  5.2274063601E-02
 0.1875  2.5560056647E-01 -3.5742809178E-02  1.4314538347E-01  5.3759312875E-02
 0.2000  2.6086433403E-01 -3.6140253973E-02  1.4883208270E-01  5.5269371514E-02
 0.2125  2.6632388628E-01 -3.6533034385E-02  1.5471306925E-01  5.6804632136E-02
 0.2250  2.7198742588E-01 -3.6920510164E-02  1.6079631490E-01  5.8365584592E-02
 0.2375  2.7786357226E-01 -3.7301939084E-02  1.6709017748E-01  5.9952833707E-02
 0.2500  2.8396139380E-01 -3.7676472306E-02  1.7360343362E-01  6.1567118893E-02
 0.2625  2.9029044394E-01 -3.8043150256E-02  1.8034531604E-01  6.3209335709E-02
 0.2750  2.9686080174E-01 -3.8400899133E-02  1.8732555613E-01  6.4880559417E-02
 0.2875  3.0368311763E-01 -3.8748528199E-02  1.9455443265E-01  6.6582070556E-02
 0.3000  3.1076866513E-01 -3.9084727975E-02  2.0204282753E-01  6.8315382531E-02
 0.3125  3.1812939957E-01 -3.9408069512E-02  2.0980228988E-01  7.0082271165E-02
 0.3250  3.2577802483E-01 -3.9717004889E-02  2.1784510951E-01  7.1884806135E-02
 0.3375  3.3372806939E-01 -4.0009869126E-02  2.2618440128E-01  7.3725384131E-02
 0.3500  3.4199397312E-01 -4.0284883690E-02  2.3483420206E-01  7.5606763562E-02
 0.3625  3.5059118646E-01 -4.0540161798E-02  2.4380958202E-01  7.7532100505E-02
 0.3750  3.5953628382E-01 -4.0773715715E-02  2.5312677231E-01  7.9504985564E-02
 0.3875  3.6884709345E-01 -4.0983466272E-02  2.6280331154E-01  8.1529481176E-02
 0.4000  3.7854284602E-01 -4.1167254819E-02  2.7285821350E-01  8.3610158825E-02
 0.4125  3.8864434482E-01 -4.1322857842E-02  2.8331215922E-01  8.5752135476E-02
 0.4250  3.9917416057E-01 -4.1448004480E-02  2.9418771648E-01  8.7961108426E-02
 0.4375  4.1015685445E-01 -4.1540397169E-02  3.0550959050E-01  9.0243387608E-02
 0.4500  4.2161923317E-01 -4.1597735644E-02  3.1730490986E-01  9.2605924218E-02
 0.4625  4.3359064069E-01 -4.1617744533E-02  3.2960355223E-01  9.5056334328E-02
 0.4750  4.4610329159E-01 -4.1598204735E-02  3.4243851495E-01  9.7602915946E-02
 0.4875  4.5919265174E-01 -4.1536988803E-02  3.5584633625E-01  1.0025465774E-01
 0.5000  4.7289787266E-01 -4.1432100492E-02  3.6986757329E-01  1.0302123737E-01
 0.5125  4.8726228684E-01 -4.1281718615E-02  3.8454734431E-01  1.0591300710E-01
 0.5250  5.0233397218E-01 -4.1084245323E-02  3.9993594266E-01  1.0894096395E-01
 0.5375  5.1816639458E-01 -4.0838358855E-02  4.1608953170E-01  1.1211670140E-01
 0.5500  5.3481913916E-01 -4.0543070756E-02  4.3307093045E-01  1.1545233923E-01
 0.5625  5.5235874174E-01 -4.0197787480E-02  4.5095050133E-01  1.1896042746E-01
 0.5750  5.7085963384E-01 -3.9802376215E-02  4.6980715235E-01  1.2265382017E-01
 0.5875  5.9040521622E-01 -3.9357234631E-02  4.8972946826E-01  1.2654551414E-01
 0.6000  6.1108907801E-01 -3.8863364161E-02  5.1081698659E-01  1.3064844686E-01
 0.6125  6.3301638090E-01 -3.8322446222E-02  5.3318163708E-01  1.3497524771E-01
 0.6250  6.5630543079E-01 -3.7736920648E-02  5.5694936548E-01  1.3953793534E-01
 0.6375  6.8108946257E-01 -3.7110065329E-02  5.8226196598E-01  1.4434755359E-01
 0.6500  7.0751866771E-01 -3.6446075844E-02  6.0927915025E-01  1.4941373731E-01
 0.6625  7.3576249954E-01 -3.5750143526E-02  6.3818088600E-01  1.5474419849E-01
 0.6750  7.6601229688E-01 -3.5028530043E-02  6.6917004381E-01  1.6034412196E-01
 0.6875  7.9848427453E-01 -3.4288636136E-02  7.0247539821E-01  1.6621545869E-01
 0.7000  8.3342293864E-01 -3.3539061630E-02  7.3835503906E-01  1.7235610329E-01
 0.7125  8.7110499757E-01 -3.2789653212E-02  7.7710026125E-01  1.7875894067E-01
 0.7250  9.1184385508E-01 -3.2051535693E-02  8.1904001765E-01  1.8541074474E-01
 0.7375  9.5599479459E-01 -3.1337121577E-02  8.6454604260E-01  1.9229090955E-01
 0.7500  1.0039609930E+00 -3.0660092564E-02  9.1403878412E-01  1.9936998985E-01
 0.7625  1.0562005439E+00 -3.0035345141E-02  9.6799432626E-01  2.0660802344E-01
 0.7750  1.1132347280E+00 -2.9478890285E-02  1.0269525449E+00  2.1395259975E-01
 0.7875  1.1756578535E+00 -2.9007694149E-02  1.0915268301E+00  2.2133662748E-01
 0.8000  1.2441491125E+00 -2.8639441397E-02  1.1624158398E+00  2.2867573278E-01
 0.8125  1.3194870860E+00 -2.8392193764E-02  1.2404179481E+00  2.3586518241E-01
 0.8250  1.4025678104E+00 -2.8283899611E-02  1.3264493483E+00  2.4277616042E-01
 0.8375  1.4944277570E+00 -2.8331678744E-02  1.4215672278E+00  2.4925110669E-01
 0.8500  1.5962737553E+00 -2.8550746842E-02  1.5270001318E+00  2.5509761090E-01
 0.8625  1.7095229687E+00 -2.8952730559E-02  1.6441887148E+00  2.6007996949E-01
 0.8750  1.8358577459E+00 -2.9542911518E-02  1.7748417680E+00  2.6390682649E-01
 0.8875  1.9773029219E+00 -3.0315541912E-02  1.9210150290E+00  2.6621210618E-01
 0.9000  2.1363375732E+00 -3.1245647890E-02  2.0852243847E+00  2.6652432042E-01
 0.9125  2.3160603914E+00 -3.2274417800E-02  2.2706114747E+00  2.6421564001E-01
 0.9250  2.5204394359E+00 -3.3282904956E-02  2.4811897010E+00  2.5841575388E-01
 0.9375  2.7546958086E+00 -3.4044571921E-02  2.7222142460E+00  2.4786465117E-01
 0.9500  3.0259012313E+00 -3.4139820157E-02  3.0007439907E+00  2.3065997900E-01
 0.9625  3.3439187724E+00 -3.2802804475E-02  3.3265009970E+00  2.0382348030E-01
 0.9750  3.7228955929E+00 -2.8648691346E-02  3.7131917940E+00  1.6255888301E-01
 0.9875  4.1836450466E+00 -1.9191683867E-02  4.1805453275E+00  9.8986928922E-02
 1.0000  4.7574622217E+00  0.0000000000E+00  4.7574622217E+00 -1.3200576433E-17
