lambda(um), Cext(cm^2/H), albedo, <cos>, # of angles
   1.63000  9.98115E-24   0.55025   0.25715   161
cos(theta),     S11,               S12,             S33,             S34
-1.0000  3.7917770761E-01 -1.1994243790E-18 -3.7917770761E-01  8.3482531653E-19
-0.9875  3.7398624572E-01 -3.4601330078E-03 -3.7387852048E-01  2.9833415943E-03
-0.9750  3.6908368496E-01 -6.8884035550E-03 -3.6866020692E-01  5.7931780273E-03
-0.9625  3.6445460771E-01 -1.0284847725E-02 -3.6351797105E-01  8.4413470399E-03
-0.9500  3.6008445855E-01 -1.3649543078E-02 -3.5844722092E-01  1.0939037349E-02
-0.9375  3.5595950244E-01 -1.6982602879E-02 -3.5344355728E-01  1.3296820236E-02
-0.9250  3.5206678479E-01 -2.0284170816E-02 -3.4850276294E-01  1.5524679757E-02
-0.9125  3.4839409333E-01 -2.3554416174E-02 -3.4362079265E-01  1.7632041641E-02
-0.9000  3.4492992177E-01 -2.6793529419E-02 -3.3879376350E-01  1.9627800912E-02
-0.8875  3.4166343504E-01 -3.0001718195E-02 -3.3401794582E-01  2.1520348296E-02
-0.8750  3.3858443612E-01 -3.3179203673E-02 -3.2928975453E-01  2.3317595457E-02
-0.8625  3.3568333447E-01 -3.6326217248E-02 -3.2460574094E-01  2.5026999107E-02
-0.8500  3.3295111583E-01 -3.9442997551E-02 -3.1996258499E-01  2.6655584041E-02
-0.8375  3.3037931347E-01 -4.2529787759E-02 -3.1535708782E-01  2.8209965130E-02
-0.8250  3.2795998074E-01 -4.5586833173E-02 -3.1078616485E-01  2.9696368325E-02
-0.8125  3.2568566496E-01 -4.8614379051E-02 -3.0624683906E-01  3.1120650704E-02
-0.8000  3.2354938244E-01 -5.1612668672E-02 -3.0173623475E-01  3.2488319602E-02
-0.7875  3.2154459481E-01 -5.4581941618E-02 -2.9725157154E-01  3.3804550865E-02
-0.7750  3.1966518636E-01 -5.7522432251E-02 -2.9279015870E-01  3.5074206261E-02
-0.7625  3.1790544248E-01 -6.0434368371E-02 -2.8834938980E-01  3.6301850081E-02
-0.7500  3.1626002920E-01 -6.3317970045E-02 -2.8392673754E-01  3.7491764969E-02
-0.7375  3.1472397363E-01 -6.6173448585E-02 -2.7951974897E-01  3.8647967001E-02
-0.7250  3.1329264541E-01 -6.9001005669E-02 -2.7512604085E-01  3.9774220067E-02
-0.7125  3.1196173903E-01 -7.1800832582E-02 -2.7074329524E-01  4.0874049551E-02
-0.7000  3.1072725699E-01 -7.4573109585E-02 -2.6636925542E-01  4.1950755374E-02
-0.6875  3.0958549388E-01 -7.7318005372E-02 -2.6200172184E-01  4.3007424404E-02
-0.6750  3.0853302117E-01 -8.0035676642E-02 -2.5763854840E-01  4.4046942258E-02
-0.6625  3.0756667275E-01 -8.2726267736E-02 -2.5327763884E-01  4.5072004544E-02
-0.6500  3.0668353129E-01 -8.5389910364E-02 -2.4891694331E-01  4.6085127540E-02
-0.6375  3.0588091518E-01 -8.8026723399E-02 -2.4455445510E-01  4.7088658350E-02
-0.6250  3.0515636620E-01 -9.0636812724E-02 -2.4018820752E-01  4.8084784554E-02
-0.6125  3.0450763785E-01 -9.3220271144E-02 -2.3581627087E-01  4.9075543374E-02
-0.6000  3.0393268419E-01 -9.5777178335E-02 -2.3143674961E-01  5.0062830376E-02
-0.5875  3.0342964934E-01 -9.8307600843E-02 -2.2704777956E-01  5.1048407728E-02
-0.5750  3.0299685755E-01 -1.0081159211E-01 -2.2264752532E-01  5.2033912036E-02
-0.5625  3.0263280372E-01 -1.0328919256E-01 -2.1823417763E-01  5.3020861765E-02
-0.5500  3.0233614453E-01 -1.0574042963E-01 -2.1380595098E-01  5.4010664281E-02
-0.5375  3.0210568995E-01 -1.0816531795E-01 -2.0936108120E-01  5.5004622508E-02
-0.5250  3.0194039531E-01 -1.1056385944E-01 -2.0489782316E-01  5.6003941236E-02
-0.5125  3.0183935379E-01 -1.1293604342E-01 -2.0041444851E-01  5.7009733081E-02
-0.5000  3.0180178928E-01 -1.1528184684E-01 -1.9590924356E-01  5.8023024118E-02
-0.4875  3.0182704974E-01 -1.1760123436E-01 -1.9138050711E-01  5.9044759202E-02
-0.4750  3.0191460091E-01 -1.1989415858E-01 -1.8682654837E-01  6.0075806977E-02
-0.4625  3.0206402036E-01 -1.2216056016E-01 -1.8224568499E-01  6.1116964608E-02
-0.4500  3.0227499199E-01 -1.2440036803E-01 -1.7763624097E-01  6.2168962228E-02
-0.4375  3.0254730078E-01 -1.2661349953E-01 -1.7299654479E-01  6.3232467115E-02
-0.4250  3.0288082793E-01 -1.2879986061E-01 -1.6832492740E-01  6.4308087620E-02
-0.4125  3.0327554633E-01 -1.3095934593E-01 -1.6361972036E-01  6.5396376842E-02
-0.4000  3.0373151627E-01 -1.3309183906E-01 -1.5887925389E-01  6.6497836072E-02
-0.3875  3.0424888152E-01 -1.3519721262E-01 -1.5410185500E-01  6.7612917999E-02
-0.3750  3.0482786566E-01 -1.3727532839E-01 -1.4928584562E-01  6.8742029710E-02
-0.3625  3.0546876867E-01 -1.3932603745E-01 -1.4442954069E-01  6.9885535463E-02
-0.3500  3.0617196380E-01 -1.4134918028E-01 -1.3953124632E-01  7.1043759267E-02
-0.3375  3.0693789473E-01 -1.4334458688E-01 -1.3458925787E-01  7.2216987259E-02
-0.3250  3.0776707287E-01 -1.4531207682E-01 -1.2960185806E-01  7.3405469885E-02
-0.3125  3.0866007503E-01 -1.4725145933E-01 -1.2456731508E-01  7.4609423908E-02
-0.3000  3.0961754125E-01 -1.4916253332E-01 -1.1948388067E-01  7.5829034224E-02
-0.2875  3.1064017281E-01 -1.5104508748E-01 -1.1434978816E-01  7.7064455507E-02
-0.2750  3.1172873057E-01 -1.5289890020E-01 -1.0916325053E-01  7.8315813689E-02
-0.2625  3.1288403344E-01 -1.5472373967E-01 -1.0392245839E-01  7.9583207263E-02
-0.2500  3.1410695706E-01 -1.5651936375E-01 -9.8625578007E-02  8.0866708436E-02
-0.2375  3.1539843272E-01 -1.5828552003E-01 -9.3270749235E-02  8.2166364115E-02
-0.2250  3.1675944643E-01 -1.6002194568E-01 -8.7856083435E-02  8.3482196739E-02
-0.2125  3.1819103823E-01 -1.6172836738E-01 -8.2379661368E-02  8.4814204961E-02
-0.2000  3.1969430167E-01 -1.6340450126E-01 -7.6839531032E-02  8.6162364176E-02
-0.1875  3.2127038346E-01 -1.6505005267E-01 -7.1233705471E-02  8.7526626902E-02
-0.1750  3.2292048331E-01 -1.6666471608E-01 -6.5560160534E-02  8.8906923012E-02
-0.1625  3.2464585400E-01 -1.6824817487E-01 -5.9816832583E-02  9.0303159822E-02
-0.1500  3.2644780155E-01 -1.6980010107E-01 -5.4001616163E-02  9.1715222034E-02
-0.1375  3.2832768567E-01 -1.7132015517E-01 -4.8112361607E-02  9.3142971531E-02
-0.1250  3.3028692026E-01 -1.7280798575E-01 -4.2146872603E-02  9.4586247030E-02
-0.1125  3.3232697424E-01 -1.7426322924E-01 -3.6102903686E-02  9.6044863591E-02
-0.1000  3.3444937241E-01 -1.7568550949E-01 -2.9978157692E-02  9.7518611976E-02
-0.0875  3.3665569665E-01 -1.7707443741E-01 -2.3770283132E-02  9.9007257871E-02
-0.0750  3.3894758715E-01 -1.7842961052E-01 -1.7476871515E-02  1.0051054095E-01
-0.0625  3.4132674392E-01 -1.7975061246E-01 -1.1095454601E-02  1.0202817378E-01
-0.0500  3.4379492845E-01 -1.8103701246E-01 -4.6235015878E-03  1.0355984062E-01
-0.0375  3.4635396560E-01 -1.8228836479E-01  1.9415837739E-03  1.0510519601E-01
-0.0250  3.4900574561E-01 -1.8350420808E-01  8.6024661386E-03  1.0666386323E-01
-0.0125  3.5175222638E-01 -1.8468406467E-01  1.5361881597E-02  1.0823543261E-01
-0.0000  3.5459543589E-01 -1.8582743988E-01  2.2222640785E-02  1.0981945966E-01
 0.0125  3.5753747491E-01 -1.8693382115E-01  2.9187632075E-02  1.1141546302E-01
 0.0250  3.6058051981E-01 -1.8800267722E-01  3.6259824845E-02  1.1302292231E-01
 0.0375  3.6372682566E-01 -1.8903345719E-01  4.3442272838E-02  1.1464127568E-01
 0.0500  3.6697872957E-01 -1.9002558947E-01  5.0738117603E-02  1.1626991732E-01
 0.0625  3.7033865418E-01 -1.9097848071E-01  5.8150592030E-02  1.1790819468E-01
 0.0750  3.7380911148E-01 -1.9189151464E-01  6.5683023979E-02  1.1955540554E-01
 0.0875  3.7739270681E-01 -1.9276405079E-01  7.3338839997E-02  1.2121079488E-01
 0.1000  3.8109214314E-01 -1.9359542313E-01  8.1121569144E-02  1.2287355159E-01
 0.1125  3.8491022562E-01 -1.9438493863E-01  8.9034846909E-02  1.2454280483E-01
 0.1250  3.8884986638E-01 -1.9513187570E-01  9.7082419239E-02  1.2621762038E-01
 0.1375  3.9291408967E-01 -1.9583548251E-01  1.0526814667E-01  1.2789699657E-01
 0.1500  3.9710603721E-01 -1.9649497522E-01  1.1359600857E-01  1.2957986009E-01
 0.1625  4.0142897397E-01 -1.9710953605E-01  1.2207010748E-01  1.3126506154E-01
 0.1750  4.0588629411E-01 -1.9767831127E-01  1.3069467362E-01  1.3295137068E-01
 0.1875  4.1048152745E-01 -1.9820040898E-01  1.3947406944E-01  1.3463747149E-01
 0.2000  4.1521834608E-01 -1.9867489681E-01  1.4841279436E-01  1.3632195691E-01
 0.2125  4.2010057156E-01 -1.9910079944E-01  1.5751548959E-01  1.3800332330E-01
 0.2250  4.2513218229E-01 -1.9947709594E-01  1.6678694313E-01  1.3967996463E-01
 0.2375  4.3031732143E-01 -1.9980271697E-01  1.7623209483E-01  1.4135016638E-01
 0.2500  4.3566030518E-01 -2.0007654177E-01  1.8585604170E-01  1.4301209902E-01
 0.2625  4.4116563147E-01 -2.0029739499E-01  1.9566404319E-01  1.4466381133E-01
 0.2750  4.4683798919E-01 -2.0046404327E-01  2.0566152682E-01  1.4630322322E-01
 0.2875  4.5268226779E-01 -2.0057519166E-01  2.1585409378E-01  1.4792811828E-01
 0.3000  4.5870356749E-01 -2.0062947979E-01  2.2624752483E-01  1.4953613593E-01
 0.3125  4.6490720991E-01 -2.0062547780E-01  2.3684778620E-01  1.5112476319E-01
 0.3250  4.7129874934E-01 -2.0056168204E-01  2.4766103583E-01  1.5269132603E-01
 0.3375  4.7788398451E-01 -2.0043651050E-01  2.5869362960E-01  1.5423298032E-01
 0.3500  4.8466897104E-01 -2.0024829795E-01  2.6995212789E-01  1.5574670234E-01
 0.3625  4.9166003441E-01 -1.9999529084E-01  2.8144330219E-01  1.5722927880E-01
 0.3750  4.9886378372E-01 -1.9967564184E-01  2.9317414196E-01  1.5867729644E-01
 0.3875  5.0628712602E-01 -1.9928740411E-01  3.0515186166E-01  1.6008713106E-01
 0.4000  5.1393728146E-01 -1.9882852523E-01  3.1738390795E-01  1.6145493614E-01
 0.4125  5.2182179913E-01 -1.9829684075E-01  3.2987796713E-01  1.6277663078E-01
 0.4250  5.2994857374E-01 -1.9769006740E-01  3.4264197273E-01  1.6404788722E-01
 0.4375  5.3832586309E-01 -1.9700579593E-01  3.5568411332E-01  1.6526411767E-01
 0.4500  5.4696230646E-01 -1.9624148354E-01  3.6901284058E-01  1.6642046057E-01
 0.4625  5.5586694386E-01 -1.9539444586E-01  3.8263687749E-01  1.6751176622E-01
 0.4750  5.6504923631E-01 -1.9446184853E-01  3.9656522684E-01  1.6853258173E-01
 0.4875  5.7451908702E-01 -1.9344069831E-01  4.1080717992E-01  1.6947713529E-01
 0.5000  5.8428686370E-01 -1.9232783369E-01  4.2537232545E-01  1.7033931970E-01
 0.5125  5.9436342194E-01 -1.9111991506E-01  4.4027055874E-01  1.7111267520E-01
 0.5250  6.0476012974E-01 -1.8981341422E-01  4.5551209110E-01  1.7179037141E-01
 0.5375  6.1548889325E-01 -1.8840460352E-01  4.7110745957E-01  1.7236518860E-01
 0.5500  6.2656218376E-01 -1.8688954425E-01  4.8706753677E-01  1.7282949796E-01
 0.5625  6.3799306601E-01 -1.8526407456E-01  5.0340354115E-01  1.7317524110E-01
 0.5750  6.4979522790E-01 -1.8352379672E-01  5.2012704744E-01  1.7339390855E-01
 0.5875  6.6198301164E-01 -1.8166406363E-01  5.3724999741E-01  1.7347651734E-01
 0.6000  6.7457144639E-01 -1.7967996482E-01  5.5478471087E-01  1.7341358754E-01
 0.6125  6.8757628249E-01 -1.7756631155E-01  5.7274389705E-01  1.7319511780E-01
 0.6250  7.0101402739E-01 -1.7531762134E-01  5.9114066616E-01  1.7281055974E-01
 0.6375  7.1490198327E-01 -1.7292810156E-01  6.0998854138E-01  1.7224879123E-01
 0.6500  7.2925828646E-01 -1.7039163235E-01  6.2930147109E-01  1.7149808852E-01
 0.6625  7.4410194883E-01 -1.6770174857E-01  6.4909384142E-01  1.7054609708E-01
 0.6750  7.5945290108E-01 -1.6485162101E-01  6.6938048917E-01  1.6937980115E-01
 0.6875  7.7533203814E-01 -1.6183403650E-01  6.9017671502E-01  1.6798549204E-01
 0.7000  7.9176126679E-01 -1.5864137723E-01  7.1149829716E-01  1.6634873487E-01
 0.7125  8.0876355545E-01 -1.5526559899E-01  7.3336150516E-01  1.6445433406E-01
 0.7250  8.2636298643E-01 -1.5169820836E-01  7.5578311431E-01  1.6228629710E-01
 0.7375  8.4458481059E-01 -1.4793023883E-01  7.7878042024E-01  1.5982779687E-01
 0.7500  8.6345550468E-01 -1.4395222583E-01  8.0237125400E-01  1.5706113230E-01
 0.7625  8.8300283129E-01 -1.3975418053E-01  8.2657399743E-01  1.5396768725E-01
 0.7750  9.0325590171E-01 -1.3532556240E-01  8.5140759902E-01  1.5052788766E-01
 0.7875  9.2424524169E-01 -1.3065525059E-01  8.7689159010E-01  1.4672115684E-01
 0.8000  9.4600286035E-01 -1.2573151385E-01  9.0304610146E-01  1.4252586875E-01
 0.8125  9.6856232224E-01 -1.2054197917E-01  9.2989188039E-01  1.3791929941E-01
 0.8250  9.9195882288E-01 -1.1507359896E-01  9.5745030815E-01  1.3287757603E-01
 0.8375  1.0162292677E+00 -1.0931261665E-01  9.8574341788E-01  1.2737562407E-01
 0.8500  1.0414123548E+00 -1.0324453086E-01  1.0147939129E+00  1.2138711196E-01
 0.8625  1.0675486613E+00 -9.6854057851E-02  1.0446251857E+00  1.1488439351E-01
 0.8750  1.0946807341E+00 -9.0125092307E-02  1.0752613367E+00  1.0783844776E-01
 0.8875  1.1228531845E+00 -8.3040666392E-02  1.1067271947E+00  1.0021881633E-01
 0.9000  1.1521127871E+00 -7.5582906946E-02  1.1390483363E+00  9.1993538038E-02
 0.9125  1.1825085838E+00 -6.7732990792E-02  1.1722511074E+00  8.3129080753E-02
 0.9250  1.2140919920E+00 -5.9471098066E-02  1.2063626437E+00  7.3590270338E-02
 0.9375  1.2469169179E+00 -5.0776363491E-02  1.2414108926E+00  6.3340216560E-02
 0.9500  1.2810398751E+00 -4.1626825506E-02  1.2774246356E+00  5.2340235851E-02
 0.9625  1.3165201089E+00 -3.1999373184E-02  1.3144335109E+00  4.0549770792E-02
 0.9750  1.3534197252E+00 -2.1869690823E-02  1.3524680365E+00  2.7926306183E-02
 0.9875  1.3918038267E+00 -1.1212200147E-02  1.3915596343E+00  1.4425281558E-02
 1.0000  1.4317406541E+00  0.0000000000E+00  1.4317406541E+00 -1.4232135063E-19
