lambda(um), Cext(cm^2/H), albedo, <cos>, # of angles
   0.65800  3.79161E-22   0.67301   0.49597   161
cos(theta),     S11,               S12,             S33,             S34
-1.0000  1.5763186175E-01  1.1369403196E-18 -1.5763186175E-01  1.9488462709E-18
-0.9875  1.5488278618E-01 -5.1280352632E-04 -1.5475755468E-01  3.9108672896E-04
-0.9750  1.5240375356E-01 -1.0088042733E-03 -1.5191402561E-01  7.3843283461E-04
-0.9625  1.5017495036E-01 -1.4943776308E-03 -1.4909716945E-01  1.0503431855E-03
-0.9500  1.4817839202E-01 -1.9749147881E-03 -1.4630338507E-01  1.3341618125E-03
-0.9375  1.4639772387E-01 -2.4549540494E-03 -1.4352951768E-01  1.5963831073E-03
-0.9250  1.4481804600E-01 -2.9382951834E-03 -1.4077280749E-01  1.8427498585E-03
-0.9125  1.4342575919E-01 -3.4280989470E-03 -1.3803084373E-01  2.0783397137E-03
-0.9000  1.4220842932E-01 -3.9269736631E-03 -1.3530152352E-01  2.3076414659E-03
-0.8875  1.4115466793E-01 -4.4370505057E-03 -1.3258301510E-01  2.5346223957E-03
-0.8750  1.4025402707E-01 -4.9600489413E-03 -1.2987372473E-01  2.7627877513E-03
-0.8625  1.3949690657E-01 -5.4973335982E-03 -1.2717226707E-01  2.9952333178E-03
-0.8500  1.3887447224E-01 -6.0499636773E-03 -1.2447743853E-01  3.2346919129E-03
-0.8375  1.3837858370E-01 -6.6187358762E-03 -1.2178819329E-01  3.4835745410E-03
-0.8250  1.3800173059E-01 -7.2042216797E-03 -1.1910362169E-01  3.7440068514E-03
-0.8125  1.3773697613E-01 -7.8067997571E-03 -1.1642293082E-01  4.0178614643E-03
-0.8000  1.3757790718E-01 -8.4266841148E-03 -1.1374542686E-01  4.3067866597E-03
-0.7875  1.3751858994E-01 -9.0639485672E-03 -1.1107049933E-01  4.6122318638E-03
-0.7750  1.3755353063E-01 -9.7185480174E-03 -1.0839760663E-01  4.9354703120E-03
-0.7625  1.3767764058E-01 -1.0390336972E-02 -1.0572626313E-01  5.2776192219E-03
-0.7500  1.3788620507E-01 -1.1079085661E-02 -1.0305602735E-01  5.6396577673E-03
-0.7375  1.3817485566E-01 -1.1784494084E-02 -1.0038649133E-01  6.0224431084E-03
-0.7250  1.3853954537E-01 -1.2506204258E-02 -9.7717270900E-02  6.4267247024E-03
-0.7125  1.3897652660E-01 -1.3243810910E-02 -9.5047996898E-02  6.8531570881E-03
-0.7000  1.3948233126E-01 -1.3996870815E-02 -9.2378307122E-02  7.3023113179E-03
-0.6875  1.4005375300E-01 -1.4764910976E-02 -8.9707839034E-02  7.7746851861E-03
-0.6750  1.4068783124E-01 -1.5547435772E-02 -8.7036223081E-02  8.2707123848E-03
-0.6625  1.4138183680E-01 -1.6343933236E-02 -8.4363076591E-02  8.7907707038E-03
-0.6500  1.4213325896E-01 -1.7153880559E-02 -8.1687998185E-02  9.3351893746E-03
-0.6375  1.4293979380E-01 -1.7976748929E-02 -7.9010562637E-02  9.9042556483E-03
-0.6250  1.4379933368E-01 -1.8812007779E-02 -7.6330316158E-02  1.0498220685E-02
-0.6125  1.4470995771E-01 -1.9659128527E-02 -7.3646772033E-02  1.1117304824E-02
-0.6000  1.4566992319E-01 -2.0517587870E-02 -7.0959406590E-02  1.1761702295E-02
-0.5875  1.4667765784E-01 -2.1386870676E-02 -6.8267655459E-02  1.2431585426E-02
-0.5750  1.4773175281E-01 -2.2266472534E-02 -6.5570910077E-02  1.3127108392E-02
-0.5625  1.4883095633E-01 -2.3155901983E-02 -6.2868514433E-02  1.3848410549E-02
-0.5500  1.4997416801E-01 -2.4054682481E-02 -6.0159761991E-02  1.4595619388E-02
-0.5375  1.5116043371E-01 -2.4962354116E-02 -5.7443892800E-02  1.5368853150E-02
-0.5250  1.5238894092E-01 -2.5878475097E-02 -5.4720090744E-02  1.6168223121E-02
-0.5125  1.5365901463E-01 -2.6802623053E-02 -5.1987480918E-02  1.6993835639E-02
-0.5000  1.5497011365E-01 -2.7734396144E-02 -4.9245127106E-02  1.7845793835E-02
-0.4875  1.5632182733E-01 -2.8673414009E-02 -4.6492029355E-02  1.8724199140E-02
-0.4750  1.5771387265E-01 -2.9619318570E-02 -4.3727121611E-02  1.9629152553E-02
-0.4625  1.5914609176E-01 -3.0571774684E-02 -4.0949269408E-02  2.0560755714E-02
-0.4500  1.6061844974E-01 -3.1530470684E-02 -3.8157267605E-02  2.1519111782E-02
-0.4375  1.6213103275E-01 -3.2495118787E-02 -3.5349838135E-02  2.2504326133E-02
-0.4250  1.6368404652E-01 -3.3465455404E-02 -3.2525627781E-02  2.3516506899E-02
-0.4125  1.6527781502E-01 -3.4441241333E-02 -2.9683205935E-02  2.4555765352E-02
-0.4000  1.6691277952E-01 -3.5422261866E-02 -2.6821062367E-02  2.5622216144E-02
-0.3875  1.6858949788E-01 -3.6408326800E-02 -2.3937604950E-02  2.6715977419E-02
-0.3750  1.7030864402E-01 -3.7399270359E-02 -2.1031157373E-02  2.7837170801E-02
-0.3625  1.7207100779E-01 -3.8394951032E-02 -1.8099956800E-02  2.8985921260E-02
-0.3500  1.7387749493E-01 -3.9395251339E-02 -1.5142151481E-02  3.0162356880E-02
-0.3375  1.7572912735E-01 -4.0400077510E-02 -1.2155798311E-02  3.1366608519E-02
-0.3250  1.7762704361E-01 -4.1409359096E-02 -9.1388603120E-03  3.2598809373E-02
-0.3125  1.7957249964E-01 -4.2423048510E-02 -6.0892040473E-03  3.3859094453E-02
-0.3000  1.8156686966E-01 -4.3441120496E-02 -3.0045969479E-03  3.5147599977E-02
-0.2875  1.8361164728E-01 -4.4463571528E-02  1.1729544935E-04  3.6464462680E-02
-0.2750  1.8570844695E-01 -4.5490419149E-02  3.2789123623E-03  3.7809819048E-02
-0.2625  1.8785900544E-01 -4.6521701238E-02  6.4828007298E-03  3.9183804479E-02
-0.2500  1.9006518365E-01 -4.7557475219E-02  9.7316182901E-03  4.0586552377E-02
-0.2375  1.9232896864E-01 -4.8597817201E-02  1.3028136781E-02  4.2018193175E-02
-0.2250  1.9465247576E-01 -4.9642821057E-02  1.6375245263E-02  4.3478853300E-02
-0.2125  1.9703795114E-01 -5.0692597441E-02  1.9775953584E-02  4.4968654074E-02
-0.2000  1.9948777426E-01 -5.1747272737E-02  2.3233395978E-02  4.6487710552E-02
-0.1875  2.0200446084E-01 -5.2806987951E-02  2.6750834821E-02  4.8036130311E-02
-0.1750  2.0459066589E-01 -5.3871897534E-02  3.0331664535E-02  4.9614012176E-02
-0.1625  2.0724918698E-01 -5.4942168138E-02  3.3979415669E-02  5.1221444892E-02
-0.1500  2.0998296781E-01 -5.6017977316E-02  3.7697759140E-02  5.2858505747E-02
-0.1375  2.1279510189E-01 -5.7099512143E-02  4.1490510665E-02  5.4525259138E-02
-0.1250  2.1568883659E-01 -5.8186967775E-02  4.5361635380E-02  5.6221755088E-02
-0.1125  2.1866757731E-01 -5.9280545940E-02  4.9315252660E-02  5.7948027709E-02
-0.1000  2.2173489202E-01 -6.0380453348E-02  5.3355641142E-02  5.9704093615E-02
-0.0875  2.2489451593E-01 -6.1486900043E-02  5.7487243975E-02  6.1489950287E-02
-0.0750  2.2815035653E-01 -6.2600097661E-02  6.1714674295E-02  6.3305574378E-02
-0.0625  2.3150649886E-01 -6.3720257625E-02  6.6042720939E-02  6.5150919981E-02
-0.0500  2.3496721106E-01 -6.4847589251E-02  7.0476354415E-02  6.7025916834E-02
-0.0375  2.3853695021E-01 -6.5982297772E-02  7.5020733130E-02  6.8930468475E-02
-0.0250  2.4222036849E-01 -6.7124582283E-02  7.9681209902E-02  7.0864450353E-02
-0.0125  2.4602231968E-01 -6.8274633582E-02  8.4463338760E-02  7.2827707874E-02
-0.0000  2.4994786591E-01 -6.9432631936E-02  8.9372882049E-02  7.4820054401E-02
 0.0125  2.5400228485E-01 -7.0598744738E-02  9.4415817856E-02  7.6841269197E-02
 0.0250  2.5819107718E-01 -7.1773124070E-02  9.9598347780E-02  7.8891095313E-02
 0.0375  2.6251997451E-01 -7.2955904160E-02  1.0492690505E-01  8.0969237417E-02
 0.0500  2.6699494764E-01 -7.4147198738E-02  1.1040816304E-01  8.3075359566E-02
 0.0625  2.7162221521E-01 -7.5347098272E-02  1.1604904415E-01  8.5209082918E-02
 0.0750  2.7640825290E-01 -7.6555667091E-02  1.2185672911E-01  8.7369983379E-02
 0.0875  2.8135980295E-01 -7.7772940390E-02  1.2783866679E-01  8.9557589196E-02
 0.1000  2.8648388427E-01 -7.8998921108E-02  1.3400258439E-01  9.1771378472E-02
 0.1125  2.9178780297E-01 -8.0233576672E-02  1.4035649819E-01  9.4010776624E-02
 0.1250  2.9727916351E-01 -8.1476835609E-02  1.4690872481E-01  9.6275153764E-02
 0.1375  3.0296588038E-01 -8.2728584020E-02  1.5366789308E-01  9.8563822014E-02
 0.1500  3.0885619035E-01 -8.3988661893E-02  1.6064295640E-01  1.0087603274E-01
 0.1625  3.1495866546E-01 -8.5256859285E-02  1.6784320590E-01  1.0321097371E-01
 0.1750  3.2128222657E-01 -8.6532912323E-02  1.7527828418E-01  1.0556776616E-01
 0.1875  3.2783615778E-01 -8.7816499054E-02  1.8295819983E-01  1.0794546182E-01
 0.2000  3.3463012147E-01 -8.9107235116E-02  1.9089334272E-01  1.1034303975E-01
 0.2125  3.4167417434E-01 -9.0404669236E-02  1.9909450023E-01  1.1275940319E-01
 0.2250  3.4897878421E-01 -9.1708278532E-02  2.0757287426E-01  1.1519337625E-01
 0.2375  3.5655484783E-01 -9.3017463633E-02  2.1634009939E-01  1.1764370049E-01
 0.2500  3.6441370976E-01 -9.4331543585E-02  2.2540826203E-01  1.2010903139E-01
 0.2625  3.7256718232E-01 -9.5649750559E-02  2.3478992079E-01  1.2258793468E-01
 0.2750  3.8102756676E-01 -9.6971224329E-02  2.4449812809E-01  1.2507888257E-01
 0.2875  3.8980767573E-01 -9.8295006533E-02  2.5454645322E-01  1.2758024977E-01
 0.3000  3.9892085720E-01 -9.9620034684E-02  2.6494900692E-01  1.3009030936E-01
 0.3125  4.0838101989E-01 -1.0094513594E-01  2.7572046758E-01  1.3260722846E-01
 0.3250  4.1820266044E-01 -1.0226902063E-01  2.8687610935E-01  1.3512906372E-01
 0.3375  4.2840089237E-01 -1.0359027545E-01  2.9843183225E-01  1.3765375646E-01
 0.3500  4.3899147711E-01 -1.0490735644E-01  3.1040419453E-01  1.4017912763E-01
 0.3625  4.4999085727E-01 -1.0621858166E-01  3.2281044752E-01  1.4270287238E-01
 0.3750  4.6141619237E-01 -1.0752212345E-01  3.3566857319E-01  1.4522255421E-01
 0.3875  4.7328539728E-01 -1.0881600047E-01  3.4899732480E-01  1.4773559869E-01
 0.4000  4.8561718369E-01 -1.1009806930E-01  3.6281627095E-01  1.5023928667E-01
 0.4125  4.9843110504E-01 -1.1136601568E-01  3.7714584348E-01  1.5273074673E-01
 0.4250  5.1174760506E-01 -1.1261734532E-01  3.9200738948E-01  1.5520694697E-01
 0.4375  5.2558807065E-01 -1.1384937423E-01  4.0742322825E-01  1.5766468575E-01
 0.4500  5.3997488948E-01 -1.1505921858E-01  4.2341671347E-01  1.6010058145E-01
 0.4625  5.5493151281E-01 -1.1624378394E-01  4.4001230146E-01  1.6251106069E-01
 0.4750  5.7048252449E-01 -1.1739975388E-01  4.5723562616E-01  1.6489234512E-01
 0.4875  5.8665371660E-01 -1.1852357792E-01  4.7511358186E-01  1.6724043609E-01
 0.5000  6.0347217293E-01 -1.1961145856E-01  4.9367441446E-01  1.6955109697E-01
 0.5125  6.2096636124E-01 -1.2065933736E-01  5.1294782255E-01  1.7181983267E-01
 0.5250  6.3916623549E-01 -1.2166287992E-01  5.3296506963E-01  1.7404186552E-01
 0.5375  6.5810334960E-01 -1.2261745953E-01  5.5375910876E-01  1.7621210706E-01
 0.5500  6.7781098438E-01 -1.2351813918E-01  5.7536472163E-01  1.7832512463E-01
 0.5625  6.9832428952E-01 -1.2435965181E-01  5.9781867372E-01  1.8037510181E-01
 0.5750  7.1968044299E-01 -1.2513637815E-01  6.2115988795E-01  1.8235579138E-01
 0.5875  7.4191883057E-01 -1.2584232195E-01  6.4542963934E-01  1.8426045924E-01
 0.6000  7.6508124851E-01 -1.2647108188E-01  6.7067177354E-01  1.8608181739E-01
 0.6125  7.8921213306E-01 -1.2701581940E-01  6.9693295263E-01  1.8781194384E-01
 0.6250  8.1435882115E-01 -1.2746922184E-01  7.2426293197E-01  1.8944218653E-01
 0.6375  8.4057184723E-01 -1.2782345950E-01  7.5271487260E-01  1.9096304825E-01
 0.6500  8.6790528209E-01 -1.2807013562E-01  7.8234569396E-01  1.9236404860E-01
 0.6625  8.9641712067E-01 -1.2820022752E-01  8.1321647292E-01  1.9363355821E-01
 0.6750  9.2616972687E-01 -1.2820401711E-01  8.4539289547E-01  1.9475859995E-01
 0.6875  9.5723034484E-01 -1.2807100834E-01  8.7894576878E-01  1.9572461032E-01
 0.7000  9.8967168795E-01 -1.2778982888E-01  9.1395160191E-01  1.9651515318E-01
 0.7125  1.0235726185E+00 -1.2734811242E-01  9.5049326525E-01  1.9711157652E-01
 0.7250  1.0590189332E+00 -1.2673235765E-01  9.8866073966E-01  1.9749260099E-01
 0.7375  1.0961042735E+00 -1.2592775874E-01  1.0285519683E+00  1.9763382702E-01
 0.7500  1.1349311798E+00 -1.2491800134E-01  1.0702738253E+00  1.9750714483E-01
 0.7625  1.1756123166E+00 -1.2368501676E-01  1.1139432186E+00  1.9708002849E-01
 0.7750  1.2182718968E+00 -1.2220868560E-01  1.1596883454E+00  1.9631469215E-01
 0.7875  1.2630473377E+00 -1.2046648022E-01  1.2076501217E+00  1.9516708212E-01
 0.8000  1.3100911917E+00 -1.1843303343E-01  1.2579838112E+00  1.9358567391E-01
 0.8125  1.3595733959E+00 -1.1607961824E-01  1.3108608811E+00  1.9151003778E-01
 0.8250  1.4116838967E+00 -1.1337352053E-01  1.3664711171E+00  1.8886912948E-01
 0.8375  1.4666357134E+00 -1.1027728291E-01  1.4250250338E+00  1.8557925553E-01
 0.8500  1.5246685166E+00 -1.0674779399E-01  1.4867566213E+00  1.8154165306E-01
 0.8625  1.5860528086E+00 -1.0273519222E-01  1.5519264764E+00  1.7663961364E-01
 0.8750  1.6510948098E+00 -9.8181547517E-02  1.6208253700E+00  1.7073506824E-01
 0.8875  1.7201421715E+00 -9.3019277243E-02  1.6937783129E+00  1.6366453595E-01
 0.9000  1.7935906560E+00 -8.7169244565E-02  1.7711491873E+00  1.5523432179E-01
 0.9125  1.8718919493E+00 -8.0538477892E-02  1.8533460230E+00  1.4521482969E-01
 0.9250  1.9555627982E+00 -7.3017438559E-02  1.9408270064E+00  1.3333383303E-01
 0.9375  2.0451956982E+00 -6.4476750649E-02  2.0341073220E+00  1.1926851856E-01
 0.9500  2.1414713929E+00 -5.4763291120E-02  2.1337669393E+00  1.0263608781E-01
 0.9625  2.2451734919E+00 -4.3695520007E-02  2.2404594751E+00  8.2982663835E-02
 0.9750  2.3572055656E+00 -3.1057908812E-02  2.3549222730E+00  5.9770208127E-02
 0.9875  2.4786111299E+00 -1.6594299898E-02  2.4779878667E+00  3.2361103376E-02
 1.0000  2.6105970092E+00  0.0000000000E+00  2.6105970092E+00  8.1812848689E-18
