lambda(um), Cext(cm^2/H), albedo, <cos>, # of angles
   0.61411  9.33978E-23   0.78595   0.58467   161
cos(theta),     S11,               S12,             S33,             S34
-1.0000  1.0586937190E-01  3.7881705412E-18 -1.0586937190E-01  1.0315790723E-18
-0.9875  1.0307980632E-01  2.2721808007E-03 -1.0283784516E-01  1.2594315428E-04
-0.9750  1.0068317239E-01  4.3201568675E-03 -9.9745325884E-02  1.8570442938E-04
-0.9625  9.8645591674E-02  6.1519876053E-03 -9.6600550148E-02  1.8808425860E-04
-0.9500  9.6935865025E-02  7.7761244039E-03 -9.3411927684E-02  1.4097909510E-04
-0.9375  9.5525251861E-02  9.2013031201E-03 -9.0187520807E-02  5.1476689173E-05
-0.9250  9.4387269714E-02  1.0436450014E-02 -8.6935027808E-02 -7.4058581116E-05
-0.9125  9.3497512228E-02  1.1490599810E-02 -8.3661770274E-02 -2.2990934237E-04
-0.9000  9.2833483844E-02  1.2372824658E-02 -8.0374683900E-02 -4.1093692613E-04
-0.8875  9.2374449622E-02  1.3092172887E-02 -7.7080312362E-02 -6.1252032290E-04
-0.8750  9.2101298733E-02  1.3657616534E-02 -7.3784803914E-02 -8.3050165035E-04
-0.8625  9.1996420344E-02  1.4078006723E-02 -7.0493910357E-02 -1.0611374646E-03
-0.8500  9.2043590679E-02  1.4362036052E-02 -6.7212988094E-02 -1.3010553063E-03
-0.8375  9.2227870197E-02  1.4518207220E-02 -6.3947001000E-02 -1.5472149308E-03
-0.8250  9.2535509898E-02  1.4554807205E-02 -6.0700524871E-02 -1.7968737247E-03
-0.8125  9.2953865854E-02  1.4479886355E-02 -5.7477753240E-02 -2.0475558573E-03
-0.8000  9.3471321181E-02  1.4301241821E-02 -5.4282504354E-02 -2.2970247641E-03
-0.7875  9.4077214711E-02  1.4026404828E-02 -5.1118229155E-02 -2.5432585929E-03
-0.7750  9.4761775693E-02  1.3662631296E-02 -4.7988020103E-02 -2.7844282869E-03
-0.7625  9.5516063952E-02  1.3216895404E-02 -4.4894620699E-02 -3.0188780067E-03
-0.7500  9.6331914943E-02  1.2695885717E-02 -4.1840435588E-02 -3.2451076264E-03
-0.7375  9.7201889233E-02  1.2106003529E-02 -3.8827541123E-02 -3.4617570675E-03
-0.7250  9.8119225963E-02  1.1453363121E-02 -3.5857696308E-02 -3.6675922551E-03
-0.7125  9.9077799912E-02  1.0743793651E-02 -3.2932354001E-02 -3.8614925093E-03
-0.7000  1.0007208179E-01  9.9828424460E-03 -3.0052672327E-02 -4.0424392003E-03
-0.6875  1.0109710148E-01  9.1757794585E-03 -2.7219526204E-02 -4.2095055170E-03
-0.6750  1.0214841388E-01  8.3276027046E-03 -2.4433518936E-02 -4.3618472156E-03
-0.6625  1.0322206721E-01  7.4430445055E-03 -2.1694993802E-02 -4.4986942286E-03
-0.6500  1.0431457338E-01  6.5265783793E-03 -1.9004045599E-02 -4.6193430293E-03
-0.6375  1.0542288044E-01  5.5824264462E-03 -1.6360532080E-02 -4.7231496591E-03
-0.6250  1.0654434673E-01  4.6145672277E-03 -1.3764085259E-02 -4.8095233358E-03
-0.6125  1.0767671672E-01  3.6267437342E-03 -1.1214122537E-02 -4.8779205707E-03
-0.6000  1.0881809826E-01  2.6224717479E-03 -8.7098576157E-03 -4.9278397326E-03
-0.5875  1.0996694128E-01  1.6050482210E-03 -6.2503111688E-03 -4.9588160023E-03
-0.5750  1.1112201769E-01  5.7755971819E-04 -3.8343212442E-03 -4.9704166712E-03
-0.5625  1.1228240247E-01 -4.5710915609E-04 -1.4605533716E-03 -4.9622367425E-03
-0.5500  1.1344745579E-01 -1.4962673994E-03  8.7248964706E-04 -4.9338947986E-03
-0.5375  1.1461680617E-01 -2.5374093651E-03  3.1664582868E-03 -4.8850291051E-03
-0.5250  1.1579033456E-01 -3.5782066675E-03  5.4231472042E-03 -4.8152939251E-03
-0.5125  1.1696815929E-01 -4.6165002688E-03  7.6444865172E-03 -4.7243560218E-03
-0.5000  1.1815062185E-01 -5.6502927758E-03  9.8325334750E-03 -4.6118913320E-03
-0.4875  1.1933827344E-01 -6.6777409665E-03  1.1989464531E-02 -4.4775817936E-03
-0.4750  1.2053186235E-01 -7.6971485653E-03  1.4117567838E-02 -4.3211123176E-03
-0.4625  1.2173232193E-01 -8.7069592801E-03  1.6219236167E-02 -4.1421678924E-03
-0.4500  1.2294075936E-01 -9.7057501116E-03  1.8296960274E-02 -3.9404308152E-03
-0.4375  1.2415844504E-01 -1.0692224942E-02  2.0353322721E-02 -3.7155780431E-03
-0.4250  1.2538680265E-01 -1.1665208411E-02  2.2390992152E-02 -3.4672786626E-03
-0.4125  1.2662739985E-01 -1.2623640072E-02  2.4412718054E-02 -3.1951914740E-03
-0.4000  1.2788193962E-01 -1.3566568848E-02  2.6421325989E-02 -2.8989626907E-03
-0.3875  1.2915225217E-01 -1.4493147763E-02  2.8419713327E-02 -2.5782237547E-03
-0.3750  1.3044028755E-01 -1.5402628964E-02  3.0410845473E-02 -2.2325892693E-03
-0.3625  1.3174810877E-01 -1.6294359022E-02  3.2397752604E-02 -1.8616550531E-03
-0.3500  1.3307788562E-01 -1.7167774507E-02  3.4383526919E-02 -1.4649963186E-03
-0.3375  1.3443188905E-01 -1.8022397829E-02  3.6371320423E-02 -1.0421659802E-03
-0.3250  1.3581248614E-01 -1.8857833348E-02  3.8364343228E-02 -5.9269309745E-04
-0.3125  1.3722213576E-01 -1.9673763725E-02  4.0365862403E-02 -1.1608145925E-04
-0.3000  1.3866338480E-01 -2.0469946529E-02  4.2379201368E-02  3.8819168384E-04
-0.2875  1.4013886497E-01 -2.1246211063E-02  4.4407739836E-02  9.2067673189E-04
-0.2750  1.4165129039E-01 -2.2002455430E-02  4.6454914325E-02  1.4819526850E-03
-0.2625  1.4320345564E-01 -2.2738643797E-02  4.8524219226E-02  2.0726279216E-03
-0.2500  1.4479823461E-01 -2.3454803865E-02  5.0619208455E-02  2.6933407966E-03
-0.2375  1.4643857993E-01 -2.4151024527E-02  5.2743497679E-02  3.3447600518E-03
-0.2250  1.4812752310E-01 -2.4827453699E-02  5.4900767134E-02  4.0275850288E-03
-0.2125  1.4986817534E-01 -2.5484296312E-02  5.7094765030E-02  4.7425456750E-03
-0.2000  1.5166372906E-01 -2.6121812457E-02  5.9329311572E-02  5.4904023351E-03
-0.1875  1.5351746020E-01 -2.6740315650E-02  6.1608303568E-02  6.2719453179E-03
-0.1750  1.5543273112E-01 -2.7340171232E-02  6.3935719672E-02  7.0879942293E-03
-0.1625  1.5741299443E-01 -2.7921794856E-02  6.6315626231E-02  7.9393970642E-03
-0.1500  1.5946179745E-01 -2.8485651072E-02  6.8752183769E-02  8.8270290479E-03
-0.1375  1.6158278756E-01 -2.9032251976E-02  7.1249654104E-02  9.7517912198E-03
-0.1250  1.6377971832E-01 -2.9562155913E-02  7.3812408105E-02  1.0714608752E-02
-0.1125  1.6605645645E-01 -3.0075966222E-02  7.6444934092E-02  1.1716428997E-02
-0.1000  1.6841698964E-01 -3.0574329995E-02  7.9151846902E-02  1.2758219257E-02
-0.0875  1.7086543527E-01 -3.1057936839E-02  8.1937897606E-02  1.3840964276E-02
-0.0750  1.7340605008E-01 -3.1527517626E-02  8.4807983905E-02  1.4965663440E-02
-0.0625  1.7604324067E-01 -3.1983843203E-02  8.7767161200E-02  1.6133327704E-02
-0.0500  1.7878157506E-01 -3.2427723059E-02  9.0820654348E-02  1.7344976220E-02
-0.0375  1.8162579519E-01 -3.2860003910E-02  9.3973870116E-02  1.8601632688E-02
-0.0250  1.8458083046E-01 -3.3281568214E-02  9.7232410347E-02  1.9904321432E-02
-0.0125  1.8765181232E-01 -3.3693332562E-02  1.0060208584E-01  2.1254063194E-02
-0.0000  1.9084408987E-01 -3.4096245967E-02  1.0408893094E-01  2.2651870672E-02
 0.0125  1.9416324670E-01 -3.4491287997E-02  1.0769921895E-01  2.4098743805E-02
 0.0250  1.9761511871E-01 -3.4879466771E-02  1.1143947820E-01  2.5595664824E-02
 0.0375  2.0120581323E-01 -3.5261816778E-02  1.1531650897E-01  2.7143593087E-02
 0.0500  2.0494172927E-01 -3.5639396515E-02  1.1933740120E-01  2.8743459720E-02
 0.0625  2.0882957901E-01 -3.6013285935E-02  1.2350955305E-01  3.0396162094E-02
 0.0750  2.1287641057E-01 -3.6384583694E-02  1.2784069025E-01  3.2102558168E-02
 0.0875  2.1708963209E-01 -3.6754404177E-02  1.3233888645E-01  3.3863460737E-02
 0.1000  2.2147703716E-01 -3.7123874321E-02  1.3701258444E-01  3.5679631623E-02
 0.1125  2.2604683153E-01 -3.7494130206E-02  1.4187061831E-01  3.7551775853E-02
 0.1250  2.3080766137E-01 -3.7866313425E-02  1.4692223678E-01  3.9480535886E-02
 0.1375  2.3576864290E-01 -3.8241567246E-02  1.5217712751E-01  4.1466485937E-02
 0.1500  2.4093939350E-01 -3.8621032548E-02  1.5764544262E-01  4.3510126467E-02
 0.1625  2.4633006439E-01 -3.9005843564E-02  1.6333782548E-01  4.5611878901E-02
 0.1750  2.5195137489E-01 -3.9397123433E-02  1.6926543886E-01  4.7772080655E-02
 0.1875  2.5781464831E-01 -3.9795979581E-02  1.7543999455E-01  4.9990980549E-02
 0.2000  2.6393184953E-01 -4.0203498959E-02  1.8187378455E-01  5.2268734689E-02
 0.2125  2.7031562431E-01 -4.0620743162E-02  1.8857971407E-01  5.4605402904E-02
 0.2250  2.7697934049E-01 -4.1048743464E-02  1.9557133641E-01  5.7000945838E-02
 0.2375  2.8393713102E-01 -4.1488495814E-02  2.0286289001E-01  5.9455222785E-02
 0.2500  2.9120393900E-01 -4.1940955824E-02  2.1046933782E-01  6.1967990359E-02
 0.2625  2.9879556492E-01 -4.2407033817E-02  2.1840640930E-01  6.4538902104E-02
 0.2750  3.0672871595E-01 -4.2887589976E-02  2.2669064535E-01  6.7167509132E-02
 0.2875  3.1502105777E-01 -4.3383429662E-02  2.3533944647E-01  6.9853261873E-02
 0.3000  3.2369126883E-01 -4.3895298967E-02  2.4437112454E-01  7.2595513019E-02
 0.3125  3.3275909743E-01 -4.4423880565E-02  2.5380495877E-01  7.5393521736E-02
 0.3250  3.4224542169E-01 -4.4969789940E-02  2.6366125608E-01  7.8246459189E-02
 0.3375  3.5217231287E-01 -4.5533572060E-02  2.7396141668E-01  8.1153415410E-02
 0.3500  3.6256310218E-01 -4.6115698575E-02  2.8472800547E-01  8.4113407523E-02
 0.3625  3.7344245165E-01 -4.6716565608E-02  2.9598482973E-01  8.7125389284E-02
 0.3750  3.8483642932E-01 -4.7336492204E-02  3.0775702431E-01  9.0188261879E-02
 0.3875  3.9677258954E-01 -4.7975719505E-02  3.2007114475E-01  9.3300885841E-02
 0.4000  4.0928005871E-01 -4.8634410692E-02  3.3295526980E-01  9.6462093913E-02
 0.4125  4.2238962745E-01 -4.9312651726E-02  3.4643911404E-01  9.9670704592E-02
 0.4250  4.3613384998E-01 -5.0010452906E-02  3.6055415225E-01  1.0292553600E-01
 0.4375  4.5054715172E-01 -5.0727751224E-02  3.7533375664E-01  1.0622541963E-01
 0.4500  4.6566594625E-01 -5.1464413453E-02  3.9081334873E-01  1.0956921338E-01
 0.4625  4.8152876319E-01 -5.2220239901E-02  4.0703056747E-01  1.1295581317E-01
 0.4750  4.9817638844E-01 -5.2994968640E-02  4.2402545572E-01  1.1638416217E-01
 0.4875  5.1565201870E-01 -5.3788280026E-02  4.4184066718E-01  1.1985325666E-01
 0.5000  5.3400143254E-01 -5.4599801193E-02  4.6052169616E-01  1.2336214701E-01
 0.5125  5.5327318043E-01 -5.5429110123E-02  4.8011713294E-01  1.2690993241E-01
 0.5250  5.7351879670E-01 -5.6275738792E-02  5.0067894774E-01  1.3049574718E-01
 0.5375  5.9479303678E-01 -5.7139174722E-02  5.2226280643E-01  1.3411873663E-01
 0.5500  6.1715414359E-01 -5.8018860147E-02  5.4492842183E-01  1.3777801958E-01
 0.5625  6.4066414752E-01 -5.8914187769E-02  5.6873994452E-01  1.4147263455E-01
 0.5750  6.6538920518E-01 -5.9824491887E-02  5.9376639756E-01  1.4520146591E-01
 0.5875  6.9139998261E-01 -6.0749033414E-02  6.2008216024E-01  1.4896314562E-01
 0.6000  7.1877208989E-01 -6.1686976980E-02  6.4776750598E-01  1.5275592569E-01
 0.6125  7.4758657459E-01 -6.2637357999E-02  6.7690920065E-01  1.5657751554E-01
 0.6250  7.7793048293E-01 -6.3599037137E-02  7.0760116755E-01  1.6042487758E-01
 0.6375  8.0989749858E-01 -6.4570639198E-02  7.3994522660E-01  1.6429397348E-01
 0.6500  8.4358867043E-01 -6.5550472872E-02  7.7405191527E-01  1.6817945216E-01
 0.6625  8.7911324220E-01 -6.6536427206E-02  8.1004140031E-01  1.7207426957E-01
 0.6750  9.1658959857E-01 -6.7525839940E-02  8.4804448949E-01  1.7596922868E-01
 0.6875  9.5614634434E-01 -6.8515332091E-02  8.8820375399E-01  1.7985242646E-01
 0.7000  9.9792353549E-01 -6.9500602206E-02  9.3067477275E-01  1.8370859311E-01
 0.7125  1.0420740833E+00 -7.0476172738E-02  9.7562751129E-01  1.8751830619E-01
 0.7250  1.0887653557E+00 -7.1435079792E-02  1.0232478487E+00  1.9125706064E-01
 0.7375  1.1381810026E+00 -7.2368496169E-02  1.0737392674E+00  1.9489417259E-01
 0.7500  1.1905230360E+00 -7.3265276166E-02  1.1273247230E+00  1.9839149223E-01
 0.7625  1.2460141997E+00 -7.4111408878E-02  1.1842487099E+00  2.0170189786E-01
 0.7750  1.3049006665E+00 -7.4889364857E-02  1.2447795447E+00  2.0476753936E-01
 0.7875  1.3674551066E+00 -7.5577318829E-02  1.3092118861E+00  2.0751779556E-01
 0.8000  1.4339801771E+00 -7.6148228774E-02  1.3778695155E+00  2.0986690552E-01
 0.8125  1.5048124861E+00 -7.6568748958E-02  1.4511084032E+00  2.1171122845E-01
 0.8250  1.5803270937E+00 -7.6797951458E-02  1.5293200869E+00  2.1292608198E-01
 0.8375  1.6609426187E+00 -7.6785827336E-02  1.6129353919E+00  2.1336210177E-01
 0.8500  1.7471270283E+00 -7.6471534779E-02  1.7024285254E+00  2.1284105894E-01
 0.8625  1.8394041962E+00 -7.5781357267E-02  1.7983215798E+00  2.1115106430E-01
 0.8750  1.9383613271E+00 -7.4626330076E-02  1.9011894816E+00  2.0804107941E-01
 0.8875  2.0446573536E+00 -7.2899488065E-02  2.0116654278E+00  2.0321464592E-01
 0.9000  2.1590324265E+00 -7.0472681795E-02  2.1304468533E+00  1.9632273343E-01
 0.9125  2.2823186328E+00 -6.7192902382E-02  2.2583019769E+00  1.8695559550E-01
 0.9250  2.4154520892E+00 -6.2878048142E-02  2.3960769793E+00  1.7463351002E-01
 0.9375  2.5594865790E+00 -5.7312057861E-02  2.5447038657E+00  1.5879626659E-01
 0.9500  2.7156089156E+00 -5.0239326431E-02  2.7052090774E+00  1.3879124789E-01
 0.9625  2.8851562397E+00 -4.1358308462E-02  2.8787229142E+00  1.1385993495E-01
 0.9750  3.0696354772E+00 -3.0314204233E-02  3.0664898398E+00  8.3122647226E-02
 0.9875  3.2707452125E+00 -1.6690609893E-02  3.2698797463E+00  4.5561307673E-02
 1.0000  3.4904002581E+00  0.0000000000E+00  3.4904002581E+00 -7.5347140961E-18
