lambda(um), Cext(cm^2/H), albedo, <cos>, # of angles
   0.65800  8.36373E-23   0.78927   0.57365   161
cos(theta),     S11,               S12,             S33,             S34
-1.0000  1.0770122285E-01  2.7460729528E-18 -1.0770122285E-01  1.4042761189E-18
-0.9875  1.0507821351E-01  1.3677052026E-03 -1.0488622053E-01 -3.1409829786E-04
-0.9750  1.0280305432E-01  2.6263910150E-03 -1.0205636602E-01 -6.5603406201E-04
-0.9625  1.0084597395E-01  3.7742612261E-03 -9.9212070758E-02 -1.0177902431E-03
-0.9500  9.9179784079E-02  4.8105282379E-03 -9.6354145843E-02 -1.3924511328E-03
-0.9375  9.7779647572E-02  5.7352830149E-03 -9.3483733561E-02 -1.7740763455E-03
-0.9250  9.6622867732E-02  6.5493775581E-03 -9.0602246351E-02 -2.1575871893E-03
-0.9125  9.5688696697E-02  7.2543188721E-03 -8.7711312517E-02 -2.5386643378E-03
-0.9000  9.4958161412E-02  7.8521734649E-03 -8.4812728044E-02 -2.9136557950E-03
-0.8875  9.4413905647E-02  8.3454814933E-03 -8.1908413907E-02 -3.2794942318E-03
-0.8750  9.4040046639E-02  8.7371797312E-03 -7.9000378350E-02 -3.6336228412E-03
-0.8625  9.3822045111E-02  9.0305325980E-03 -7.6090683625E-02 -3.9739289342E-03
-0.8500  9.3746587444E-02  9.2290705449E-03 -7.3181416769E-02 -4.2986845581E-03
-0.8375  9.3801478957E-02  9.3365351472E-03 -7.0274663991E-02 -4.6064934816E-03
-0.8250  9.3975547260E-02  9.3568303028E-03 -6.7372488320E-02 -4.8962439433E-03
-0.8125  9.4258554805E-02  9.2939789826E-03 -6.4476910162E-02 -5.1670666133E-03
-0.8000  9.4641119756E-02  9.1520850228E-03 -6.1589890483E-02 -5.4182972647E-03
-0.7875  9.5114644447E-02  8.9352994877E-03 -5.8713316324E-02 -5.6494436929E-03
-0.7750  9.5671250702E-02  8.6477911726E-03 -5.5848988419E-02 -5.8601564638E-03
-0.7625  9.6303721383E-02  8.2937208474E-03 -5.2998610671E-02 -6.0502031073E-03
-0.7500  9.7005447580E-02  7.8772188771E-03 -5.0163781294E-02 -6.2194454067E-03
-0.7375  9.7770380905E-02  7.4023658845E-03 -4.7345985436E-02 -6.3678194675E-03
-0.7250  9.8592990406E-02  6.8731761472E-03 -4.4546589112E-02 -6.4953182757E-03
-0.7125  9.9468223647E-02  6.2935834505E-03 -4.1766834296E-02 -6.6019764850E-03
-0.7000  1.0039147156E-01  5.6674291367E-03 -3.9007835033E-02 -6.6878571945E-03
-0.6875  1.0135853672E-01  4.9984521195E-03 -3.6270574456E-02 -6.7530405029E-03
-0.6750  1.0236560460E-01  4.2902806466E-03 -3.3555902590E-02 -6.7976136438E-03
-0.6625  1.0340921775E-01  3.5464256196E-03 -3.0864534832E-02 -6.8216625283E-03
-0.6500  1.0448625228E-01  2.7702752902E-03 -2.8197051037E-02 -6.8252645349E-03
-0.6375  1.0559389674E-01  1.9650911757E-03 -2.5553895112E-02 -6.8084824066E-03
-0.6250  1.0672963290E-01  1.1340050448E-03 -2.2935375042E-02 -6.7713591254E-03
-0.6125  1.0789121845E-01  2.8001684475E-04 -2.0341663289E-02 -6.7139136520E-03
-0.6000  1.0907667127E-01 -5.9400655239E-04 -1.7772797496E-02 -6.6361374256E-03
-0.5875  1.1028425517E-01 -1.4853318890E-03 -1.5228681448E-02 -6.5379915356E-03
-0.5750  1.1151246700E-01 -2.3913594456E-03 -1.2709086223E-02 -6.4194044802E-03
-0.5625  1.1276002495E-01 -3.3096224348E-03 -1.0213651514E-02 -6.2802704430E-03
-0.5500  1.1402585787E-01 -4.2377859437E-03 -7.7418870509E-03 -6.1204480211E-03
-0.5375  1.1530909564E-01 -5.1736454939E-03 -5.2931741079E-03 -5.9397593498E-03
-0.5250  1.1660906041E-01 -6.1151252816E-03 -2.8667670519E-03 -5.7379895728E-03
-0.5125  1.1792525857E-01 -7.0602761525E-03 -4.6179490059E-04 -5.5148866155E-03
-0.5000  1.1925737360E-01 -8.0072733592E-03  1.9227371345E-03 -5.2701612231E-03
-0.4875  1.2060525941E-01 -8.9544141457E-03  4.2879461482E-03 -5.0034872296E-03
-0.4750  1.2196893444E-01 -9.9001151947E-03  6.6350701073E-03 -4.7145020309E-03
-0.4625  1.2334857626E-01 -1.0842909971E-02  8.9654665039E-03 -4.4028072360E-03
-0.4500  1.2474451666E-01 -1.1781445991E-02  1.1280611116E-02 -4.0679694758E-03
-0.4375  1.2615723737E-01 -1.2714482035E-02  1.3582096893E-02 -3.7095213536E-03
-0.4250  1.2758736605E-01 -1.3640885336E-02  1.5871632981E-02 -3.3269625196E-03
-0.4125  1.2903567288E-01 -1.4559628750E-02  1.8151043911E-02 -2.9197608602E-03
-0.4000  1.3050306746E-01 -1.5469787927E-02  2.0422268949E-02 -2.4873537911E-03
-0.3875  1.3199059618E-01 -1.6370538494E-02  2.2687361637E-02 -2.0291496456E-03
-0.3750  1.3349943992E-01 -1.7261153259E-02  2.4948489524E-02 -1.5445291543E-03
-0.3625  1.3503091217E-01 -1.8140999441E-02  2.7207934112E-02 -1.0328470087E-03
-0.3500  1.3658645751E-01 -1.9009535935E-02  2.9468091004E-02 -4.9343350837E-04
-0.3375  1.3816765044E-01 -1.9866310607E-02  3.1731470297E-02  7.4403712282E-05
-0.3250  1.3977619460E-01 -2.0710957630E-02  3.4000697191E-02  6.7137787825E-04
-0.3125  1.4141392232E-01 -2.1543194852E-02  3.6278512854E-02  1.2982211895E-03
-0.3000  1.4308279462E-01 -2.2362821199E-02  3.8567775534E-02  1.9556828578E-03
-0.2875  1.4478490145E-01 -2.3169714111E-02  4.0871461925E-02  2.6445270646E-03
-0.2750  1.4652246246E-01 -2.3963827001E-02  4.3192668801E-02  3.3655308382E-03
-0.2625  1.4829782801E-01 -2.4745186745E-02  4.5534614919E-02  4.1194818506E-03
-0.2500  1.5011348071E-01 -2.5513891177E-02  4.7900643203E-02  4.9071761314E-03
-0.2375  1.5197203725E-01 -2.6270106607E-02  5.0294223201E-02  5.7294156988E-03
-0.2250  1.5387625073E-01 -2.7014065335E-02  5.2718953837E-02  6.5870061080E-03
-0.2125  1.5582901334E-01 -2.7746063166E-02  5.5178566457E-02  7.4807539138E-03
-0.2000  1.5783335953E-01 -2.8466456908E-02  5.7676928164E-02  8.4114640511E-03
-0.1875  1.5989246959E-01 -2.9175661860E-02  6.0218045469E-02  9.3799371318E-03
-0.1750  1.6200967377E-01 -2.9874149263E-02  6.2806068240E-02  1.0386966661E-02
-0.1625  1.6418845674E-01 -3.0562443726E-02  6.5445293971E-02  1.1433336171E-02
-0.1500  1.6643246266E-01 -3.1241120593E-02  6.8140172369E-02  1.2519816290E-02
-0.1375  1.6874550070E-01 -3.1910803275E-02  7.0895310262E-02  1.3647161722E-02
-0.1250  1.7113155105E-01 -3.2572160508E-02  7.3715476851E-02  1.4816108184E-02
-0.1125  1.7359477157E-01 -3.3225903549E-02  7.6605609287E-02  1.6027369263E-02
-0.1000  1.7613950481E-01 -3.3872783294E-02  7.9570818601E-02  1.7281633240E-02
-0.0875  1.7877028575E-01 -3.4513587316E-02  8.2616395993E-02  1.8579559867E-02
-0.0750  1.8149185004E-01 -3.5149136810E-02  8.5747819477E-02  1.9921777118E-02
-0.0625  1.8430914282E-01 -3.5780283442E-02  8.8970760911E-02  2.1308877924E-02
-0.0500  1.8722732817E-01 -3.6407906108E-02  9.2291093407E-02  2.2741416911E-02
-0.0375  1.9025179916E-01 -3.7032907573E-02  9.5714899151E-02  2.4219907160E-02
-0.0250  1.9338818856E-01 -3.7656211015E-02  9.9248477636E-02  2.5744816999E-02
-0.0125  1.9664238013E-01 -3.8278756457E-02  1.0289835434E-01  2.7316566859E-02
-0.0000  2.0002052065E-01 -3.8901497088E-02  1.0667128985E-01  2.8935526215E-02
 0.0125  2.0352903255E-01 -3.9525395473E-02  1.1057428950E-01  3.0602010635E-02
 0.0250  2.0717462729E-01 -4.0151419662E-02  1.1461461347E-01  3.2316278967E-02
 0.0375  2.1096431939E-01 -4.0780539190E-02  1.1879978748E-01  3.4078530702E-02
 0.0500  2.1490544122E-01 -4.1413720987E-02  1.2313761404E-01  3.5888903530E-02
 0.0625  2.1900565851E-01 -4.2051925192E-02  1.2763618433E-01  3.7747471144E-02
 0.0750  2.2327298657E-01 -4.2696100892E-02  1.3230389076E-01  3.9654241318E-02
 0.0875  2.2771580736E-01 -4.3347181789E-02  1.3714944023E-01  4.1609154291E-02
 0.1000  2.3234288730E-01 -4.4006081819E-02  1.4218186820E-01  4.3612081522E-02
 0.1125  2.3716339585E-01 -4.4673690723E-02  1.4741055363E-01  4.5662824838E-02
 0.1250  2.4218692503E-01 -4.5350869612E-02  1.5284523483E-01  4.7761116021E-02
 0.1375  2.4742350970E-01 -4.6038446522E-02  1.5849602637E-01  4.9906616893E-02
 0.1500  2.5288364881E-01 -4.6737212000E-02  1.6437343708E-01  5.2098919929E-02
 0.1625  2.5857832753E-01 -4.7447914740E-02  1.7048838932E-01  5.4337549451E-02
 0.1750  2.6451904037E-01 -4.8171257295E-02  1.7685223964E-01  5.6621963438E-02
 0.1875  2.7071781532E-01 -4.8907891903E-02  1.8347680093E-01  5.8951556012E-02
 0.2000  2.7718723913E-01 -4.9658416443E-02  1.9037436622E-01  6.1325660613E-02
 0.2125  2.8394048359E-01 -5.0423370582E-02  1.9755773441E-01  6.3743553914E-02
 0.2250  2.9099133324E-01 -5.1203232114E-02  2.0504023801E-01  6.6204460510E-02
 0.2375  2.9835421421E-01 -5.1998413558E-02  2.1283577315E-01  6.8707558375E-02
 0.2500  3.0604422463E-01 -5.2809259031E-02  2.2095883216E-01  7.1251985136E-02
 0.2625  3.1407716656E-01 -5.3636041440E-02  2.2942453892E-01  7.3836845125E-02
 0.2750  3.2246957958E-01 -5.4478960031E-02  2.3824868739E-01  7.6461217228E-02
 0.2875  3.3123877637E-01 -5.5338138323E-02  2.4744778350E-01  7.9124163484E-02
 0.3000  3.4040288034E-01 -5.6213622454E-02  2.5703909097E-01  8.1824738377E-02
 0.3125  3.4998086554E-01 -5.7105379976E-02  2.6704068133E-01  8.4561998758E-02
 0.3250  3.5999259934E-01 -5.8013299106E-02  2.7747148866E-01  8.7335014295E-02
 0.3375  3.7045888788E-01 -5.8937188450E-02  2.8835136960E-01  9.0142878293E-02
 0.3500  3.8140152498E-01 -5.9876777203E-02  2.9970116907E-01  9.2984718738E-02
 0.3625  3.9284334478E-01 -6.0831715801E-02  3.1154279246E-01  9.5859709317E-02
 0.3750  4.0480827857E-01 -6.1801577018E-02  3.2389928489E-01  9.8767080165E-02
 0.3875  4.1732141654E-01 -6.2785857436E-02  3.3679491828E-01  1.0170612799E-01
 0.4000  4.3040907502E-01 -6.3783979245E-02  3.5025528708E-01  1.0467622521E-01
 0.4125  4.4409887000E-01 -6.4795292253E-02  3.6430741358E-01  1.0767682754E-01
 0.4250  4.5841979772E-01 -6.5819075989E-02  3.7897986373E-01  1.1070747962E-01
 0.4375  4.7340232352E-01 -6.6854541734E-02  3.9430287458E-01  1.1376781785E-01
 0.4500  4.8907847986E-01 -6.7900834258E-02  4.1030849452E-01  1.1685756977E-01
 0.4625  5.0548197499E-01 -6.8957033014E-02  4.2703073760E-01  1.1997654902E-01
 0.4750  5.2264831365E-01 -7.0022152457E-02  4.4450575335E-01  1.2312464487E-01
 0.4875  5.4061493145E-01 -7.1095141103E-02  4.6277201365E-01  1.2630180508E-01
 0.5000  5.5942134493E-01 -7.2174878853E-02  4.8187051823E-01  1.2950801070E-01
 0.5125  5.7910931936E-01 -7.3260172028E-02  5.0184502076E-01  1.3274324122E-01
 0.5250  5.9972305670E-01 -7.4349745456E-02  5.2274227743E-01  1.3600742818E-01
 0.5375  6.2130940651E-01 -7.5442230811E-02  5.4461232021E-01  1.3930039527E-01
 0.5500  6.4391810288E-01 -7.6536150315E-02  5.6750875704E-01  1.4262178243E-01
 0.5625  6.6760203085E-01 -7.7629894721E-02  5.9148910170E-01  1.4597095125E-01
 0.5750  6.9241752612E-01 -7.8721694344E-02  6.1661513589E-01  1.4934686872E-01
 0.5875  7.1842471266E-01 -7.9809581709E-02  6.4295330667E-01  1.5274796577E-01
 0.6000  7.4568788291E-01 -8.0891344171E-02  6.7057516247E-01  1.5617196670E-01
 0.6125  7.7427592621E-01 -8.1964464606E-02  6.9955783115E-01  1.5961568519E-01
 0.6250  8.0426281158E-01 -8.3026048009E-02  7.2998454391E-01  1.6307478188E-01
 0.6375  8.3572813173E-01 -8.4072731518E-02  7.6194520931E-01  1.6654347797E-01
 0.6500  8.6875771600E-01 -8.5100575037E-02  7.9553704160E-01  1.7001421867E-01
 0.6625  9.0344432092E-01 -8.6104929250E-02  8.3086524841E-01  1.7347727953E-01
 0.6750  9.3988840775E-01 -8.7080277382E-02  8.6804378280E-01  1.7692030781E-01
 0.6875  9.7819901788E-01 -8.8020046574E-02  9.0719616545E-01  1.8032779029E-01
 0.7000  1.0184947578E+00 -8.8916384220E-02  9.4845638284E-01  1.8368043782E-01
 0.7125  1.0609049069E+00 -8.9759893999E-02  9.9196986804E-01  1.8695447574E-01
 0.7250  1.1055706629E+00 -9.0539325684E-02  1.0378945712E+00  1.9012082830E-01
 0.7375  1.1526465404E+00 -9.1241212063E-02  1.0864021270E+00  1.9314418360E-01
 0.7500  1.2023019423E+00 -9.1849445496E-02  1.1376791277E+00  1.9598192437E-01
 0.7625  1.2547229215E+00 -9.2344785735E-02  1.1919285097E+00  1.9858290809E-01
 0.7750  1.3101141580E+00 -9.2704289607E-02  1.2493710641E+00  2.0088607826E-01
 0.7875  1.3687011727E+00 -9.2900652083E-02  1.3102470803E+00  2.0281888664E-01
 0.8000  1.4307328081E+00 -9.2901447009E-02  1.3748181339E+00  2.0429550422E-01
 0.8125  1.4964840031E+00 -9.2668254432E-02  1.4433690311E+00  2.0521479622E-01
 0.8250  1.5662588968E+00 -9.2155659962E-02  1.5162099210E+00  2.0545803399E-01
 0.8375  1.6403942968E+00 -9.1310109975E-02  1.5936785895E+00  2.0488631359E-01
 0.8500  1.7192635519E+00 -9.0068604626E-02  1.6761429503E+00  2.0333764815E-01
 0.8625  1.8032808750E+00 -8.8357208694E-02  1.7640037462E+00  2.0062369736E-01
 0.8750  1.8929061624E+00 -8.6089358033E-02  1.8576974791E+00  1.9652609396E-01
 0.8875  1.9886503662E+00 -8.3163937053E-02  1.9576995854E+00  1.9079232299E-01
 0.9000  2.0910814755E+00 -7.9463099962E-02  2.0645278753E+00  1.8313110514E-01
 0.9125  2.2008311748E+00 -7.4849805621E-02  2.1787462571E+00  1.7320723078E-01
 0.9250  2.3186022473E+00 -6.9165032684E-02  2.3009687670E+00  1.6063578600E-01
 0.9375  2.4451768044E+00 -6.2224638174E-02  2.4318639281E+00  1.4497570606E-01
 0.9500  2.5814254251E+00 -5.3815818865E-02  2.5721594629E+00  1.2572258586E-01
 0.9625  2.7283173012E+00 -4.3693130602E-02  2.7226473849E+00  1.0230066956E-01
 0.9750  2.8869314903E+00 -3.1574016147E-02  2.8841894983E+00  7.4053934754E-02
 0.9875  3.0584693904E+00 -1.7133787104E-02  3.0577233350E+00  4.0236178006E-02
 1.0000  3.2442685601E+00  0.0000000000E+00  3.2442685601E+00  1.2467837084E-17
