lambda(um), Cext(cm^2/H), albedo, <cos>, # of angles
   0.65630  8.39881E-23   0.78921   0.57411   161
cos(theta),     S11,               S12,             S33,             S34
-1.0000  1.0757733519E-01  4.6552353782E-18 -1.0757733519E-01 -3.8971820906E-19
-0.9875  1.0495250254E-01  1.3999503656E-03 -1.0475895332E-01 -3.0133791389E-04
-0.9750  1.0267648880E-01  2.6870365980E-03 -1.0192382535E-01 -6.3115243209E-04
-0.9625  1.0071944679E-01  3.8597553155E-03 -9.9072643868E-02 -9.8146715959E-04
-0.9500  9.9054112259E-02  4.9175968507E-03 -9.6206478506E-02 -1.3453979887E-03
-0.9375  9.7655572234E-02  5.8609153526E-03 -9.3326708923E-02 -1.7170279079E-03
-0.9250  9.6501054529E-02  6.6908115008E-03 -9.0434965113E-02 -2.0912941656E-03
-0.9125  9.5569736393E-02  7.4090267845E-03 -8.7533074397E-02 -2.4638866965E-03
-0.9000  9.4842570762E-02  8.0178483738E-03 -8.4623014425E-02 -2.8311568031E-03
-0.8875  9.4302128541E-02  8.5200236845E-03 -8.1706871608E-02 -3.1900351692E-03
-0.8750  9.3932455531E-02  8.9186838028E-03 -7.8786804440E-02 -3.5379583528E-03
-0.8625  9.3718942704E-02  9.2172750000E-03 -7.5865011222E-02 -3.8728029799E-03
-0.8500  9.3648208639E-02  9.4194976253E-03 -7.2943701757E-02 -4.1928269210E-03
-0.8375  9.3707993037E-02  9.5292517186E-03 -7.0025072603E-02 -4.4966167958E-03
-0.8250  9.3887060309E-02  9.5505887385E-03 -6.7111285532E-02 -4.7830412032E-03
-0.8125  9.4175112318E-02  9.4876688448E-03 -6.4204448849E-02 -5.0512091275E-03
-0.8000  9.4562709448E-02  9.3447232212E-03 -6.1306601292E-02 -5.3004330176E-03
-0.7875  9.5041199217E-02  9.1260209650E-03 -5.8419698227E-02 -5.5301960801E-03
-0.7750  9.5602651743E-02  8.8358401073E-03 -5.5545599891E-02 -5.7401233671E-03
-0.7625  9.6239801405E-02  8.4784423639E-03 -5.2686061475E-02 -5.9299562777E-03
-0.7500  9.6945994132E-02  8.0580512503E-03 -4.9842724832E-02 -6.0995301244E-03
-0.7375  9.7715139771E-02  7.5788332237E-03 -4.7017111633E-02 -6.2487544493E-03
-0.7250  9.8541669048E-02  7.0448815448E-03 -4.4210617800E-02 -6.3775958034E-03
-0.7125  9.9420494683E-02  6.4602025759E-03 -4.1424509087E-02 -6.4860627268E-03
-0.7000  1.0034697625E-01  5.8287042608E-03 -3.8659917636E-02 -6.5741926963E-03
-0.6875  1.0131688842E-01  5.1541865482E-03 -3.5917839433E-02 -6.6420408252E-03
-0.6750  1.0232639226E-01  4.4403335478E-03 -3.3199132511E-02 -6.6896701231E-03
-0.6625  1.0337200923E-01  3.6907072220E-03 -3.0504515831E-02 -6.7171431421E-03
-0.6500  1.0445059777E-01  2.9087424375E-03 -2.7834568730E-02 -6.7245148518E-03
-0.6375  1.0555933194E-01  2.0977432156E-03 -2.5189730866E-02 -6.7118266034E-03
-0.6250  1.0669568225E-01  1.2608800360E-03 -2.2570302590E-02 -6.6791010554E-03
-0.6125  1.0785739814E-01  4.0118806294E-04 -1.9976445655E-02 -6.6263379490E-03
-0.6000  1.0904249220E-01 -4.7843382702E-04 -1.7408184236E-02 -6.5535106301E-03
-0.5875  1.1024922577E-01 -1.3752233197E-03 -1.4865406177E-02 -6.4605632294E-03
-0.5750  1.1147609591E-01 -2.2865543392E-03 -1.2347864428E-02 -6.3474084193E-03
-0.5625  1.1272182353E-01 -3.2099362103E-03 -9.8551786243E-03 -6.2139256767E-03
-0.5500  1.1398534260E-01 -4.1430123844E-03 -7.3868367775E-03 -6.0599599885E-03
-0.5375  1.1526579034E-01 -5.0835587985E-03 -4.9421970187E-03 -5.8853209445E-03
-0.5250  1.1656249830E-01 -6.0294819284E-03 -2.5204893819E-03 -5.6897821677E-03
-0.5125  1.1787498418E-01 -6.9788165899E-03 -1.2081758657E-04 -5.4730810415E-03
-0.5000  1.1920294446E-01 -7.9297235372E-03  2.2578392072E-03 -5.2349186942E-03
-0.4875  1.2054624764E-01 -8.8804868990E-03  4.6166246957E-03 -4.9749602098E-03
-0.4750  1.2190492810E-01 -9.8295114906E-03  6.9568038042E-03 -4.6928350374E-03
-0.4625  1.2327918059E-01 -1.0775320034E-02  9.2797611565E-03 -4.3881375744E-03
-0.4500  1.2466935510E-01 -1.1716550310E-02  1.1586999661E-02 -4.0604279042E-03
-0.4375  1.2607595240E-01 -1.2651952277E-02  1.3880139232E-02 -3.7092326719E-03
-0.4250  1.2749961992E-01 -1.3580385158E-02  1.6160915659E-02 -3.3340460819E-03
-0.4125  1.2894114810E-01 -1.4500814529E-02  1.8431179647E-02 -2.9343310080E-03
-0.4000  1.3040146719E-01 -1.5412309420E-02  2.0692896031E-02 -2.5095202054E-03
-0.3875  1.3188164438E-01 -1.6314039428E-02  2.2948143190E-02 -2.0590176182E-03
-0.3750  1.3338288144E-01 -1.7205271864E-02  2.5199112656E-02 -1.5821997755E-03
-0.3625  1.3490651259E-01 -1.8085368933E-02  2.7448108951E-02 -1.0784172732E-03
-0.3500  1.3645400290E-01 -1.8953784958E-02  2.9697549638E-02 -5.4699633839E-04
-0.3375  1.3802694693E-01 -1.9810063636E-02  3.1949965615E-02  1.2759525770E-05
-0.3250  1.3962706783E-01 -2.0653835347E-02  3.4208001655E-02  6.0156781500E-04
-0.3125  1.4125621680E-01 -2.1484814500E-02  3.6474417186E-02  1.2201652191E-03
-0.3000  1.4291637284E-01 -2.2302796916E-02  3.8752087346E-02  1.8693057363E-03
-0.2875  1.4460964304E-01 -2.3107657257E-02  4.1044004297E-02  2.5497587071E-03
-0.2750  1.4633826308E-01 -2.3899346477E-02  4.3353278816E-02  3.2623067642E-03
-0.2625  1.4810459823E-01 -2.4677889312E-02  4.5683142161E-02  4.0077436994E-03
-0.2500  1.4991114478E-01 -2.5443381780E-02  4.8036948232E-02  4.7868722446E-03
-0.2375  1.5176053173E-01 -2.6195988707E-02  5.0418176019E-02  5.6005017664E-03
-0.2250  1.5365552308E-01 -2.6935941255E-02  5.2830432346E-02  6.4494458726E-03
-0.2125  1.5559902045E-01 -2.7663534452E-02  5.5277454921E-02  7.3345199304E-03
-0.2000  1.5759406613E-01 -2.8379124717E-02  5.7763115698E-02  8.2565384959E-03
-0.1875  1.5964384668E-01 -2.9083127363E-02  6.0291424540E-02  9.2163126561E-03
-0.1750  1.6175169692E-01 -2.9776014085E-02  6.2866533218E-02  1.0214647283E-02
-0.1625  1.6392110441E-01 -3.0458310406E-02  6.5492739716E-02  1.1252338203E-02
-0.1500  1.6615571449E-01 -3.1130593088E-02  6.8174492882E-02  1.2330169284E-02
-0.1375  1.6845933575E-01 -3.1793487486E-02  7.0916397401E-02  1.3448909446E-02
-0.1250  1.7083594610E-01 -3.2447664854E-02  7.3723219122E-02  1.4609309598E-02
-0.1125  1.7328969934E-01 -3.3093839568E-02  7.6599890721E-02  1.5812099508E-02
-0.1000  1.7582493227E-01 -3.3732766292E-02  7.9551517730E-02  1.7057984617E-02
-0.0875  1.7844617243E-01 -3.4365237046E-02  8.2583384929E-02  1.8347642804E-02
-0.0750  1.8115814639E-01 -3.4992078194E-02  8.5700963104E-02  1.9681721112E-02
-0.0625  1.8396578862E-01 -3.5614147338E-02  8.8909916203E-02  2.1060832457E-02
-0.0500  1.8687425101E-01 -3.6232330099E-02  9.2216108879E-02  2.2485552319E-02
-0.0375  1.8988891302E-01 -3.6847536808E-02  9.5625614445E-02  2.3956415450E-02
-0.0250  1.9301539248E-01 -3.7460699076E-02  9.9144723263E-02  2.5473912606E-02
-0.0125  1.9625955696E-01 -3.8072766261E-02  1.0277995157E-01  2.7038487327E-02
-0.0000  1.9962753598E-01 -3.8684701814E-02  1.0653805076E-01  2.8650532793E-02
 0.0125  2.0312573377E-01 -3.9297479523E-02  1.1042601721E-01  3.0310388779E-02
 0.0250  2.0676084276E-01 -3.9912079634E-02  1.1445110252E-01  3.2018338734E-02
 0.0375  2.1053985788E-01 -4.0529484879E-02  1.1862082445E-01  3.3774607024E-02
 0.0500  2.1447009144E-01 -4.1150676388E-02  1.2294297826E-01  3.5579356362E-02
 0.0625  2.1855918891E-01 -4.1776629520E-02  1.2742564886E-01  3.7432685467E-02
 0.0750  2.2281514539E-01 -4.2408309592E-02  1.3207722351E-01  3.9334626992E-02
 0.0875  2.2724632286E-01 -4.3046667553E-02  1.3690640532E-01  4.1285145747E-02
 0.1000  2.3186146829E-01 -4.3692635578E-02  1.4192222747E-01  4.3284137283E-02
 0.1125  2.3666973250E-01 -4.4347122632E-02  1.4713406837E-01  4.5331426853E-02
 0.1250  2.4168068997E-01 -4.5011009997E-02  1.5255166767E-01  4.7426768820E-02
 0.1375  2.4690435948E-01 -4.5685146800E-02  1.5818514341E-01  4.9569846536E-02
 0.1500  2.5235122561E-01 -4.6370345551E-02  1.6404501019E-01  5.1760272760E-02
 0.1625  2.5803226130E-01 -4.7067377731E-02  1.7014219864E-01  5.3997590639E-02
 0.1750  2.6395895130E-01 -4.7776969441E-02  1.7648807623E-01  5.6281275317E-02
 0.1875  2.7014331675E-01 -4.8499797164E-02  1.8309446961E-01  5.8610736201E-02
 0.2000  2.7659794076E-01 -4.9236483648E-02  1.8997368865E-01  6.0985319933E-02
 0.2125  2.8333599523E-01 -4.9987593960E-02  1.9713855223E-01  6.3404314102E-02
 0.2250  2.9037126892E-01 -5.0753631749E-02  2.0460241624E-01  6.5866951726E-02
 0.2375  2.9771819674E-01 -5.1535035738E-02  2.1237920366E-01  6.8372416532E-02
 0.2500  3.0539189069E-01 -5.2332176499E-02  2.2048343739E-01  7.0919849043E-02
 0.2625  3.1340817213E-01 -5.3145353543E-02  2.2893027565E-01  7.3508353477E-02
 0.2750  3.2178360603E-01 -5.3974792754E-02  2.3773555070E-01  7.6137005459E-02
 0.2875  3.3053553687E-01 -5.4820644218E-02  2.4691581084E-01  7.8804860499E-02
 0.3000  3.3968212688E-01 -5.5682980459E-02  2.5648836641E-01  8.1510963203E-02
 0.3125  3.4924239642E-01 -5.6561795128E-02  2.6647133985E-01  8.4254357151E-02
 0.3250  3.5923626716E-01 -5.7457002148E-02  2.7688372066E-01  8.7034095322E-02
 0.3375  3.6968460807E-01 -5.8368435350E-02  2.8774542550E-01  8.9849250958E-02
 0.3500  3.8060928482E-01 -5.9295848582E-02  2.9907736406E-01  9.2698928685E-02
 0.3625  3.9203321294E-01 -6.0238916297E-02  3.1090151140E-01  9.5582275674E-02
 0.3750  4.0398041516E-01 -6.1197234589E-02  3.2324098739E-01  9.8498492582E-02
 0.3875  4.1647608371E-01 -6.2170322639E-02  3.3612014401E-01  1.0144684395E-01
 0.4000  4.2954664803E-01 -6.3157624500E-02  3.4956466125E-01  1.0442666765E-01
 0.4125  4.4321984879E-01 -6.4158511126E-02  3.6360165278E-01  1.0743738295E-01
 0.4250  4.5752481905E-01 -6.5172282536E-02  3.7825978204E-01  1.1047849654E-01
 0.4375  4.7249217360E-01 -6.6198169928E-02  3.9356939012E-01  1.1354960604E-01
 0.4500  4.8815410750E-01 -6.7235337553E-02  4.0956263646E-01  1.1665039997E-01
 0.4625  5.0454450530E-01 -6.8282884089E-02  4.2627365382E-01  1.1978065354E-01
 0.4750  5.2169906228E-01 -6.9339843187E-02  4.4373871874E-01  1.2294021896E-01
 0.4875  5.3965541948E-01 -7.0405182818E-02  4.6199643930E-01  1.2612900931E-01
 0.5000  5.5845331436E-01 -7.1477802938E-02  4.8108796169E-01  1.2934697428E-01
 0.5125  5.7813474928E-01 -7.2556530934E-02  5.0105719746E-01  1.3259406651E-01
 0.5250  5.9874418031E-01 -7.3640114170E-02  5.2195107365E-01  1.3587019634E-01
 0.5375  6.2032872899E-01 -7.4727208872E-02  5.4381980771E-01  1.3917517313E-01
 0.5500  6.4293842031E-01 -7.5816364421E-02  5.6671720984E-01  1.4250863067E-01
 0.5625  6.6662645028E-01 -7.6906002001E-02  5.9070101521E-01  1.4586993389E-01
 0.5750  6.9144948718E-01 -7.7994386353E-02  6.1583324894E-01  1.4925806386E-01
 0.5875  7.1746801077E-01 -7.9079589197E-02  6.4218062686E-01  1.5267147761E-01
 0.6000  7.4474669458E-01 -8.0159442667E-02  6.6981499537E-01  1.5610793873E-01
 0.6125  7.7335483677E-01 -8.1231480854E-02  6.9881381400E-01  1.5956431439E-01
 0.6250  8.0336684587E-01 -8.2292867259E-02  7.2926068458E-01  1.6303633374E-01
 0.6375  8.3486278835E-01 -8.3340305669E-02  7.6124593120E-01  1.6651830209E-01
 0.6500  8.6792900582E-01 -8.4369931590E-02  7.9486723550E-01  1.7000276450E-01
 0.6625  9.0265881075E-01 -8.5377180992E-02  8.3023033221E-01  1.7348011181E-01
 0.6750  9.3915327012E-01 -8.6356632681E-02  8.6744977035E-01  1.7693812119E-01
 0.6875  9.7752208826E-01 -8.7301820121E-02  9.0664974571E-01  1.8036142223E-01
 0.7000  1.0178846005E+00 -8.8205007963E-02  9.4796501080E-01  1.8373087899E-01
 0.7125  1.0603708917E+00 -8.9056927961E-02  9.9154186907E-01  1.8702287674E-01
 0.7250  1.1051230537E+00 -8.9846468252E-02  1.0375392605E+00  1.9020850139E-01
 0.7375  1.1522965988E+00 -9.0560309228E-02  1.0861299462E+00  1.9325259788E-01
 0.7500  1.2020620486E+00 -9.1182498395E-02  1.1375018009E+00  1.9611269242E-01
 0.7625  1.2546067160E+00 -9.1693955695E-02  1.1918592211E+00  1.9873776194E-01
 0.7750  1.3101367060E+00 -9.2071899717E-02  1.2494246606E+00  2.0106683197E-01
 0.7875  1.3688791583E+00 -9.2289184113E-02  1.3104403009E+00  2.0302738250E-01
 0.8000  1.4310847599E+00 -9.2313532257E-02  1.3751698710E+00  2.0453353893E-01
 0.8125  1.4970305586E+00 -9.2106656820E-02  1.4439006253E+00  2.0548402291E-01
 0.8250  1.5670231110E+00 -9.1623249375E-02  1.5169454949E+00  2.0575983528E-01
 0.8375  1.6414020021E+00 -9.0809823479E-02  1.5946454252E+00  2.0522164017E-01
 0.8500  1.7205437781E+00 -8.9603392802E-02  1.6773719136E+00  2.0370681645E-01
 0.8625  1.8048663372E+00 -8.7929963846E-02  1.7655297651E+00  2.0102613912E-01
 0.8750  1.8948338289E+00 -8.5702820499E-02  1.8595600816E+00  1.9696004915E-01
 0.8875  1.9909621171E+00 -8.2820575234E-02  1.9599435024E+00  1.9125446674E-01
 0.9000  2.0938248665E+00 -7.9164959006E-02  2.0672037172E+00  1.8361609773E-01
 0.9125  2.2040603199E+00 -7.4598318916E-02  2.1819112706E+00  1.7370717829E-01
 0.9250  2.3223788402E+00 -6.8960789425E-02  2.3046876814E+00  1.6113959764E-01
 0.9375  2.4495712953E+00 -6.2067099292E-02  2.4362099002E+00  1.4546833242E-01
 0.9500  2.5865183777E+00 -5.3702972467E-02  2.5772151305E+00  1.2618411987E-01
 0.9625  2.7342009520E+00 -4.3621076818E-02  2.7285060402E+00  1.0270529017E-01
 0.9750  2.8937115404E+00 -3.1536469875E-02  2.8909563933E+00  7.4368670285E-02
 0.9875  3.0662670599E+00 -1.7121485528E-02  3.0655171319E+00  4.0419463568E-02
 1.0000  3.2532229412E+00  0.0000000000E+00  3.2532229412E+00  3.0385061117E-17
