lambda(um), Cext(cm^2/H), albedo, <cos>, # of angles
   2.19000  6.49581E-24   0.47545   0.19320   161
cos(theta),     S11,               S12,             S33,             S34
-1.0000  4.3616751729E-01 -4.2798558167E-18 -4.3616751729E-01 -1.3771185499E-18
-0.9875  4.3203990607E-01 -3.6114753253E-03 -4.3196951817E-01  2.6273459537E-03
-0.9750  4.2803308337E-01 -7.2021109956E-03 -4.2775314500E-01  5.2139004828E-03
-0.9625  4.2414443037E-01 -1.0771435520E-02 -4.2351812730E-01  7.7613324231E-03
-0.9500  4.2037140765E-01 -1.4319000433E-02 -4.1926417981E-01  1.0271261867E-02
-0.9375  4.1671155382E-01 -1.7844379377E-02 -4.1499100234E-01  1.2745261057E-02
-0.9250  4.1316248400E-01 -2.1347167210E-02 -4.1069827979E-01  1.5184855249E-02
-0.9125  4.0972188854E-01 -2.4826979122E-02 -4.0638568199E-01  1.7591523570E-02
-0.9000  4.0638753162E-01 -2.8283449775E-02 -4.0205286369E-01  1.9966699835E-02
-0.8875  4.0315724995E-01 -3.1716232450E-02 -3.9769946441E-01  2.2311773356E-02
-0.8750  4.0002895152E-01 -3.5124998219E-02 -3.9332510840E-01  2.4628089731E-02
-0.8625  3.9700061434E-01 -3.8509435126E-02 -3.8892940453E-01  2.6916951596E-02
-0.8500  3.9407028521E-01 -4.1869247384E-02 -3.8451194621E-01  2.9179619376E-02
-0.8375  3.9123607862E-01 -4.5204154584E-02 -3.8007231124E-01  3.1417312003E-02
-0.8250  3.8849617553E-01 -4.8513890924E-02 -3.7561006178E-01  3.3631207612E-02
-0.8125  3.8584882229E-01 -5.1798204441E-02 -3.7112474419E-01  3.5822444227E-02
-0.8000  3.8329232961E-01 -5.5056856265E-02 -3.6661588896E-01  3.7992120411E-02
-0.7875  3.8082507144E-01 -5.8289619884E-02 -3.6208301053E-01  4.0141295908E-02
-0.7750  3.7844548403E-01 -6.1496280410E-02 -3.5752560726E-01  4.2270992259E-02
-0.7625  3.7615206491E-01 -6.4676633876E-02 -3.5294316125E-01  4.4382193395E-02
-0.7500  3.7394337199E-01 -6.7830486521E-02 -3.4833513821E-01  4.6475846215E-02
-0.7375  3.7181802260E-01 -7.0957654107E-02 -3.4370098736E-01  4.8552861138E-02
-0.7250  3.6977469263E-01 -7.4057961230E-02 -3.3904014131E-01  5.0614112636E-02
-0.7125  3.6781211571E-01 -7.7131240650E-02 -3.3435201585E-01  5.2660439748E-02
-0.7000  3.6592908234E-01 -8.0177332625E-02 -3.2963600988E-01  5.4692646573E-02
-0.6875  3.6412443917E-01 -8.3196084257E-02 -3.2489150524E-01  5.6711502738E-02
-0.6750  3.6239708819E-01 -8.6187348843E-02 -3.2011786655E-01  5.8717743853E-02
-0.6625  3.6074598605E-01 -8.9150985239E-02 -3.1531444106E-01  6.0712071936E-02
-0.6500  3.5917014336E-01 -9.2086857223E-02 -3.1048055850E-01  6.2695155829E-02
-0.6375  3.5766862404E-01 -9.4994832875E-02 -3.0561553090E-01  6.4667631579E-02
-0.6250  3.5624054466E-01 -9.7874783955E-02 -3.0071865244E-01  6.6630102811E-02
-0.6125  3.5488507391E-01 -1.0072658529E-01 -2.9578919929E-01  6.8583141075E-02
-0.6000  3.5360143198E-01 -1.0355011418E-01 -2.9082642937E-01  7.0527286167E-02
-0.5875  3.5238889008E-01 -1.0634524977E-01 -2.8582958225E-01  7.2463046443E-02
-0.5750  3.5124676989E-01 -1.0911187247E-01 -2.8079787891E-01  7.4390899093E-02
-0.5625  3.5017444314E-01 -1.1184986337E-01 -2.7573052158E-01  7.6311290413E-02
-0.5500  3.4917133117E-01 -1.1455910364E-01 -2.7062669352E-01  7.8224636043E-02
-0.5375  3.4823690449E-01 -1.1723947392E-01 -2.6548555884E-01  8.0131321186E-02
-0.5250  3.4737068245E-01 -1.1989085380E-01 -2.6030626229E-01  8.2031700814E-02
-0.5125  3.4657223291E-01 -1.2251312118E-01 -2.5508792905E-01  8.3926099842E-02
-0.5000  3.4584117189E-01 -1.2510615172E-01 -2.4982966452E-01  8.5814813282E-02
-0.4875  3.4517716333E-01 -1.2766981824E-01 -2.4453055409E-01  8.7698106387E-02
-0.4750  3.4457991885E-01 -1.3020399018E-01 -2.3918966294E-01  8.9576214756E-02
-0.4625  3.4404919753E-01 -1.3270853300E-01 -2.3380603579E-01  9.1449344432E-02
-0.4500  3.4358480574E-01 -1.3518330761E-01 -2.2837869667E-01  9.3317671967E-02
-0.4375  3.4318659702E-01 -1.3762816978E-01 -2.2290664870E-01  9.5181344473E-02
-0.4250  3.4285447191E-01 -1.4004296959E-01 -2.1738887382E-01  9.7040479649E-02
-0.4125  3.4258837796E-01 -1.4242755084E-01 -2.1182433257E-01  9.8895165778E-02
-0.4000  3.4238830964E-01 -1.4478175047E-01 -2.0621196383E-01  1.0074546171E-01
-0.3875  3.4225430832E-01 -1.4710539795E-01 -2.0055068452E-01  1.0259139684E-01
-0.3750  3.4218646233E-01 -1.4939831476E-01 -1.9483938941E-01  1.0443297100E-01
-0.3625  3.4218490702E-01 -1.5166031375E-01 -1.8907695079E-01  1.0627015440E-01
-0.3500  3.4224982485E-01 -1.5389119855E-01 -1.8326221824E-01  1.0810288753E-01
-0.3375  3.4238144550E-01 -1.5609076299E-01 -1.7739401831E-01  1.0993108099E-01
-0.3250  3.4258004609E-01 -1.5825879051E-01 -1.7147115427E-01  1.1175461535E-01
-0.3125  3.4284595132E-01 -1.6039505352E-01 -1.6549240581E-01  1.1357334098E-01
-0.3000  3.4317953377E-01 -1.6249931280E-01 -1.5945652872E-01  1.1538707782E-01
-0.2875  3.4358121414E-01 -1.6457131692E-01 -1.5336225463E-01  1.1719561515E-01
-0.2750  3.4405146158E-01 -1.6661080153E-01 -1.4720829068E-01  1.1899871136E-01
-0.2625  3.4459079404E-01 -1.6861748883E-01 -1.4099331922E-01  1.2079609365E-01
-0.2500  3.4519977863E-01 -1.7059108684E-01 -1.3471599748E-01  1.2258745771E-01
-0.2375  3.4587903211E-01 -1.7253128879E-01 -1.2837495725E-01  1.2437246741E-01
-0.2250  3.4662922130E-01 -1.7443777248E-01 -1.2196880458E-01  1.2615075445E-01
-0.2125  3.4745106362E-01 -1.7631019957E-01 -1.1549611938E-01  1.2792191795E-01
-0.2000  3.4834532760E-01 -1.7814821493E-01 -1.0895545516E-01  1.2968552406E-01
-0.1875  3.4931283352E-01 -1.7995144594E-01 -1.0234533864E-01  1.3144110551E-01
-0.1750  3.5035445399E-01 -1.8171950177E-01 -9.5664269400E-02  1.3318816115E-01
-0.1625  3.5147111463E-01 -1.8345197273E-01 -8.8910719528E-02  1.3492615548E-01
-0.1500  3.5266379482E-01 -1.8514842947E-01 -8.2083133268E-02  1.3665451810E-01
-0.1375  3.5393352840E-01 -1.8680842227E-01 -7.5179926639E-02  1.3837264315E-01
-0.1250  3.5528140448E-01 -1.8843148032E-01 -6.8199487069E-02  1.4007988880E-01
-0.1125  3.5670856833E-01 -1.9001711091E-01 -6.1140173010E-02  1.4177557658E-01
-0.1000  3.5821622219E-01 -1.9156479864E-01 -5.4000313552E-02  1.4345899077E-01
-0.0875  3.5980562627E-01 -1.9307400467E-01 -4.6778208035E-02  1.4512937773E-01
-0.0750  3.6147809970E-01 -1.9454416589E-01 -3.9472125650E-02  1.4678594521E-01
-0.0625  3.6323502155E-01 -1.9597469405E-01 -3.2080305032E-02  1.4842786163E-01
-0.0500  3.6507783191E-01 -1.9736497496E-01 -2.4600953854E-02  1.5005425531E-01
-0.0375  3.6700803302E-01 -1.9871436760E-01 -1.7032248411E-02  1.5166421367E-01
-0.0250  3.6902719045E-01 -2.0002220323E-01 -9.3723331954E-03  1.5325678247E-01
-0.0125  3.7113693428E-01 -2.0128778450E-01 -1.6193204711E-03  1.5483096486E-01
-0.0000  3.7333896044E-01 -2.0251038450E-01  6.2287101602E-03  1.5638572057E-01
 0.0125  3.7563503197E-01 -2.0368924585E-01  1.4173712200E-02  1.5791996497E-01
 0.0250  3.7802698045E-01 -2.0482357968E-01  2.2217672699E-02  1.5943256810E-01
 0.0375  3.8051670739E-01 -2.0591256468E-01  3.0362612709E-02  1.6092235367E-01
 0.0500  3.8310618578E-01 -2.0695534607E-01  3.8610587741E-02  1.6238809808E-01
 0.0625  3.8579746156E-01 -2.0795103454E-01  4.6963688233E-02  1.6382852931E-01
 0.0750  3.8859265528E-01 -2.0889870521E-01  5.5424040017E-02  1.6524232586E-01
 0.0875  3.9149396373E-01 -2.0979739653E-01  6.3993804795E-02  1.6662811556E-01
 0.1000  3.9450366169E-01 -2.1064610916E-01  7.2675180629E-02  1.6798447447E-01
 0.1125  3.9762410367E-01 -2.1144380482E-01  8.1470402424E-02  1.6930992560E-01
 0.1250  4.0085772579E-01 -2.1218940513E-01  9.0381742425E-02  1.7060293768E-01
 0.1375  4.0420704765E-01 -2.1288179038E-01  9.9411510721E-02  1.7186192389E-01
 0.1500  4.0767467435E-01 -2.1351979832E-01  1.0856205575E-01  1.7308524049E-01
 0.1625  4.1126329847E-01 -2.1410222290E-01  1.1783576482E-01  1.7427118547E-01
 0.1750  4.1497570221E-01 -2.1462781293E-01  1.2723506461E-01  1.7541799711E-01
 0.1875  4.1881475955E-01 -2.1509527080E-01  1.3676242172E-01  1.7652385254E-01
 0.2000  4.2278343848E-01 -2.1550325109E-01  1.4642034321E-01  1.7758686622E-01
 0.2125  4.2688480335E-01 -2.1585035916E-01  1.5621137710E-01  1.7860508840E-01
 0.2250  4.3112201719E-01 -2.1613514976E-01  1.6613811294E-01  1.7957650352E-01
 0.2375  4.3549834422E-01 -2.1635612550E-01  1.7620318238E-01  1.8049902856E-01
 0.2500  4.4001715237E-01 -2.1651173537E-01  1.8640925969E-01  1.8137051135E-01
 0.2625  4.4468191589E-01 -2.1660037319E-01  1.9675906235E-01  1.8218872885E-01
 0.2750  4.4949621802E-01 -2.1662037603E-01  2.0725535160E-01  1.8295138535E-01
 0.2875  4.5446375382E-01 -2.1657002254E-01  2.1790093303E-01  1.8365611062E-01
 0.3000  4.5958833293E-01 -2.1644753133E-01  2.2869865718E-01  1.8430045803E-01
 0.3125  4.6487388259E-01 -2.1625105921E-01  2.3965142007E-01  1.8488190262E-01
 0.3250  4.7032445062E-01 -2.1597869945E-01  2.5076216385E-01  1.8539783909E-01
 0.3375  4.7594420854E-01 -2.1562847996E-01  2.6203387739E-01  1.8584557975E-01
 0.3500  4.8173745475E-01 -2.1519836146E-01  2.7346959685E-01  1.8622235243E-01
 0.3625  4.8770861786E-01 -2.1468623553E-01  2.8507240634E-01  1.8652529829E-01
 0.3750  4.9386226004E-01 -2.1408992271E-01  2.9684543850E-01  1.8675146963E-01
 0.3875  5.0020308049E-01 -2.1340717046E-01  3.0879187515E-01  1.8689782760E-01
 0.4000  5.0673591906E-01 -2.1263565113E-01  3.2091494788E-01  1.8696123986E-01
 0.4125  5.1346575989E-01 -2.1177295983E-01  3.3321793875E-01  1.8693847817E-01
 0.4250  5.2039773517E-01 -2.1081661227E-01  3.4570418086E-01  1.8682621596E-01
 0.4375  5.2753712908E-01 -2.0976404254E-01  3.5837705903E-01  1.8662102577E-01
 0.4500  5.3488938170E-01 -2.0861260084E-01  3.7124001048E-01  1.8631937667E-01
 0.4625  5.4246009318E-01 -2.0735955112E-01  3.8429652540E-01  1.8591763161E-01
 0.4750  5.5025502789E-01 -2.0600206871E-01  3.9755014773E-01  1.8541204469E-01
 0.4875  5.5828011875E-01 -2.0453723783E-01  4.1100447570E-01  1.8479875836E-01
 0.5000  5.6654147169E-01 -2.0296204910E-01  4.2466316263E-01  1.8407380056E-01
 0.5125  5.7504537016E-01 -2.0127339689E-01  4.3852991748E-01  1.8323308178E-01
 0.5250  5.8379827983E-01 -1.9946807674E-01  4.5260850565E-01  1.8227239206E-01
 0.5375  5.9280685338E-01 -1.9754278256E-01  4.6690274959E-01  1.8118739790E-01
 0.5500  6.0207793543E-01 -1.9549410387E-01  4.8141652952E-01  1.7997363906E-01
 0.5625  6.1161856756E-01 -1.9331852293E-01  4.9615378412E-01  1.7862652539E-01
 0.5750  6.2143599352E-01 -1.9101241179E-01  5.1111851123E-01  1.7714133346E-01
 0.5875  6.3153766454E-01 -1.8857202927E-01  5.2631476859E-01  1.7551320315E-01
 0.6000  6.4193124477E-01 -1.8599351784E-01  5.4174667448E-01  1.7373713422E-01
 0.6125  6.5262461689E-01 -1.8327290049E-01  5.5741840850E-01  1.7180798268E-01
 0.6250  6.6362588785E-01 -1.8040607744E-01  5.7333421227E-01  1.6972045716E-01
 0.6375  6.7494339473E-01 -1.7738882279E-01  5.8949839014E-01  1.6746911517E-01
 0.6500  6.8658571079E-01 -1.7421678112E-01  6.0591530991E-01  1.6504835924E-01
 0.6625  6.9856165167E-01 -1.7088546394E-01  6.2258940359E-01  1.6245243303E-01
 0.6750  7.1088028169E-01 -1.6739024611E-01  6.3952516812E-01  1.5967541727E-01
 0.6875  7.2355092042E-01 -1.6372636215E-01  6.5672716610E-01  1.5671122566E-01
 0.7000  7.3658314929E-01 -1.5988890240E-01  6.7420002653E-01  1.5355360065E-01
 0.7125  7.4998681842E-01 -1.5587280920E-01  6.9194844557E-01  1.5019610914E-01
 0.7250  7.6377205370E-01 -1.5167287284E-01  7.0997718726E-01  1.4663213802E-01
 0.7375  7.7794926387E-01 -1.4728372751E-01  7.2829108428E-01  1.4285488969E-01
 0.7500  7.9252914794E-01 -1.4269984710E-01  7.4689503872E-01  1.3885737739E-01
 0.7625  8.0752270273E-01 -1.3791554090E-01  7.6579402282E-01  1.3463242049E-01
 0.7750  8.2294123057E-01 -1.3292494919E-01  7.8499307969E-01  1.3017263964E-01
 0.7875  8.3879634721E-01 -1.2772203873E-01  8.0449732414E-01  1.2547045179E-01
 0.8000  8.5509998998E-01 -1.2230059812E-01  8.2431194336E-01  1.2051806510E-01
 0.8125  8.7186442604E-01 -1.1665423307E-01  8.4444219773E-01  1.1530747378E-01
 0.8250  8.8910226095E-01 -1.1077636153E-01  8.6489342159E-01  1.0983045272E-01
 0.8375  9.0682644733E-01 -1.0466020868E-01  8.8567102395E-01  1.0407855211E-01
 0.8500  9.2505029386E-01 -9.8298801853E-02  9.0678048929E-01  9.8043091787E-02
 0.8625  9.4378747436E-01 -9.1684965260E-02  9.2822737832E-01  9.1715155627E-02
 0.8750  9.6305203722E-01 -8.4811314645E-02  9.5001732872E-01  8.5085585650E-02
 0.8875  9.8285841498E-01 -7.7670251773E-02  9.7215605594E-01  7.8144976084E-02
 0.9000  1.0032214341E+00 -7.0253958787E-02  9.9464935393E-01  7.0883667261E-02
 0.9125  1.0241563252E+00 -6.2554392429E-02  1.0175030959E+00  6.3291739373E-02
 0.9250  1.0456787331E+00 -5.4563278115E-02  1.0407232351E+00  5.5359006091E-02
 0.9375  1.0678047276E+00 -4.6272103869E-02  1.0643158055E+00  4.7075008037E-02
 0.9500  1.0905508141E+00 -3.7672114096E-02  1.0882869228E+00  3.8429006102E-02
 0.9625  1.1139339451E+00 -2.8754303214E-02  1.1126427848E+00  2.9409974618E-02
 0.9750  1.1379715307E+00 -1.9509409123E-02  1.1373896724E+00  2.0006594373E-02
 0.9875  1.1626814511E+00 -9.9279065103E-03  1.1625339504E+00  1.0207245466E-02
 1.0000  1.1880820679E+00  0.0000000000E+00  1.1880820679E+00  1.4843690912E-18
