lambda(um), Cext(cm^2/H), albedo, <cos>, # of angles
   0.61411  4.18549E-22   0.67401   0.51372   161
cos(theta),     S11,               S12,             S33,             S34
-1.0000  1.4764923003E-01  4.7689859474E-19 -1.4764923003E-01  7.6337562714E-20
-0.9875  1.4505621504E-01  6.6682858843E-05 -1.4491155197E-01  3.6643849879E-04
-0.9750  1.4273414458E-01  9.4141311241E-05 -1.4216892369E-01  7.0105253816E-04
-0.9625  1.4066377967E-01  7.9956792511E-05 -1.3942113419E-01  1.0095784755E-03
-0.9500  1.3882750360E-01  2.2461028340E-05 -1.3666821987E-01  1.2970847383E-03
-0.9375  1.3720914855E-01 -7.9383075445E-05 -1.3391042171E-01  1.5680534291E-03
-0.9250  1.3579384440E-01 -2.2608354977E-04 -1.3114814790E-01  1.8264516392E-03
-0.9125  1.3456788666E-01 -4.1770681427E-04 -1.2838194104E-01  2.0757938017E-03
-0.9000  1.3351862114E-01 -6.5395248791E-04 -1.2561244943E-01  2.3191962441E-03
-0.8875  1.3263434308E-01 -9.3421731516E-04 -1.2284040198E-01  2.5594249525E-03
-0.8750  1.3190420874E-01 -1.2576497312E-03 -1.2006658610E-01  2.7989374295E-03
-0.8625  1.3131815796E-01 -1.6231963860E-03 -1.1729182846E-01  3.0399194118E-03
-0.8500  1.3086684602E-01 -2.0296417680E-03 -1.1451697807E-01  3.2843171170E-03
-0.8375  1.3054158370E-01 -2.4756419157E-03 -1.1174289146E-01  3.5338655976E-03
-0.8250  1.3033428442E-01 -2.9597530664E-03 -1.0897041975E-01  3.7901137080E-03
-0.8125  1.3023741746E-01 -3.4804559769E-03 -1.0620039731E-01  4.0544461192E-03
-0.8000  1.3024396650E-01 -4.0361765475E-03 -1.0343363184E-01  4.3281027636E-03
-0.7875  1.3034739281E-01 -4.6253032915E-03 -1.0067089577E-01  4.6121960355E-03
-0.7750  1.3054160235E-01 -5.2462021170E-03 -9.7912918703E-02  4.9077260336E-03
-0.7625  1.3082091640E-01 -5.8972288191E-03 -9.5160380875E-02  5.2155940924E-03
-0.7500  1.3118004524E-01 -6.5767396246E-03 -9.2413907485E-02  5.5366148138E-03
-0.7375  1.3161406439E-01 -7.2831000821E-03 -8.9674063765E-02  5.8715267859E-03
-0.7250  1.3211839321E-01 -8.0146925442E-03 -8.6941350746E-02  6.2210021469E-03
-0.7125  1.3268877547E-01 -8.7699224575E-03 -8.4216201602E-02  6.5856551328E-03
-0.7000  1.3332126177E-01 -9.5472236374E-03 -8.1498978530E-02  6.9660497284E-03
-0.6875  1.3401219340E-01 -1.0345062684E-02 -7.8789970080E-02  7.3627065253E-03
-0.6750  1.3475818769E-01 -1.1161942665E-02 -7.6089388896E-02  7.7761088752E-03
-0.6625  1.3555612450E-01 -1.1996406186E-02 -7.3397369806E-02  8.2067084179E-03
-0.6500  1.3640313381E-01 -1.2847037924E-02 -7.0713968219E-02  8.6549300493E-03
-0.6375  1.3729658434E-01 -1.3712466718E-02 -6.8039158792E-02  9.1211763895E-03
-0.6250  1.3823407295E-01 -1.4591367281E-02 -6.5372834325E-02  9.6058318001E-03
-0.6125  1.3921341492E-01 -1.5482461581E-02 -6.2714804846E-02  1.0109265996E-02
-0.6000  1.4023263485E-01 -1.6384519943E-02 -6.0064796868E-02  1.0631837292E-02
-0.5875  1.4128995833E-01 -1.7296361920E-02 -5.7422452782E-02  1.1173895510E-02
-0.5750  1.4238380408E-01 -1.8216856946E-02 -5.4787330352E-02  1.1735784591E-02
-0.5625  1.4351277679E-01 -1.9144924822E-02 -5.2158902312E-02  1.2317844921E-02
-0.5500  1.4467566032E-01 -2.0079536040E-02 -4.9536556015E-02  1.2920415407E-02
-0.5375  1.4587141150E-01 -2.1019711982E-02 -4.6919593134E-02  1.3543835316E-02
-0.5250  1.4709915433E-01 -2.1964524989E-02 -4.4307229391E-02  1.4188445897E-02
-0.5125  1.4835817461E-01 -2.2913098336E-02 -4.1698594295E-02  1.4854591802E-02
-0.5000  1.4964791500E-01 -2.3864606112E-02 -3.9092730866E-02  1.5542622322E-02
-0.4875  1.5096797040E-01 -2.4818273016E-02 -3.6488595353E-02  1.6252892446E-02
-0.4750  1.5231808379E-01 -2.5773374083E-02 -3.3885056903E-02  1.6985763759E-02
-0.4625  1.5369814232E-01 -2.6729234340E-02 -3.1280897187E-02  1.7741605190E-02
-0.4500  1.5510817386E-01 -2.7685228404E-02 -2.8674809965E-02  1.8520793607E-02
-0.4375  1.5654834377E-01 -2.8640780028E-02 -2.6065400577E-02  1.9323714292E-02
-0.4250  1.5801895205E-01 -2.9595361587E-02 -2.3451185353E-02  2.0150761276E-02
-0.4125  1.5952043079E-01 -3.0548493526E-02 -2.0830590927E-02  2.1002337556E-02
-0.4000  1.6105334195E-01 -3.1499743758E-02 -1.8201953442E-02  2.1878855202E-02
-0.3875  1.6261837540E-01 -3.2448727029E-02 -1.5563517650E-02  2.2780735353E-02
-0.3750  1.6421634728E-01 -3.3395104231E-02 -1.2913435880E-02  2.3708408100E-02
-0.3625  1.6584819866E-01 -3.4338581690E-02 -1.0249766878E-02  2.4662312286E-02
-0.3500  1.6751499449E-01 -3.5278910415E-02 -7.5704745036E-03  2.5642895193E-02
-0.3375  1.6921792279E-01 -3.6215885304E-02 -4.8734262796E-03  2.6650612148E-02
-0.3250  1.7095829420E-01 -3.7149344332E-02 -2.1563917773E-03  2.7685926037E-02
-0.3125  1.7273754179E-01 -3.8079167692E-02  5.8295915949E-04  2.8749306727E-02
-0.3000  1.7455722112E-01 -3.9005276911E-02  3.3470583682E-03  2.9841230415E-02
-0.2875  1.7641901061E-01 -3.9927633932E-02  6.1384415037E-03  3.0962178882E-02
-0.2750  1.7832471226E-01 -4.0846240161E-02  8.9597503663E-03  3.2112638677E-02
-0.2625  1.8027625251E-01 -4.1761135484E-02  1.1813735429E-02  3.3293100217E-02
-0.2500  1.8227568358E-01 -4.2672397250E-02  1.4703258575E-02  3.4504056813E-02
-0.2375  1.8432518494E-01 -4.3580139214E-02  1.7631296047E-02  3.5746003611E-02
-0.2250  1.8642706517E-01 -4.4484510455E-02  2.0600941626E-02  3.7019436466E-02
-0.2125  1.8858376411E-01 -4.5385694244E-02  2.3615410044E-02  3.8324850737E-02
-0.2000  1.9079785532E-01 -4.6283906884E-02  2.6678040636E-02  3.9662740000E-02
-0.1875  1.9307204879E-01 -4.7179396505E-02  2.9792301248E-02  4.1033594696E-02
-0.1750  1.9540919411E-01 -4.8072441815E-02  3.2961792404E-02  4.2437900693E-02
-0.1625  1.9781228380E-01 -4.8963350808E-02  3.6190251747E-02  4.3876137773E-02
-0.1500  2.0028445710E-01 -4.9852459426E-02  3.9481558757E-02  4.5348778047E-02
-0.1375  2.0282900406E-01 -5.0740130168E-02  4.2839739771E-02  4.6856284280E-02
-0.1250  2.0544936995E-01 -5.1626750646E-02  4.6268973296E-02  4.8399108151E-02
-0.1125  2.0814916010E-01 -5.2512732086E-02  4.9773595643E-02  4.9977688415E-02
-0.1000  2.1093214503E-01 -5.3398507766E-02  5.3358106888E-02  5.1592448996E-02
-0.0875  2.1380226606E-01 -5.4284531398E-02  5.7027177172E-02  5.3243796985E-02
-0.0750  2.1676364121E-01 -5.5171275426E-02  6.0785653354E-02  5.4932120563E-02
-0.0625  2.1982057156E-01 -5.6059229273E-02  6.4638566033E-02  5.6657786820E-02
-0.0500  2.2297754808E-01 -5.6948897491E-02  6.8591136952E-02  5.8421139498E-02
-0.0375  2.2623925879E-01 -5.7840797842E-02  7.2648786796E-02  6.0222496633E-02
-0.0250  2.2961059643E-01 -5.8735459289E-02  7.6817143410E-02  6.2062148104E-02
-0.0125  2.3309666664E-01 -5.9633419891E-02  8.1102050449E-02  6.3940353082E-02
-0.0000  2.3670279651E-01 -6.0535224608E-02  8.5509576468E-02  6.5857337379E-02
 0.0125  2.4043454376E-01 -6.1441422994E-02  9.0046024498E-02  6.7813290695E-02
 0.0250  2.4429770635E-01 -6.2352566784E-02  9.4717942098E-02  6.9808363754E-02
 0.0375  2.4829833272E-01 -6.3269207364E-02  9.9532131929E-02  7.1842665333E-02
 0.0500  2.5244273248E-01 -6.4191893122E-02  1.0449566286E-01  7.3916259178E-02
 0.0625  2.5673748785E-01 -6.5121166656E-02  1.0961588166E-01  7.6029160794E-02
 0.0750  2.6118946559E-01 -6.6057561860E-02  1.1490042520E-01  7.8181334131E-02
 0.0875  2.6580582965E-01 -6.7001600850E-02  1.2035723340E-01  8.0372688125E-02
 0.1000  2.7059405447E-01 -6.7953790746E-02  1.2599456273E-01  8.2603073126E-02
 0.1125  2.7556193900E-01 -6.8914620285E-02  1.3182100039E-01  8.4872277186E-02
 0.1250  2.8071762150E-01 -6.9884556266E-02  1.3784547931E-01  8.7180022205E-02
 0.1375  2.8606959508E-01 -7.0864039813E-02  1.4407729377E-01  8.9525959946E-02
 0.1500  2.9162672408E-01 -7.1853482446E-02  1.5052611595E-01  9.1909667892E-02
 0.1625  2.9739826136E-01 -7.2853261952E-02  1.5720201322E-01  9.4330644952E-02
 0.1750  3.0339386648E-01 -7.3863718049E-02  1.6411546644E-01  9.6788307016E-02
 0.1875  3.0962362483E-01 -7.4885147818E-02  1.7127738910E-01  9.9281982338E-02
 0.2000  3.1609806787E-01 -7.5917800910E-02  1.7869914755E-01  1.0181090675E-01
 0.2125  3.2282819440E-01 -7.6961874500E-02  1.8639258230E-01  1.0437421872E-01
 0.2250  3.2982549300E-01 -7.8017507992E-02  1.9437003043E-01  1.0697095415E-01
 0.2375  3.3710196575E-01 -7.9084777439E-02  2.0264434929E-01  1.0960004114E-01
 0.2500  3.4467015324E-01 -8.0163689686E-02  2.1122894147E-01  1.1226029433E-01
 0.2625  3.5254316100E-01 -8.1254176216E-02  2.2013778125E-01  1.1495040925E-01
 0.2750  3.6073468743E-01 -8.2356086672E-02  2.2938544247E-01  1.1766895633E-01
 0.2875  3.6925905340E-01 -8.3469182055E-02  2.3898712818E-01  1.2041437465E-01
 0.3000  3.7813123356E-01 -8.4593127573E-02  2.4895870199E-01  1.2318496559E-01
 0.3125  3.8736688955E-01 -8.5727485131E-02  2.5931672135E-01  1.2597888603E-01
 0.3250  3.9698240525E-01 -8.6871705430E-02  2.7007847301E-01  1.2879414144E-01
 0.3375  4.0699492423E-01 -8.8025119674E-02  2.8126201067E-01  1.3162857860E-01
 0.3500  4.1742238964E-01 -8.9186930850E-02  2.9288619526E-01  1.3447987795E-01
 0.3625  4.2828358669E-01 -9.0356204576E-02  3.0497073788E-01  1.3734554567E-01
 0.3750  4.3959818804E-01 -9.1531859468E-02  3.1753624584E-01  1.4022290535E-01
 0.3875  4.5138680225E-01 -9.2712657038E-02  3.3060427202E-01  1.4310908917E-01
 0.4000  4.6367102580E-01 -9.3897191061E-02  3.4419736801E-01  1.4600102871E-01
 0.4125  4.7647349890E-01 -9.5083876411E-02  3.5833914125E-01  1.4889544507E-01
 0.4250  4.8981796547E-01 -9.6270937311E-02  3.7305431694E-01  1.5178883846E-01
 0.4375  5.0372933792E-01 -9.7456394978E-02  3.8836880496E-01  1.5467747701E-01
 0.4500  5.1823376715E-01 -9.8638054619E-02  4.0430977266E-01  1.5755738476E-01
 0.4625  5.3335871842E-01 -9.9813491717E-02  4.2090572407E-01  1.6042432856E-01
 0.4750  5.4913305384E-01 -1.0098003758E-01  4.3818658650E-01  1.6327380383E-01
 0.4875  5.6558712232E-01 -1.0213476404E-01  4.5618380538E-01  1.6610101881E-01
 0.5000  5.8275285796E-01 -1.0327446729E-01  4.7493044854E-01  1.6890087710E-01
 0.5125  6.0066388804E-01 -1.0439565070E-01  4.9446132117E-01  1.7166795797E-01
 0.5250  6.1935565192E-01 -1.0549450650E-01  5.1481309300E-01  1.7439649410E-01
 0.5375  6.3886553249E-01 -1.0656689625E-01  5.3602443936E-01  1.7708034610E-01
 0.5500  6.5923300198E-01 -1.0760832977E-01  5.5813619828E-01  1.7971297302E-01
 0.5625  6.8049978436E-01 -1.0861394245E-01  5.8119154586E-01  1.8228739796E-01
 0.5750  7.0271003687E-01 -1.0957847055E-01  6.0523619274E-01  1.8479616769E-01
 0.5875  7.2591055383E-01 -1.1049622412E-01  6.3031860486E-01  1.8723130470E-01
 0.6000  7.5015099631E-01 -1.1136105706E-01  6.5649025216E-01  1.8958425002E-01
 0.6125  7.7548415196E-01 -1.1216633377E-01  6.8380588976E-01  1.9184579454E-01
 0.6250  8.0196623026E-01 -1.1290489156E-01  7.1232387649E-01  1.9400599617E-01
 0.6375  8.2965719924E-01 -1.1356899786E-01  7.4210653687E-01  1.9605407930E-01
 0.6500  8.5862117089E-01 -1.1415030099E-01  7.7322057338E-01  1.9797831262E-01
 0.6625  8.8892684425E-01 -1.1463977306E-01  8.0573753717E-01  1.9976585996E-01
 0.6750  9.2064801637E-01 -1.1502764280E-01  8.3973436657E-01  2.0140259793E-01
 0.6875  9.5386417366E-01 -1.1530331616E-01  8.7529400449E-01  2.0287289262E-01
 0.7000  9.8866117874E-01 -1.1545528130E-01  9.1250610765E-01  2.0415932562E-01
 0.7125  1.0251320704E+00 -1.1547099439E-01  9.5146786245E-01  2.0524235804E-01
 0.7250  1.0633779981E+00 -1.1533674113E-01  9.9228492524E-01  2.0609991782E-01
 0.7375  1.1035093172E+00 -1.1503746813E-01  1.0350725072E+00  2.0670689314E-01
 0.7500  1.1456468746E+00 -1.1455657652E-01  1.0799566282E+00  2.0703451049E-01
 0.7625  1.1899235225E+00 -1.1387566851E-01  1.1270755662E+00  2.0704957140E-01
 0.7750  1.2364859042E+00 -1.1297423530E-01  1.1765815365E+00  2.0671351617E-01
 0.7875  1.2854965646E+00 -1.1182927190E-01  1.2286426368E+00  2.0598127615E-01
 0.8000  1.3371364486E+00 -1.1041480118E-01  1.2834451024E+00  2.0479986783E-01
 0.8125  1.3916078643E+00 -1.0870128520E-01  1.3411959241E+00  2.0310667202E-01
 0.8250  1.4491380006E+00 -1.0665489685E-01  1.4021258857E+00  2.0082732955E-01
 0.8375  1.5099831088E+00 -1.0423661862E-01  1.4664930923E+00  1.9787317034E-01
 0.8500  1.5744334789E+00 -1.0140112775E-01  1.5345870691E+00  1.9413807551E-01
 0.8625  1.6428193655E+00 -9.8095417912E-02  1.6067335230E+00  1.8949465138E-01
 0.8750  1.7155180511E+00 -9.4257096323E-02  1.6832998769E+00  1.8378956909E-01
 0.8875  1.7929622691E+00 -8.9812281770E-02  1.7647016999E+00  1.7683789399E-01
 0.9000  1.8756502534E+00 -8.4673012594E-02  1.8514101812E+00  1.6841619292E-01
 0.9125  1.9641577337E+00 -7.8734053897E-02  1.9439608142E+00  1.5825416483E-01
 0.9250  2.0591522561E+00 -7.1868969351E-02  2.0429634861E+00  1.4602448899E-01
 0.9375  2.1614102836E+00 -6.3925294090E-02  2.1491141993E+00  1.3133052415E-01
 0.9500  2.2718376180E+00 -5.4718610455E-02  2.2632086835E+00  1.1369141914E-01
 0.9625  2.3914937890E+00 -4.4025286521E-02  2.3861582006E+00  9.2524108805E-02
 0.9750  2.5216211794E+00 -3.1573587087E-02  2.5190078892E+00  6.7121565735E-02
 0.9875  2.6636798036E+00 -1.7032806456E-02  2.6629580494E+00  3.6626555901E-02
 1.0000  2.8193888287E+00  0.0000000000E+00  2.8193888287E+00  9.7102524637E-18
