lambda(um), Cext(cm^2/H), albedo, <cos>, # of angles
   0.36500  7.79493E-22   0.62321   0.56969   161
cos(theta),     S11,               S12,             S33,             S34
-1.0000  1.8094732023E-01 -8.1767991254E-19 -1.8094732023E-01 -4.3320745445E-18
-0.9875  1.6628569378E-01  5.1030001407E-03 -1.6521265351E-01  9.7933226835E-03
-0.9750  1.5475317734E-01  9.3445064916E-03 -1.5080332429E-01  1.6863676147E-02
-0.9625  1.4581672149E-01  1.2831378501E-02 -1.3763801114E-01  2.1699616545E-02
-0.9500  1.3901840478E-01  1.5658353806E-02 -1.2563658549E-01  2.4721337900E-02
-0.9375  1.3396636947E-01  1.7909212655E-02 -1.1472054299E-01  2.6288635330E-02
-0.9250  1.3032675815E-01  1.9657901844E-02 -1.0481338264E-01  2.6708075136E-02
-0.9125  1.2781653185E-01  2.0969591412E-02 -9.5840931169E-02  2.6239440855E-02
-0.9000  1.2619707046E-01  2.1901650535E-02 -8.7731613320E-02  2.5101518794E-02
-0.8875  1.2526847181E-01  2.2504537396E-02 -8.0416669999E-02  2.3477281438E-02
-0.8750  1.2486447703E-01  2.2822603074E-02 -7.3830327703E-02  2.1518522544E-02
-0.8625  1.2484795897E-01  2.2894812616E-02 -6.7909923043E-02  1.9349993419E-02
-0.8500  1.2510691743E-01  2.2755388246E-02 -6.2595986527E-02  1.7073086012E-02
-0.8375  1.2555093115E-01  2.2434380602E-02 -5.7832289845E-02  1.4769104819E-02
-0.8250  1.2610802126E-01  2.1958174209E-02 -5.3565860801E-02  1.2502166231E-02
-0.8125  1.2672188534E-01  2.1349933432E-02 -4.9746969879E-02  1.0321760882E-02
-0.8000  1.2734946495E-01  2.0629994915E-02 -4.6329092218E-02  8.2650116363E-03
-0.7875  1.2795881297E-01  1.9816212193E-02 -4.3268848504E-02  6.3586572043E-03
-0.7750  1.2852722985E-01  1.8924257759E-02 -4.0525928023E-02  4.6207888614E-03
-0.7625  1.2903964105E-01  1.7967887432E-02 -3.8062996852E-02  3.0623654613E-03
-0.7500  1.2948718991E-01  1.6959171455E-02 -3.5845593895E-02  1.6885297669E-03
-0.7375  1.2986602302E-01  1.5908696326E-02 -3.3842017207E-02  4.9974714624E-04
-0.7250  1.3017624680E-01  1.4825740941E-02 -3.2023202810E-02 -5.0721417057E-04
-0.7125  1.3042103628E-01  1.3718430301E-02 -3.0362597968E-02 -1.3384437867E-03
-0.7000  1.3060587856E-01  1.2593869627E-02 -2.8836030658E-02 -2.0021748812E-03
-0.6875  1.3073793537E-01  1.1458261448E-02 -2.7421576806E-02 -2.5081805592E-03
-0.6750  1.3082551027E-01  1.0317007907E-02 -2.6099426611E-02 -2.8672677215E-03
-0.6625  1.3087760780E-01  9.1748002722E-03 -2.4851751166E-02 -3.0908566158E-03
-0.6500  1.3090357294E-01  8.0356973971E-03 -2.3662570381E-02 -3.1906353795E-03
-0.6375  1.3091280030E-01  6.9031946476E-03 -2.2517623092E-02 -3.1782799466E-03
-0.6250  1.3091450397E-01  5.7802846226E-03 -2.1404240092E-02 -3.0652306631E-03
-0.6125  1.3091753930E-01  4.6695108168E-03 -2.0311220709E-02 -2.8625178513E-03
-0.6000  1.3093026945E-01  3.5730152174E-03 -1.9228713436E-02 -2.5806293822E-03
-0.5875  1.3096046975E-01  2.4925806868E-03 -1.8148101032E-02 -2.2294140674E-03
-0.5750  1.3101526416E-01  1.4296688593E-03 -1.7061890414E-02 -1.8180153658E-03
-0.5625  1.3110108849E-01  3.8545417483E-04 -1.5963607571E-02 -1.3548305295E-03
-0.5500  1.3122367580E-01 -6.3914542819E-04 -1.4847697697E-02 -8.4749087994E-04
-0.5375  1.3138805981E-01 -1.6434407146E-03 -1.3709430628E-02 -3.0285942612E-04
-0.5250  1.3159859296E-01 -2.6269458807E-03 -1.2544811645E-02  2.7295749439E-04
-0.5125  1.3185897581E-01 -3.5893554974E-03 -1.1350497652E-02  8.7458744593E-04
-0.5000  1.3217229531E-01 -4.5305234146E-03 -1.0123718678E-02  1.4973605059E-03
-0.4875  1.3254106940E-01 -5.4504434131E-03 -8.8622046454E-03  2.1372714205E-03
-0.4750  1.3296729624E-01 -6.3492314322E-03 -7.5641172799E-03  2.7909371583E-03
-0.4625  1.3345250612E-01 -7.2271092308E-03 -6.2279870400E-03  3.4555514365E-03
-0.4500  1.3399781487E-01 -8.0843893671E-03 -4.8526549058E-03  4.1288375448E-03
-0.4375  1.3460397744E-01 -8.9214614001E-03 -3.4372188531E-03  4.8090005746E-03
-0.4250  1.3527144084E-01 -9.7387792385E-03 -1.9809848234E-03  5.4946799602E-03
-0.4125  1.3600039549E-01 -1.0536849571E-02 -4.8342198869E-04  6.1849030692E-03
-0.4000  1.3679082454E-01 -1.1316221320E-02  1.0558778997E-03  6.8790404275E-03
-0.3875  1.3764255059E-01 -1.2077476086E-02  2.6372372929E-03  7.5767630275E-03
-0.3750  1.3855527950E-01 -1.2821219517E-02  4.2609259790E-03  8.2780020575E-03
-0.3625  1.3952864105E-01 -1.3548073586E-02  5.9271907906E-03  8.9829112884E-03
-0.3500  1.4056222630E-01 -1.4258669737E-02  7.6362821082E-03  9.6918322661E-03
-0.3375  1.4165562161E-01 -1.4953642845E-02  9.3884773798E-03  1.0405262390E-02
-0.3250  1.4280843922E-01 -1.5633625978E-02  1.1184101874E-02  1.1123825892E-02
-0.3125  1.4402034464E-01 -1.6299245906E-02  1.3023546880E-02  1.1848247687E-02
-0.3000  1.4529108073E-01 -1.6951119321E-02  1.4907285565E-02  1.2579330012E-02
-0.2875  1.4662048871E-01 -1.7589849729E-02  1.6835886681E-02  1.3317931752E-02
-0.2750  1.4800852634E-01 -1.8216024970E-02  1.8810026337E-02  1.4064950318E-02
-0.2625  1.4945528322E-01 -1.8830215311E-02  2.0830498000E-02  1.4821305921E-02
-0.2500  1.5096099375E-01 -1.9432972072E-02  2.2898220921E-02  1.5587928073E-02
-0.2375  1.5252604755E-01 -2.0024826731E-02  2.5014247150E-02  1.6365744147E-02
-0.2250  1.5415099801E-01 -2.0606290454E-02  2.7179767314E-02  1.7155669807E-02
-0.2125  1.5583656873E-01 -2.1177853990E-02  2.9396115290E-02  1.7958601133E-02
-0.2000  1.5758365850E-01 -2.1739987892E-02  3.1664771947E-02  1.8775408261E-02
-0.1875  1.5939334468E-01 -2.2293142989E-02  3.3987368068E-02  1.9606930357E-02
-0.1750  1.6126688542E-01 -2.2837751059E-02  3.6365686592E-02  2.0453971771E-02
-0.1625  1.6320572080E-01 -2.3374225652E-02  3.8801664301E-02  2.1317299207E-02
-0.1500  1.6521147314E-01 -2.3902962999E-02  4.1297393040E-02  2.2197639762E-02
-0.1375  1.6728594667E-01 -2.4424342955E-02  4.3855120598E-02  2.3095679697E-02
-0.1250  1.6943112663E-01 -2.4938729923E-02  4.6477251323E-02  2.4012063830E-02
-0.1125  1.7164917813E-01 -2.5446473713E-02  4.9166346570E-02  2.4947395423E-02
-0.1000  1.7394244477E-01 -2.5947910270E-02  5.1925125050E-02  2.5902236485E-02
-0.0875  1.7631344716E-01 -2.6443362249E-02  5.4756463162E-02  2.6877108405E-02
-0.0750  1.7876488166E-01 -2.6933139372E-02  5.7663395365E-02  2.7872492839E-02
-0.0625  1.8129961915E-01 -2.7417538545E-02  6.0649114656E-02  2.8888832818E-02
-0.0500  1.8392070417E-01 -2.7896843691E-02  6.3716973203E-02  2.9926534012E-02
-0.0375  1.8663135446E-01 -2.8371325263E-02  6.6870483191E-02  3.0985966156E-02
-0.0250  1.8943496089E-01 -2.8841239430E-02  7.0113317921E-02  3.2067464597E-02
-0.0125  1.9233508803E-01 -2.9306826891E-02  7.3449313212E-02  3.3171331980E-02
-0.0000  1.9533547525E-01 -2.9768311319E-02  7.6882469151E-02  3.4297840094E-02
 0.0125  1.9844003850E-01 -3.0225897414E-02  8.0416952232E-02  3.5447231876E-02
 0.0250  2.0165287292E-01 -3.0679768564E-02  8.4057097930E-02  3.6619723640E-02
 0.0375  2.0497825611E-01 -3.1130084115E-02  8.7807413767E-02  3.7815507565E-02
 0.0500  2.0842065229E-01 -3.1576976251E-02  9.1672582911E-02  3.9034754498E-02
 0.0625  2.1198471741E-01 -3.2020546501E-02  9.5657468376E-02  4.0277617148E-02
 0.0750  2.1567530514E-01 -3.2460861891E-02  9.9767117897E-02  4.1544233738E-02
 0.0875  2.1949747388E-01 -3.2897950761E-02  1.0400676954E-01  4.2834732207E-02
 0.1000  2.2345649494E-01 -3.3331798284E-02  1.0838185819E-01  4.4149235049E-02
 0.1125  2.2755786179E-01 -3.3762341717E-02  1.1289802292E-01  4.5487864880E-02
 0.1250  2.3180730058E-01 -3.4189465429E-02  1.1756111553E-01  4.6850750849E-02
 0.1375  2.3621078210E-01 -3.4612995764E-02  1.2237721028E-01  4.8238035978E-02
 0.1500  2.4077453512E-01 -3.5032695781E-02  1.2735261501E-01  4.9649885562E-02
 0.1625  2.4550506148E-01 -3.5448259940E-02  1.3249388394E-01  5.1086496712E-02
 0.1750  2.5040915291E-01 -3.5859308805E-02  1.3780783228E-01  5.2548109170E-02
 0.1875  2.5549390996E-01 -3.6265383842E-02  1.4330155307E-01  5.4035017494E-02
 0.2000  2.6076676313E-01 -3.6665942375E-02  1.4898243648E-01  5.5547584705E-02
 0.2125  2.6623549666E-01 -3.7060352819E-02  1.5485819192E-01  5.7086257504E-02
 0.2250  2.7190827515E-01 -3.7447890258E-02  1.6093687358E-01  5.8651583139E-02
 0.2375  2.7779367359E-01 -3.7827732477E-02  1.6722690977E-01  6.0244227992E-02
 0.2500  2.8390071107E-01 -3.8198956571E-02  1.7373713659E-01  6.1864997947E-02
 0.2625  2.9023888895E-01 -3.8560536216E-02  1.8047683685E-01  6.3514860577E-02
 0.2750  2.9681823384E-01 -3.8911339753E-02  1.8745578470E-01  6.5194969170E-02
 0.2875  3.0364934641E-01 -3.9250129186E-02  1.9468429707E-01  6.6906688572E-02
 0.3000  3.1074345655E-01 -3.9575560246E-02  2.0217329279E-01  6.8651622821E-02
 0.3125  3.1811248619E-01 -3.9886183645E-02  2.0993436053E-01  7.0431644467E-02
 0.3250  3.2576912051E-01 -4.0180447676E-02  2.1797983686E-01  7.2248925473E-02
 0.3375  3.3372688907E-01 -4.0456702292E-02  2.2632289577E-01  7.4105969500E-02
 0.3500  3.4200025813E-01 -4.0713204836E-02  2.3497765131E-01  7.6005645356E-02
 0.3625  3.5060473589E-01 -4.0948127565E-02  2.4395927518E-01  7.7951221280E-02
 0.3750  3.5955699232E-01 -4.1159567130E-02  2.5328413116E-01  7.9946399693E-02
 0.3875  3.6887499588E-01 -4.1345556180E-02  2.6296992872E-01  8.1995351933E-02
 0.4000  3.7857816928E-01 -4.1504077246E-02  2.7303589837E-01  8.4102752395E-02
 0.4125  3.8868756716E-01 -4.1633079071E-02  2.8350299148E-01  8.6273811393E-02
 0.4250  3.9922607844E-01 -4.1730495540E-02  2.9439410772E-01  8.8514305908E-02
 0.4375  4.1021865697E-01 -4.1794267370E-02  3.0573435377E-01  9.0830607275E-02
 0.4500  4.2169258421E-01 -4.1822366702E-02  3.1755133696E-01  9.3229704663E-02
 0.4625  4.3367776815E-01 -4.1812824732E-02  3.2987549851E-01  9.5719223038E-02
 0.4750  4.4620708349E-01 -4.1763762508E-02  3.4274049100E-01  9.8307434103E-02
 0.4875  4.5931675840E-01 -4.1673424988E-02  3.5618360556E-01  1.0100325846E-01
 0.5000  4.7304681406E-01 -4.1540218440E-02  3.7024625492E-01  1.0381625698E-01
 0.5125  4.8744156374E-01 -4.1362751247E-02  3.8497451892E-01  1.0675660919E-01
 0.5250  5.0255017942E-01 -4.1139878112E-02  4.0041976014E-01  1.0983507591E-01
 0.5375  5.1842733444E-01 -4.0870747647E-02  4.1663931803E-01  1.1306294346E-01
 0.5500  5.3513393216E-01 -4.0554853260E-02  4.3369729096E-01  1.1645194586E-01
 0.5625  5.5273793173E-01 -4.0192087187E-02  4.5166541686E-01  1.2001416149E-01
 0.5750  5.7131528350E-01 -3.9782797454E-02  4.7062406430E-01  1.2376187995E-01
 0.5875  5.9095098839E-01 -3.9327847451E-02  4.9066334757E-01  1.2770743435E-01
 0.6000  6.1174029733E-01 -3.8828677684E-02  5.1188438093E-01  1.3186299390E-01
 0.6125  6.3379006936E-01 -3.8287369169E-02  5.3440068954E-01  1.3624031074E-01
 0.6250  6.5722030943E-01 -3.7706707750E-02  5.5833979688E-01  1.4085041461E-01
 0.6375  6.8216591043E-01 -3.7090248457E-02  5.8384501165E-01  1.4570324791E-01
 0.6500  7.0877862765E-01 -3.6442378796E-02  6.1107744080E-01  1.5080723299E-01
 0.6625  7.3722931864E-01 -3.5768379618E-02  6.4021825983E-01  1.5616876255E-01
 0.6750  7.6771048738E-01 -3.5074481876E-02  6.7147127729E-01  1.6179160309E-01
 0.6875  8.0043917892E-01 -3.4367917253E-02  7.0506583747E-01  1.6767619977E-01
 0.7000  8.3566027992E-01 -3.3656960162E-02  7.4126011483E-01  1.7381887029E-01
 0.7125  8.7365029291E-01 -3.2950958107E-02  7.8034486550E-01  1.8021087310E-01
 0.7250  9.1472166753E-01 -3.2260346730E-02  8.2264771782E-01  1.8683733382E-01
 0.7375  9.5922779377E-01 -3.1596645088E-02  8.6853810570E-01  1.9367601091E-01
 0.7500  1.0075687911E+00 -3.0972425618E-02  9.1843297880E-01  2.0069587824E-01
 0.7625  1.0601982681E+00 -3.0401251923E-02  9.7280346666E-01  2.0785549728E-01
 0.7750  1.1176312837E+00 -2.9897575431E-02  1.0321827342E+00  2.1510114346E-01
 0.7875  1.1804538257E+00 -2.9476578870E-02  1.0971753549E+00  2.2236463854E-01
 0.8000  1.2493342427E+00 -2.9153949148E-02  1.1684686573E+00  2.2956081819E-01
 0.8125  1.3250372461E+00 -2.8945552722E-02  1.2468466942E+00  2.3658452487E-01
 0.8250  1.4084413791E+00 -2.8866969065E-02  1.3332077739E+00  2.4330694658E-01
 0.8375  1.5005612682E+00 -2.8932805047E-02  1.4285869339E+00  2.4957099835E-01
 0.8500  1.6025766349E+00 -2.9155651660E-02  1.5341854107E+00  2.5518522402E-01
 0.8625  1.7158710797E+00 -2.9544429941E-02  1.6514101918E+00  2.5991530848E-01
 0.8750  1.8420852809E+00 -3.0101661113E-02  1.7819283286E+00  2.6347161137E-01
 0.8875  1.9831918535E+00 -3.0818808430E-02  1.9277431441E+00  2.6548995086E-01
 0.9000  2.1416032581E+00 -3.1668137403E-02  2.0913032722E+00  2.6550082454E-01
 0.9125  2.3203307839E+00 -3.2588287873E-02  2.2756613373E+00  2.6287875511E-01
 0.9250  2.5232232748E+00 -3.3458535154E-02  2.4847081698E+00  2.5675749954E-01
 0.9375  2.7553313211E+00 -3.4052838807E-02  2.7235224761E+00  2.4588681774E-01
 0.9500  3.0234699960E+00 -3.3958056764E-02  2.9988975073E+00  2.2838966915E-01
 0.9625  3.3370970233E+00 -3.2429164901E-02  3.3201395423E+00  2.0135069892E-01
 0.9750  3.7096933287E+00 -2.8134688914E-02  3.7002840759E+00  1.6012056946E-01
 0.9875  4.1609447658E+00 -1.8712420431E-02  4.1579538066E+00  9.7144610645E-02
 1.0000  4.7202019390E+00  0.0000000000E+00  4.7202019390E+00  1.4468674370E-18
