lambda(um), Cext(cm^2/H), albedo, <cos>, # of angles
   0.74579  6.79056E-23   0.78616   0.54640   161
cos(theta),     S11,               S12,             S33,             S34
-1.0000  1.2073338623E-01  2.3148085495E-18 -1.2073338623E-01 -2.1377053069E-18
-0.9875  1.1767397489E-01 -5.0582984466E-05 -1.1753195137E-01 -5.3310728519E-04
-0.9750  1.1498431319E-01 -5.3262185953E-05 -1.1443107665E-01 -1.1218929790E-03
-0.9625  1.1263140073E-01 -2.0350160020E-05 -1.1141865691E-01 -1.7511790588E-03
-0.9500  1.1058525183E-01  3.7234800662E-05 -1.0848386279E-01 -2.4075929190E-03
-0.9375  1.0881863898E-01  1.0985135278E-04 -1.0561702047E-01 -3.0793950379E-03
-0.9250  1.0730685635E-01  1.8902578201E-04 -1.0280950141E-01 -3.7563206767E-03
-0.9125  1.0602750184E-01  2.6735022399E-04 -1.0005362157E-01 -4.4294346040E-03
-0.9000  1.0496027653E-01  3.3838799505E-04 -9.7342549060E-02 -5.0909979032E-03
-0.8875  1.0408680010E-01  3.9658562075E-04 -9.4670219805E-02 -5.7343459816E-03
-0.8750  1.0339044123E-01  4.3719116968E-04 -9.2031260420E-02 -6.3537769565E-03
-0.8625  1.0285616178E-01  4.5617851802E-04 -8.9420917783E-02 -6.9444496501E-03
-0.8500  1.0247037386E-01  4.5017718880E-04 -8.6834994714E-02 -7.5022904736E-03
-0.8375  1.0222080871E-01  4.1640742669E-04 -8.4269791301E-02 -8.0239085306E-03
-0.8250  1.0209639670E-01  3.5262018627E-04 -8.1722051360E-02 -8.5065183130E-03
-0.8125  1.0208715738E-01  2.5704172762E-04 -7.9188913639E-02 -8.9478694081E-03
-0.8000  1.0218409915E-01  1.2832252873E-04 -7.6667867329E-02 -9.3461826725E-03
-0.7875  1.0237912746E-01 -3.4509760580E-05 -7.4156711551E-02 -9.7000923664E-03
-0.7750  1.0266496118E-01 -2.3209358454E-04 -7.1653518444E-02 -1.0008593779E-02
-0.7625  1.0303505640E-01 -4.6477321395E-04 -6.9156599575E-02 -1.0270995907E-02
-0.7500  1.0348353708E-01 -7.3263517937E-04 -6.6664475351E-02 -1.0486878773E-02
-0.7375  1.0400513201E-01 -1.0355416259E-03 -6.4175847199E-02 -1.0656055024E-02
-0.7250  1.0459511768E-01 -1.3731607983E-03 -6.1689572239E-02 -1.0778535428E-02
-0.7125  1.0524926642E-01 -1.7449948536E-03 -5.9204640249E-02 -1.0854497979E-02
-0.7000  1.0596379959E-01 -2.1504051864E-03 -5.6720152711E-02 -1.0884260278E-02
-0.6875  1.0673534526E-01 -2.5886354427E-03 -5.4235303735E-02 -1.0868254933E-02
-0.6750  1.0756090008E-01 -3.0588323860E-03 -5.1749362707E-02 -1.0807007701E-02
-0.6625  1.0843779499E-01 -3.5600647711E-03 -4.9261658490E-02 -1.0701118147E-02
-0.6500  1.0936366449E-01 -4.0913403712E-03 -4.6771565033E-02 -1.0551242595E-02
-0.6375  1.1033641906E-01 -4.6516212942E-03 -4.4278488262E-02 -1.0358079151E-02
-0.6250  1.1135422062E-01 -5.2398377169E-03 -4.1781854119E-02 -1.0122354644E-02
-0.6125  1.1241546066E-01 -5.8549001565E-03 -3.9281097654E-02 -9.8448132691E-03
-0.6000  1.1351874082E-01 -6.4957103920E-03 -3.6775653047E-02 -9.5262068068E-03
-0.5875  1.1466285583E-01 -7.1611711411E-03 -3.4264944493E-02 -9.1672862527E-03
-0.5750  1.1584677841E-01 -7.8501945882E-03 -3.1748377838E-02 -8.7687947257E-03
-0.5625  1.1706964609E-01 -8.5617098584E-03 -2.9225332918E-02 -8.3314615323E-03
-0.5500  1.1833074984E-01 -9.2946695193E-03 -2.6695156498E-02 -7.8559972706E-03
-0.5375  1.1962952409E-01 -1.0048055193E-02 -2.4157155781E-02 -7.3430898683E-03
-0.5250  1.2096553837E-01 -1.0820882347E-02 -2.1610592406E-02 -6.7934014602E-03
-0.5125  1.2233849011E-01 -1.1612204344E-02 -1.9054676891E-02 -6.2075660155E-03
-0.5000  1.2374819866E-01 -1.2421115794E-02 -1.6488563472E-02 -5.5861876339E-03
-0.4875  1.2519460044E-01 -1.3246755288E-02 -1.3911345296E-02 -4.9298394373E-03
-0.4750  1.2667774499E-01 -1.4088307561E-02 -1.1322049928E-02 -4.2390629901E-03
-0.4625  1.2819779193E-01 -1.4945005121E-02 -8.7196351388E-03 -3.5143681837E-03
-0.4500  1.2975500870E-01 -1.5816129417E-02 -6.1029849364E-03 -2.7562335321E-03
-0.4375  1.3134976913E-01 -1.6701011563E-02 -3.4709058176E-03 -1.9651068248E-03
-0.4250  1.3298255249E-01 -1.7599032673E-02 -8.2212321081E-04 -1.1414060905E-03
-0.4125  1.3465394332E-01 -1.8509623836E-02  1.8447219135E-03 -2.8552082944E-04
-0.4000  1.3636463169E-01 -1.9432265771E-02  4.5310762852E-03  6.0218652571E-04
-0.3875  1.3811541398E-01 -2.0366488181E-02  7.2384774513E-03  1.5213789560E-03
-0.3750  1.3990719414E-01 -2.1311868848E-02  9.9685567823E-03  2.4717430419E-03
-0.3625  1.4174098530E-01 -2.2268032485E-02  1.2723042387E-02  3.4529870182E-03
-0.3500  1.4361791178E-01 -2.3234649367E-02  1.5503761950E-02  4.4648387268E-03
-0.3375  1.4553921147E-01 -2.4211433775E-02  1.8312645505E-02  5.5070434913E-03
-0.3250  1.4750623845E-01 -2.5198142256E-02  2.1151728153E-02  6.5793619370E-03
-0.3125  1.4952046591E-01 -2.6194571729E-02  2.4023152754E-02  7.6815677786E-03
-0.3000  1.5158348939E-01 -2.7200557448E-02  2.6929172572E-02  8.8134455945E-03
-0.2875  1.5369703016E-01 -2.8215970839E-02  2.9872153924E-02  9.9747886066E-03
-0.2750  1.5586293889E-01 -2.9240717224E-02  3.2854578807E-02  1.1165396483E-02
-0.2625  1.5808319949E-01 -3.0274733442E-02  3.5879047539E-02  1.2385073182E-02
-0.2500  1.6035993314E-01 -3.1317985389E-02  3.8948281408E-02  1.3633624844E-02
-0.2375  1.6269540250E-01 -3.2370465469E-02  4.2065125351E-02  1.4910857765E-02
-0.2250  1.6509201610E-01 -3.3432189989E-02  4.5232550668E-02  1.6216576441E-02
-0.2125  1.6755233286E-01 -3.4503196489E-02  4.8453657776E-02  1.7550581719E-02
-0.2000  1.7007906673E-01 -3.5583541027E-02  5.1731679031E-02  1.8912669052E-02
-0.1875  1.7267509158E-01 -3.6673295416E-02  5.5069981609E-02  2.0302626882E-02
-0.1750  1.7534344608E-01 -3.7772544444E-02  5.8472070478E-02  2.1720235156E-02
-0.1625  1.7808733883E-01 -3.8881383055E-02  6.1941591459E-02  2.3165263991E-02
-0.1500  1.8091015355E-01 -3.9999913521E-02  6.5482334404E-02  2.4637472500E-02
-0.1375  1.8381545437E-01 -4.1128242607E-02  6.9098236490E-02  2.6136607792E-02
-0.1250  1.8680699136E-01 -4.2266478731E-02  7.2793385668E-02  2.7662404150E-02
-0.1125  1.8988870602E-01 -4.3414729138E-02  7.6572024263E-02  2.9214582415E-02
-0.1000  1.9306473703E-01 -4.4573097081E-02  8.0438552761E-02  3.0792849572E-02
-0.0875  1.9633942603E-01 -4.5741679035E-02  8.4397533799E-02  3.2396898554E-02
-0.0750  1.9971732356E-01 -4.6920561937E-02  8.8453696379E-02  3.4026408287E-02
-0.0625  2.0320319511E-01 -4.8109820467E-02  9.2611940339E-02  3.5681043961E-02
-0.0500  2.0680202731E-01 -4.9309514379E-02  9.6877341102E-02  3.7360457573E-02
-0.0375  2.1051903426E-01 -5.0519685895E-02  1.0125515474E-01  3.9064288716E-02
-0.0250  2.1435966394E-01 -5.1740357156E-02  1.0575082337E-01  4.0792165654E-02
-0.0125  2.1832960487E-01 -5.2971527763E-02  1.1036998098E-01  4.2543706671E-02
-0.0000  2.2243479282E-01 -5.4213172396E-02  1.1511845961E-01  4.4318521712E-02
 0.0125  2.2668141774E-01 -5.5465238533E-02  1.2000229602E-01  4.6116214329E-02
 0.0250  2.3107593087E-01 -5.6727644276E-02  1.2502773895E-01  4.7936383915E-02
 0.0375  2.3562505201E-01 -5.8000276297E-02  1.3020125678E-01  4.9778628260E-02
 0.0500  2.4033577703E-01 -5.9282987907E-02  1.3552954601E-01  5.1642546408E-02
 0.0625  2.4521538562E-01 -6.0575597267E-02  1.4101954024E-01  5.3527741826E-02
 0.0750  2.5027144924E-01 -6.1877885743E-02  1.4667842003E-01  5.5433825883E-02
 0.0875  2.5551183943E-01 -6.3189596426E-02  1.5251362346E-01  5.7360421627E-02
 0.1000  2.6094473638E-01 -6.4510432805E-02  1.5853285773E-01  5.9307167857E-02
 0.1125  2.6657863787E-01 -6.5840057629E-02  1.6474411159E-01  6.1273723476E-02
 0.1250  2.7242236863E-01 -6.7178091944E-02  1.7115566890E-01  6.3259772110E-02
 0.1375  2.7848509014E-01 -6.8524114318E-02  1.7777612342E-01  6.5265026963E-02
 0.1500  2.8477631089E-01 -6.9877660259E-02  1.8461439470E-01  6.7289235889E-02
 0.1625  2.9130589727E-01 -7.1238221834E-02  1.9167974554E-01  6.9332186644E-02
 0.1750  2.9808408509E-01 -7.2605247479E-02  1.9898180082E-01  7.1393712273E-02
 0.1875  3.0512149179E-01 -7.3978142006E-02  2.0653056799E-01  7.3473696584E-02
 0.2000  3.1242912953E-01 -7.5356266800E-02  2.1433645939E-01  7.5572079654E-02
 0.2125  3.2001841916E-01 -7.6738940198E-02  2.2241031641E-01  7.7688863288E-02
 0.2250  3.2790120527E-01 -7.8125438036E-02  2.3076343577E-01  7.9824116365E-02
 0.2375  3.3608977244E-01 -7.9514994348E-02  2.3940759810E-01  8.1977979955E-02
 0.2500  3.4459686277E-01 -8.0906802191E-02  2.4835509886E-01  8.4150672127E-02
 0.2625  3.5343569501E-01 -8.2300014576E-02  2.5761878203E-01  8.6342492303E-02
 0.2750  3.6261998536E-01 -8.3693745455E-02  2.6721207654E-01  8.8553825021E-02
 0.2875  3.7216397013E-01 -8.5087070733E-02  2.7714903587E-01  9.0785142963E-02
 0.3000  3.8208243071E-01 -8.6479029241E-02  2.8744438096E-01  9.3037009045E-02
 0.3125  3.9239072082E-01 -8.7868623613E-02  2.9811354666E-01  9.5310077381E-02
 0.3250  4.0310479658E-01 -8.9254820991E-02  3.0917273217E-01  9.7605092881E-02
 0.3375  4.1424124964E-01 -9.0636553471E-02  3.2063895551E-01  9.9922889238E-02
 0.3500  4.2581734372E-01 -9.2012718178E-02  3.3253011260E-01  1.0226438501E-01
 0.3625  4.3785105502E-01 -9.3382176870E-02  3.4486504114E-01  1.0463057745E-01
 0.3750  4.5036111690E-01 -9.4743754917E-02  3.5766358965E-01  1.0702253379E-01
 0.3875  4.6336706938E-01 -9.6096239508E-02  3.7094669211E-01  1.0944137953E-01
 0.4000  4.7688931402E-01 -9.7438376915E-02  3.8473644868E-01  1.1188828324E-01
 0.4125  4.9094917470E-01 -9.8768868592E-02  3.9905621272E-01  1.1436443755E-01
 0.4250  5.0556896515E-01 -1.0008636590E-01  4.1393068487E-01  1.1687103559E-01
 0.4375  5.2077206374E-01 -1.0138946320E-01  4.2938601438E-01  1.1940924241E-01
 0.4500  5.3658299660E-01 -1.0267668899E-01  4.4544990852E-01  1.2198016069E-01
 0.4625  5.5302752975E-01 -1.0394649484E-01  4.6215175042E-01  1.2458478994E-01
 0.4750  5.7013277138E-01 -1.0519724163E-01  4.7952272599E-01  1.2722397853E-01
 0.4875  5.8792728529E-01 -1.0642718284E-01  4.9759596066E-01  1.2989836754E-01
 0.5000  6.0644121674E-01 -1.0763444430E-01  5.1640666649E-01  1.3260832547E-01
 0.5125  6.2570643183E-01 -1.0881699998E-01  5.3599230035E-01  1.3535387291E-01
 0.5250  6.4575667219E-01 -1.0997264319E-01  5.5639273415E-01  1.3813459572E-01
 0.5375  6.6662772611E-01 -1.1109895270E-01  5.7765043761E-01  1.4094954575E-01
 0.5500  6.8835761820E-01 -1.1219325282E-01  5.9981067468E-01  1.4379712752E-01
 0.5625  7.1098681912E-01 -1.1325256706E-01  6.2292171445E-01  1.4667496937E-01
 0.5750  7.3455847765E-01 -1.1427356412E-01  6.4703505738E-01  1.4957977744E-01
 0.5875  7.5911867717E-01 -1.1525249559E-01  6.7220567810E-01  1.5250717077E-01
 0.6000  7.8471671906E-01 -1.1618512419E-01  6.9849228565E-01  1.5545149529E-01
 0.6125  8.1140543549E-01 -1.1706664145E-01  7.2595760241E-01  1.5840561488E-01
 0.6250  8.3924153469E-01 -1.1789157355E-01  7.5466866295E-01  1.6136067688E-01
 0.6375  8.6828598152E-01 -1.1865367404E-01  7.8469713392E-01  1.6430584970E-01
 0.6500  8.9860441706E-01 -1.1934580195E-01  8.1611965657E-01  1.6722802968E-01
 0.6625  9.3026762052E-01 -1.1995978350E-01  8.4901821305E-01  1.7011151425E-01
 0.6750  9.6335201773E-01 -1.2048625585E-01  8.8348051829E-01  1.7293763807E-01
 0.6875  9.9794024043E-01 -1.2091449074E-01  9.1960043875E-01  1.7568436877E-01
 0.7000  1.0341217410E+00 -1.2123219604E-01  9.5747843997E-01  1.7832585828E-01
 0.7125  1.0719934679E+00 -1.2142529277E-01  9.9722206457E-01  1.8083194579E-01
 0.7250  1.1116606067E+00 -1.2147766509E-01  1.0389464425E+00  1.8316760772E-01
 0.7375  1.1532373940E+00 -1.2137088047E-01  1.0827748358E+00  1.8529234999E-01
 0.7500  1.1968480091E+00 -1.2108387713E-01  1.1288392195E+00  1.8715953724E-01
 0.7625  1.2426275509E+00 -1.2059261531E-01  1.1772809012E+00  1.8871565342E-01
 0.7750  1.2907231091E+00 -1.1986968888E-01  1.2282511817E+00  1.8989948755E-01
 0.7875  1.3412949345E+00 -1.1888389353E-01  1.2819120587E+00  1.9064123817E-01
 0.8000  1.3945177213E+00 -1.1759974706E-01  1.3384369765E+00  1.9086152923E-01
 0.8125  1.4505820073E+00 -1.1597695756E-01  1.3980116243E+00  1.9047032981E-01
 0.8250  1.5096957043E+00 -1.1396983418E-01  1.4608347860E+00  1.8936576942E-01
 0.8375  1.5720857697E+00 -1.1152663543E-01  1.5271192439E+00  1.8743283979E-01
 0.8500  1.6380000294E+00 -1.0858884897E-01  1.5970927410E+00  1.8454197376E-01
 0.8625  1.7077091681E+00 -1.0509039677E-01  1.6709990030E+00  1.8054749070E-01
 0.8750  1.7815088971E+00 -1.0095675876E-01  1.7490988252E+00  1.7528589749E-01
 0.8875  1.8597223175E+00 -9.6104007599E-02  1.8316712276E+00  1.6857403291E-01
 0.9000  1.9427024935E+00 -9.0437746649E-02  1.9190146814E+00  1.6020704266E-01
 0.9125  2.0308352529E+00 -8.3851942606E-02  2.0114484115E+00  1.4995617109E-01
 0.9250  2.1245422342E+00 -7.6227643423E-02  2.1093137792E+00  1.3756635475E-01
 0.9375  2.2242841996E+00 -6.7431571601E-02  2.2129757493E+00  1.2275360167E-01
 0.9500  2.3305646363E+00 -5.7314582020E-02  2.3228244468E+00  1.0520213938E-01
 0.9625  2.4439336674E+00 -4.5709972681E-02  2.4392768067E+00  8.4561312923E-02
 0.9750  2.5649922993E+00 -3.2431635829E-02  2.5627783247E+00  6.0442213338E-02
 0.9875  2.6943970313E+00 -1.7272035934E-02  2.6938049111E+00  3.2414015115E-02
 1.0000  2.8328648556E+00  0.0000000000E+00  2.8328648556E+00 -1.5019369080E-17
