lambda(um), Cext(cm^2/H), albedo, <cos>, # of angles
   0.44500  1.46478E-22   0.72667   0.60375   161
cos(theta),     S11,               S12,             S33,             S34
-1.0000  1.4218301226E-01 -7.1743206826E-18 -1.4218301226E-01  2.2642632679E-18
-0.9875  1.3141694799E-01  6.2611766985E-03 -1.3050078495E-01  7.2338098303E-03
-0.9750  1.2278836975E-01  1.1532663528E-02 -1.1936772432E-01  1.2641893822E-02
-0.9625  1.1598232663E-01  1.5928819873E-02 -1.0879905071E-01  1.6498585436E-02
-0.9500  1.1072075445E-01  1.9552781351E-02 -9.8802915451E-02  1.9047301227E-02
-0.9375  1.0675890719E-01  2.2497349435E-02 -8.9381286275E-02  2.0503343577E-02
-0.9250  1.0388209073E-01  2.4845838726E-02 -8.0530761809E-02  2.1056493729E-02
-0.9125  1.0190267379E-01  2.6672879348E-02 -7.2243318608E-02  2.0873408339E-02
-0.9000  1.0065735390E-01  2.8045173018E-02 -6.4506994267E-02  2.0099831984E-02
-0.8875  1.0000465777E-01  2.9022202236E-02 -5.7306510123E-02  1.8862637415E-02
-0.8750  9.9822657584E-02  2.9656892741E-02 -5.0623837031E-02  1.7271704691E-02
-0.8625  1.0000688598E-01  2.9996229947E-02 -4.4438707592E-02  1.5421649695E-02
-0.8500  1.0046843438E-01  3.0081830519E-02 -3.8729078172E-02  1.3393411970E-02
-0.8375  1.0113222008E-01  2.9950470598E-02 -3.3471543937E-02  1.1255711263E-02
-0.8250  1.0193540919E-01  2.9634572406E-02 -2.8641710024E-02  9.0663816065E-03
-0.8125  1.0282598311E-01  2.9162651184E-02 -2.4214521865E-02  6.8735913216E-03
-0.8000  1.0376143752E-01  2.8559724496E-02 -2.0164557577E-02  4.7169567988E-03
-0.7875  1.0470760339E-01  2.7847686037E-02 -1.6466285171E-02  2.6285575031E-03
-0.7750  1.0563758062E-01  2.7045646081E-02 -1.3094287263E-02  6.3385920154E-04
-0.7625  1.0653077531E-01  2.6170240734E-02 -1.0023455803E-02 -1.2474479870E-03
-0.7500  1.0737203256E-01  2.5235912103E-02 -7.2291592358E-03 -3.0006905078E-03
-0.7375  1.0815085713E-01  2.4255161450E-02 -4.6873843805E-03 -4.6155254066E-03
-0.7250  1.0886071480E-01  2.3238777356E-02 -2.3748551869E-03 -6.0853219889E-03
-0.7125  1.0949840806E-01  2.2196040804E-02 -2.6913041564E-04 -7.4066059368E-03
-0.7000  1.1006351976E-01  2.1134909044E-02  1.6513178348E-03 -8.5785610311E-03
-0.6875  1.1055791921E-01  2.0062179982E-02  3.4070429436E-03 -9.6025839278E-03
-0.6750  1.1098532539E-01  1.8983638767E-02  5.0175782258E-03 -1.0481887719E-02
-0.6625  1.1135092223E-01  1.7904188130E-02  6.5014054415E-03 -1.1221150281E-02
-0.6500  1.1166102163E-01  1.6827963940E-02  7.8759358697E-03 -1.1826203664E-02
-0.6375  1.1192276968E-01  1.5758437369E-02  9.1575025577E-03 -1.2303761029E-02
-0.6250  1.1214389233E-01  1.4698504921E-02  1.0361362456E-02 -1.2661177853E-02
-0.6125  1.1233247672E-01  1.3650567525E-02  1.1501707237E-02 -1.2906244363E-02
-0.6000  1.1249678483E-01  1.2616599795E-02  1.2591681692E-02 -1.3047006341E-02
-0.5875  1.1264509625E-01  1.1598210463E-02  1.3643408671E-02 -1.3091611667E-02
-0.5750  1.1278557715E-01  1.0596694931E-02  1.4668019623E-02 -1.3048180122E-02
-0.5625  1.1292617272E-01  9.6130807882E-03  1.5675689863E-02 -1.2924694176E-02
-0.5500  1.1307452060E-01  8.6481670990E-03  1.6675677766E-02 -1.2728908634E-02
-0.5375  1.1323788306E-01  7.7025581584E-03  1.7676367158E-02 -1.2468277180E-02
-0.5250  1.1342309557E-01  6.7766923884E-03  1.8685312235E-02 -1.2149893990E-02
-0.5125  1.1363653009E-01  5.8708669603E-03  1.9709284398E-02 -1.1780448762E-02
-0.5000  1.1388407112E-01  4.9852586866E-03  2.0754320465E-02 -1.1366193591E-02
-0.4875  1.1417110280E-01  4.1199416681E-03  2.1825771754E-02 -1.0912920283E-02
-0.4750  1.1450250576E-01  3.2749021370E-03  2.2928353599E-02 -1.0425946804E-02
-0.4625  1.1488266212E-01  2.4500508902E-03  2.4066194891E-02 -9.9101116583E-03
-0.4500  1.1531546756E-01  1.6452336662E-03  2.5242887299E-02 -9.3697751147E-03
-0.4375  1.1580434922E-01  8.6023978175E-04  2.6461533851E-02 -8.8088262724E-03
-0.4250  1.1635228843E-01  9.4809309654E-05  2.7724796605E-02 -8.2306950713E-03
-0.4125  1.1696184740E-01 -6.5136095515E-04  2.9034943165E-02 -7.6383684164E-03
-0.4000  1.1763519890E-01 -1.3786125197E-03  3.0393891839E-02 -7.0344096749E-03
-0.3875  1.1837415834E-01 -2.0873210155E-03  3.1803255263E-02 -6.4209808753E-03
-0.3750  1.1918021750E-01 -2.7778926501E-03  3.3264382344E-02 -5.7998670046E-03
-0.3625  1.2005457933E-01 -3.4507611420E-03  3.4778398396E-02 -5.1725018650E-03
-0.3500  1.2099819329E-01 -4.1063850111E-03  3.6346243376E-02 -4.5399950086E-03
-0.3375  1.2201179084E-01 -4.7452451176E-03  3.7968708144E-02 -3.9031593226E-03
-0.3250  1.2309592061E-01 -5.3678423550E-03  3.9646468689E-02 -3.2625388883E-03
-0.3125  1.2425098294E-01 -5.9746954228E-03  4.1380118283E-02 -2.6184367828E-03
-0.3000  1.2547726354E-01 -6.5663386101E-03  4.3170197552E-02 -1.9709425343E-03
-0.2875  1.2677496592E-01 -7.1433195415E-03  4.5017222439E-02 -1.3199589804E-03
-0.2750  1.2814424257E-01 -7.7061968394E-03  4.6921710090E-02 -6.6522831453E-04
-0.2625  1.2958522448E-01 -8.2555376721E-03  4.8884202670E-02 -6.3571369291E-06
-0.2500  1.3109804916E-01 -8.7919151609E-03  5.0905289140E-02  6.5715964347E-04
-0.2375  1.3268288677E-01 -9.3159056291E-03  5.2985625048E-02  1.3259161851E-03
-0.2250  1.3433996461E-01 -9.8280856821E-03  5.5125950374E-02  2.0005744716E-03
-0.2125  1.3606958959E-01 -1.0329029111E-02  5.7327105498E-02  2.6818445363E-03
-0.2000  1.3787216897E-01 -1.0819303623E-02  5.9590045343E-02  3.3704662164E-03
-0.1875  1.3974822915E-01 -1.1299467392E-02  6.1915851789E-02  4.0671924883E-03
-0.1750  1.4169843269E-01 -1.1770065452E-02  6.4305744416E-02  4.7727744161E-03
-0.1625  1.4372359348E-01 -1.2231625928E-02  6.6761089676E-02  5.4879477366E-03
-0.1500  1.4582469021E-01 -1.2684656127E-02  6.9283408568E-02  6.2134210912E-03
-0.1375  1.4800287811E-01 -1.3129638504E-02  7.1874382938E-02  6.9498659082E-03
-0.1250  1.5025949914E-01 -1.3567026513E-02  7.4535860470E-02  7.6979079281E-03
-0.1125  1.5259609064E-01 -1.3997240377E-02  7.7269858505E-02  8.4581203621E-03
-0.1000  1.5501439262E-01 -1.4420662784E-02  8.0078566771E-02  9.2310186666E-03
-0.0875  1.5751635363E-01 -1.4837634544E-02  8.2964349151E-02  1.0017056912E-02
-0.0750  1.6010413559E-01 -1.5248450223E-02  8.5929744615E-02  1.0816625723E-02
-0.0625  1.6278011743E-01 -1.5653353788E-02  8.8977467415E-02  1.1630051765E-02
-0.0500  1.6554689786E-01 -1.6052534292E-02  9.2110406701E-02  1.2457598749E-02
-0.0375  1.6840729725E-01 -1.6446121613E-02  9.5331625677E-02  1.3299469919E-02
-0.0250  1.7136435898E-01 -1.6834182303E-02  9.8644360445E-02  1.4155812009E-02
-0.0125  1.7442135007E-01 -1.7216715567E-02  1.0205201869E-01  1.5026720624E-02
-0.0000  1.7758176165E-01 -1.7593649394E-02  1.0555817836E-01  1.5912247018E-02
 0.0125  1.8084930904E-01 -1.7964836912E-02  1.0916658652E-01  1.6812406243E-02
 0.0250  1.8422793191E-01 -1.8330052966E-02  1.1288115856E-01  1.7727186640E-02
 0.0375  1.8772179448E-01 -1.8688990983E-02  1.1670597792E-01  1.8656560625E-02
 0.0500  1.9133528612E-01 -1.9041260172E-02  1.2064529663E-01  1.9600496751E-02
 0.0625  1.9507302243E-01 -1.9386383077E-02  1.2470353672E-01  2.0558973008E-02
 0.0750  1.9893984701E-01 -1.9723793556E-02  1.2888529293E-01  2.1531991304E-02
 0.0875  2.0294083424E-01 -2.0052835227E-02  1.3319533688E-01  2.2519593113E-02
 0.1000  2.0708129324E-01 -2.0372760424E-02  1.3763862293E-01  2.3521876209E-02
 0.1125  2.1136677322E-01 -2.0682729725E-02  1.4222029617E-01  2.4539012452E-02
 0.1250  2.1580307068E-01 -2.0981812099E-02  1.4694570270E-01  2.5571266550E-02
 0.1375  2.2039623853E-01 -2.1268985743E-02  1.5182040276E-01  2.6619015718E-02
 0.1500  2.2515259764E-01 -2.1543139633E-02  1.5685018682E-01  2.7682770158E-02
 0.1625  2.3007875115E-01 -2.1803075884E-02  1.6204109536E-01  2.8763194237E-02
 0.1750  2.3518160188E-01 -2.2047512938E-02  1.6739944247E-01  2.9861128261E-02
 0.1875  2.4046837329E-01 -2.2275089665E-02  1.7293184406E-01  3.0977610688E-02
 0.2000  2.4594663458E-01 -2.2484370402E-02  1.7864525089E-01  3.2113900627E-02
 0.2125  2.5162433027E-01 -2.2673850993E-02  1.8454698730E-01  3.3271500427E-02
 0.2250  2.5750981505E-01 -2.2841965866E-02  1.9064479599E-01  3.4452178142E-02
 0.2375  2.6361189438E-01 -2.2987096187E-02  1.9694688957E-01  3.5657989626E-02
 0.2500  2.6993987158E-01 -2.3107579109E-02  2.0346200975E-01  3.6891299974E-02
 0.2625  2.7650360230E-01 -2.3201718143E-02  2.1019949457E-01  3.8154803998E-02
 0.2750  2.8331355704E-01 -2.3267794656E-02  2.1716935483E-01  3.9451545377E-02
 0.2875  2.9038089282E-01 -2.3304080471E-02  2.2438236029E-01  4.0784934106E-02
 0.3000  2.9771753489E-01 -2.3308851574E-02  2.3185013669E-01  4.2158761796E-02
 0.3125  3.0533626972E-01 -2.3280402857E-02  2.3958527451E-01  4.3577214377E-02
 0.3250  3.1325085043E-01 -2.3217063859E-02  2.4760145044E-01  4.5044881685E-02
 0.3375  3.2147611598E-01 -2.3117215406E-02  2.5591356268E-01  4.6566763415E-02
 0.3500  3.3002812563E-01 -2.2979307067E-02  2.6453788118E-01  4.8148270852E-02
 0.3625  3.3892431021E-01 -2.2801875294E-02  2.7349221401E-01  4.9795223836E-02
 0.3750  3.4818364194E-01 -2.2583562103E-02  2.8279609113E-01  5.1513842320E-02
 0.3875  3.5782682463E-01 -2.2323134146E-02  2.9247096694E-01  5.3310731979E-02
 0.4000  3.6787650627E-01 -2.2019502002E-02  3.0254044294E-01  5.5192863261E-02
 0.4125  3.7835751614E-01 -2.1671739498E-02  3.1303051211E-01  5.7167543370E-02
 0.4250  3.8929712882E-01 -2.1279102894E-02  3.2396982669E-01  5.9242380701E-02
 0.4375  4.0072535757E-01 -2.0841049764E-02  3.3538999098E-01  6.1425241352E-02
 0.4500  4.1267527973E-01 -2.0357257422E-02  3.4732588134E-01  6.3724197447E-02
 0.4625  4.2518339711E-01 -1.9827640806E-02  3.5981599539E-01  6.6147467179E-02
 0.4750  4.3829003446E-01 -1.9252369775E-02  3.7290283301E-01  6.8703346659E-02
 0.4875  4.5203977943E-01 -1.8631885877E-02  3.8663331189E-01  7.1400133920E-02
 0.5000  4.6648196774E-01 -1.7966918769E-02  4.0105922087E-01  7.4246045670E-02
 0.5125  4.8167121760E-01 -1.7258502592E-02  4.1623771511E-01  7.7249127754E-02
 0.5250  4.9766801789E-01 -1.6507992850E-02  4.3223185753E-01  8.0417160608E-02
 0.5375  5.1453937534E-01 -1.5717084510E-02  4.4911121219E-01  8.3757561396E-02
 0.5500  5.3235952619E-01 -1.4887832378E-02  4.6695249641E-01  8.7277284906E-02
 0.5625  5.5121071937E-01 -1.4022675075E-02  4.8584030005E-01  9.0982725665E-02
 0.5750  5.7118407888E-01 -1.3124464336E-02  5.0586788219E-01  9.4879624094E-02
 0.5875  5.9238055477E-01 -1.2196501716E-02  5.2713805821E-01  9.8972979714E-02
 0.6000  6.1491197425E-01 -1.1242585223E-02  5.4976419297E-01  1.0326697453E-01
 0.6125  6.3890220687E-01 -1.0267068795E-02  5.7387132033E-01  1.0776490952E-01
 0.6250  6.6448846122E-01 -9.2749379031E-03  5.9959741326E-01  1.1246915650E-01
 0.6375  6.9182273507E-01 -8.2719048660E-03  6.2709483579E-01  1.1738112668E-01
 0.6500  7.2107344658E-01 -7.2645275678E-03  6.5653201456E-01  1.2250125515E-01
 0.6625  7.5242728164E-01 -6.2603551765E-03  6.8809537775E-01  1.2782899766E-01
 0.6750  7.8609130236E-01 -5.2681039521E-03  7.2199161970E-01  1.3336283184E-01
 0.6875  8.2229537364E-01 -4.2978652024E-03  7.5845036397E-01  1.3910024866E-01
 0.7000  8.6129498110E-01 -3.3613456461E-03  7.9772731391E-01  1.4503771162E-01
 0.7125  9.0337453364E-01 -2.4721375844E-03  8.4010800049E-01  1.5117054910E-01
 0.7250  9.4885126995E-01 -1.6460120103E-03  8.8591226186E-01  1.5749273021E-01
 0.7375  9.9807992063E-01 -9.0122160436E-04  9.3549961908E-01  1.6399645301E-01
 0.7500  1.0514583193E+00 -2.5879188648E-04  9.8927574849E-01  1.7067144751E-01
 0.7625  1.1094342075E+00  2.5723315340E-04  1.0477002947E+00  1.7750385975E-01
 0.7750  1.1725135438E+00  6.1964080370E-04  1.1112963199E+00  1.8447453833E-01
 0.7875  1.2412707083E+00  7.9806622526E-04  1.1806617487E+00  1.9155648580E-01
 0.8000  1.3163610969E+00  7.5927590064E-04  1.2564832394E+00  1.9871116369E-01
 0.8125  1.3985367226E+00  4.6785528383E-04  1.3395530048E+00  2.0588324537E-01
 0.8250  1.4886656017E+00 -1.1251357560E-04  1.4307892083E+00  2.1299329349E-01
 0.8375  1.5877558936E+00 -1.0169363007E-03  1.5312606857E+00  2.1992768987E-01
 0.8500  1.6969860012E+00 -2.2760244425E-03  1.6422168941E+00  2.2652496167E-01
 0.8625  1.8177421352E+00 -3.9110183648E-03  1.7651241596E+00  2.3255741756E-01
 0.8750  1.9516652021E+00 -5.9267570608E-03  1.9017095048E+00  2.3770672348E-01
 0.8875  2.1007093211E+00 -8.3017756215E-03  2.0540135784E+00  2.4153169660E-01
 0.9000  2.2672148116E+00 -1.0974608552E-02  2.2244544933E+00  2.4342616418E-01
 0.9125  2.4539991513E+00 -1.3825124295E-02  2.4159047146E+00  2.4256420448E-01
 0.9250  2.6644702072E+00 -1.6649401901E-02  2.6317835297E+00  2.3782943820E-01
 0.9375  2.9027670133E+00 -1.9126271065E-02  2.8761680902E+00  2.2772424851E-01
 0.9500  3.1739345473E+00 -2.0773155388E-02  3.1539265482E+00  2.1025384384E-01
 0.9625  3.4841403897E+00 -2.0888265826E-02  3.4708774320E+00  1.8277890857E-01
 0.9750  3.8409428702E+00 -1.8475463257E-02  3.8339801296E+00  1.4182916826E-01
 0.9875  4.2536223905E+00 -1.2147217391E-02  4.2515621892E+00  8.2868481480E-02
 1.0000  4.7335901187E+00  0.0000000000E+00  4.7335901187E+00 -5.2261494463E-18
