lambda(um), Cext(cm^2/H), albedo, <cos>, # of angles
   0.36080  9.42817E-23   0.77740   0.55610   161
cos(theta),     S11,               S12,             S33,             S34
-1.0000  1.9264042174E-01 -8.9217576762E-18 -1.9264042174E-01 -2.6784365161E-18
-0.9875  1.7340270267E-01  4.1320430066E-03 -1.7210876390E-01  1.1140772150E-02
-0.9750  1.5888576258E-01  7.6804546267E-03 -1.5422835322E-01  1.8398941763E-02
-0.9625  1.4810286593E-01  1.0687643569E-02 -1.3866754576E-01  2.2660276157E-02
-0.9500  1.4024503416E-01  1.3194789182E-02 -1.2513152781E-01  2.4647761361E-02
-0.9375  1.3465296401E-01  1.5241650656E-02 -1.1335862342E-01  2.4947198240E-02
-0.9250  1.3079297541E-01  1.6866497323E-02 -1.0311697453E-01  2.4029275725E-02
-0.9125  1.2823641206E-01  1.8106077861E-02 -9.4201538070E-02  2.2268551263E-02
-0.9000  1.2664202294E-01  1.8995593967E-02 -8.6431360668E-02  1.9959720939E-02
-0.8875  1.2574092712E-01  1.9568667382E-02 -7.9647101287E-02  1.7331519345E-02
-0.8750  1.2532382005E-01  1.9857299770E-02 -7.3708778180E-02  1.4558551333E-02
-0.8625  1.2523012428E-01  1.9891829195E-02 -6.8493720264E-02  1.1771323737E-02
-0.8500  1.2533882477E-01  1.9700888051E-02 -6.3894705691E-02  9.0647146089E-03
-0.8375  1.2556076050E-01  1.9311366986E-02 -5.9818272237E-02  6.5050899658E-03
-0.8250  1.2583217220E-01  1.8748388407E-02 -5.6183185545E-02  4.1362534544E-03
-0.8125  1.2610933013E-01  1.8035292144E-02 -5.2919052465E-02  1.9843921575E-03
-0.8000  1.2636408765E-01  1.7193634797E-02 -4.9965067706E-02  6.2161997718E-05
-0.7875  1.2658022540E-01  1.6243203416E-02 -4.7268882927E-02 -1.6279615204E-03
-0.7750  1.2675046819E-01  1.5202043438E-02 -4.4785588184E-02 -3.0909572821E-03
-0.7625  1.2687407151E-01  1.4086500232E-02 -4.2476796371E-02 -4.3370613701E-03
-0.7500  1.2695488851E-01  1.2911273162E-02 -4.0309821995E-02 -5.3800153382E-03
-0.7375  1.2699983973E-01  1.1689480803E-02 -3.8256946213E-02 -6.2356876788E-03
-0.7250  1.2701771878E-01  1.0432735708E-02 -3.6294760667E-02 -6.9210060426E-03
-0.7125  1.2701827625E-01  9.1512270545E-03 -3.4403583158E-02 -7.4531464533E-03
-0.7000  1.2701153246E-01  7.8538094310E-03 -3.2566938737E-02 -7.8489334166E-03
-0.6875  1.2700727682E-01  6.5480960774E-03 -3.0771100219E-02 -8.1244115601E-03
-0.6750  1.2701471782E-01  5.2405549343E-03 -2.9004682584E-02 -8.2945553445E-03
-0.6625  1.2704225337E-01  3.9366059804E-03 -2.7258286143E-02 -8.3730885581E-03
-0.6500  1.2709733582E-01  2.6407184589E-03 -2.5524183718E-02 -8.3723898082E-03
-0.6375  1.2718641023E-01  1.3565067395E-03 -2.3796047447E-02 -8.3034641402E-03
-0.6250  1.2731490831E-01  8.6823723283E-05 -2.2068711191E-02 -8.1759643060E-03
-0.6125  1.2748728312E-01 -1.1661491462E-03 -2.0337964793E-02 -7.9982481245E-03
-0.6000  1.2770707275E-01 -2.4008160386E-03 -1.8600376801E-02 -7.7774608889E-03
-0.5875  1.2797698329E-01 -3.6160856819E-03 -1.6853142487E-02 -7.5196339218E-03
-0.5750  1.2829898332E-01 -4.8112955683E-03 -1.5093954316E-02 -7.2297922006E-03
-0.5625  1.2867440390E-01 -5.9861417601E-03 -1.3320892215E-02 -6.9120655189E-03
-0.5500  1.2910403938E-01 -7.1406145077E-03 -1.1532331282E-02 -6.5697989467E-03
-0.5375  1.2958824563E-01 -8.2749397785E-03 -9.7268647347E-03 -6.2056594299E-03
-0.5250  1.3012703290E-01 -9.3895266997E-03 -7.9032401416E-03 -5.8217362629E-03
-0.5125  1.3072015189E-01 -1.0484920829E-02 -6.0603071586E-03 -5.4196339045E-03
-0.5000  1.3136717161E-01 -1.1561763093E-02 -4.1969751588E-03 -5.0005561933E-03
-0.4875  1.3206754867E-01 -1.2620754180E-02 -2.3121793228E-03 -4.5653815005E-03
-0.4750  1.3282068763E-01 -1.3662624105E-02 -4.0485390192E-04 -4.1147287234E-03
-0.4625  1.3362599261E-01 -1.4688106655E-02  1.5260884880E-03 -3.6490143135E-03
-0.4500  1.3448291057E-01 -1.5697918364E-02  3.4817725548E-03 -3.1685007448E-03
-0.4375  1.3539096658E-01 -1.6692741665E-02  5.4633718890E-03 -2.6733369809E-03
-0.4250  1.3634979201E-01 -1.7673211852E-02  7.4721171725E-03 -2.1635916020E-03
-0.4125  1.3735914601E-01 -1.8639907474E-02  9.5093017102E-03 -1.6392793159E-03
-0.4000  1.3841893133E-01 -1.9593343785E-02  1.1576284866E-02 -1.1003816017E-03
-0.3875  1.3952920505E-01 -2.0533968891E-02  1.3674493897E-02 -5.4686224167E-04
-0.3750  1.4069018496E-01 -2.1462162233E-02  1.5805424609E-02  2.1321527694E-05
-0.3625  1.4190225245E-01 -2.2378235068E-02  1.7970641165E-02  6.0421154511E-04
-0.3500  1.4316595231E-01 -2.3282432616E-02  2.0171775362E-02  1.2018442819E-03
-0.3375  1.4448199034E-01 -2.4174937583E-02  2.2410525572E-02  1.8142488288E-03
-0.3250  1.4585122908E-01 -2.5055874772E-02  2.4688655555E-02  2.4414467726E-03
-0.3125  1.4727468229E-01 -2.5925316513E-02  2.7007993279E-02  3.0834534835E-03
-0.3000  1.4875350860E-01 -2.6783288697E-02  2.9370429847E-02  3.7402803974E-03
-0.2875  1.5028900460E-01 -2.7629777180E-02  3.1777918605E-02  4.4119379378E-03
-0.2750  1.5188259780E-01 -2.8464734373E-02  3.4232474498E-02  5.0984387794E-03
-0.2625  1.5353583970E-01 -2.9288085862E-02  3.6736173681E-02  5.7998012122E-03
-0.2500  1.5525039909E-01 -3.0099736891E-02  3.9291153416E-02  6.5160524165E-03
-0.2375  1.5702805590E-01 -3.0899578598E-02  4.1899612255E-02  7.2472315031E-03
-0.2250  1.5887069557E-01 -3.1687493899E-02  4.4563810506E-02  7.9933922203E-03
-0.2125  1.6078030413E-01 -3.2463362919E-02  4.7286070973E-02  8.7546052601E-03
-0.2000  1.6275896406E-01 -3.3227067917E-02  5.0068779970E-02  9.5309601346E-03
-0.1875  1.6480885090E-01 -3.3978497644E-02  5.2914388586E-02  1.0322566615E-02
-0.1750  1.6693223070E-01 -3.4717551094E-02  5.5825414225E-02  1.1129555750E-02
-0.1625  1.6913145826E-01 -3.5444140634E-02  5.8804442396E-02  1.1952080505E-02
-0.1500  1.7140897622E-01 -3.6158194493E-02  6.1854128793E-02  1.2790316057E-02
-0.1375  1.7376731492E-01 -3.6859658608E-02  6.4977201658E-02  1.3644459819E-02
-0.1250  1.7620909308E-01 -3.7548497859E-02  6.8176464477E-02  1.4514731239E-02
-0.1125  1.7873701921E-01 -3.8224696682E-02  7.1454799041E-02  1.5401371455E-02
-0.1000  1.8135389379E-01 -3.8888259118E-02  7.4815168908E-02  1.6304642857E-02
-0.0875  1.8406261223E-01 -3.9539208318E-02  7.8260623346E-02  1.7224828616E-02
-0.0750  1.8686616854E-01 -4.0177585552E-02  8.1794301801E-02  1.8162232243E-02
-0.0625  1.8976765974E-01 -4.0803448771E-02  8.5419438971E-02  1.9117177208E-02
-0.0500  1.9277029102E-01 -4.1416870776E-02  8.9139370572E-02  2.0090006670E-02
-0.0375  1.9587738171E-01 -4.2017937044E-02  9.2957539859E-02  2.1081083327E-02
-0.0250  1.9909237197E-01 -4.2606743278E-02  9.6877505010E-02  2.2090789407E-02
-0.0125  2.0241883037E-01 -4.3183392741E-02  1.0090294745E-01  2.3119526798E-02
-0.0000  2.0586046230E-01 -4.3747993423E-02  1.0503768119E-01  2.4167717306E-02
 0.0125  2.0942111924E-01 -4.4300655124E-02  1.0928566329E-01  2.5235803010E-02
 0.0250  2.1310480909E-01 -4.4841486487E-02  1.1365100550E-01  2.6324246688E-02
 0.0375  2.1691570740E-01 -4.5370592062E-02  1.1813798717E-01  2.7433532260E-02
 0.0500  2.2085816970E-01 -4.5888069434E-02  1.2275106945E-01  2.8564165191E-02
 0.0625  2.2493674494E-01 -4.6394006476E-02  1.2749491089E-01  2.9716672800E-02
 0.0750  2.2915619013E-01 -4.6888478766E-02  1.3237438444E-01  3.0891604393E-02
 0.0875  2.3352148613E-01 -4.7371547203E-02  1.3739459588E-01  3.2089531153E-02
 0.1000  2.3803785480E-01 -4.7843255852E-02  1.4256090367E-01  3.3311045711E-02
 0.1125  2.4271077740E-01 -4.8303630038E-02  1.4787894026E-01  3.4556761326E-02
 0.1250  2.4754601439E-01 -4.8752674693E-02  1.5335463479E-01  3.5827310603E-02
 0.1375  2.5254962666E-01 -4.9190372959E-02  1.5899423712E-01  3.7123343681E-02
 0.1500  2.5772799811E-01 -4.9616685038E-02  1.6480434326E-01  3.8445525853E-02
 0.1625  2.6308785979E-01 -5.0031547256E-02  1.7079192194E-01  3.9794534564E-02
 0.1750  2.6863631545E-01 -5.0434871308E-02  1.7696434236E-01  4.1171055781E-02
 0.1875  2.7438086865E-01 -5.0826543638E-02  1.8332940307E-01  4.2575779720E-02
 0.2000  2.8032945131E-01 -5.1206424883E-02  1.8989536168E-01  4.4009395973E-02
 0.2125  2.8649045389E-01 -5.1574349324E-02  1.9667096560E-01  4.5472588073E-02
 0.2250  2.9287275708E-01 -5.1930124233E-02  2.0366548343E-01  4.6966027582E-02
 0.2375  2.9948576507E-01 -5.2273529051E-02  2.1088873713E-01  4.8490367836E-02
 0.2500  3.0633944051E-01 -5.2604314266E-02  2.1835113484E-01  5.0046237478E-02
 0.2625  3.1344434107E-01 -5.2922199905E-02  2.2606370432E-01  5.1634234001E-02
 0.2750  3.2081165796E-01 -5.3226873501E-02  2.3403812705E-01  5.3254917516E-02
 0.2875  3.2845325619E-01 -5.3517987438E-02  2.4228677314E-01  5.4908805041E-02
 0.3000  3.3638171712E-01 -5.3795155553E-02  2.5082273711E-01  5.6596365625E-02
 0.3125  3.4461038322E-01 -5.4057948878E-02  2.5965987487E-01  5.8318016681E-02
 0.3250  3.5315340566E-01 -5.4305890440E-02  2.6881284226E-01  6.0074121931E-02
 0.3375  3.6202579486E-01 -5.4538449018E-02  2.7829713568E-01  6.1864991416E-02
 0.3500  3.7124347486E-01 -5.4755031809E-02  2.8812913545E-01  6.3690884045E-02
 0.3625  3.8082334185E-01 -5.4954975954E-02  2.9832615280E-01  6.5552013199E-02
 0.3750  3.9078332805E-01 -5.5137538923E-02  3.0890648162E-01  6.7448555914E-02
 0.3875  4.0114247176E-01 -5.5301887797E-02  3.1988945628E-01  6.9380666181E-02
 0.4000  4.1192099500E-01 -5.5447087523E-02  3.3129551726E-01  7.1348492890E-02
 0.4125  4.2314039034E-01 -5.5572088273E-02  3.4314628663E-01  7.3352202938E-02
 0.4250  4.3482351873E-01 -5.5675712104E-02  3.5546465571E-01  7.5392009950E-02
 0.4375  4.4699472088E-01 -5.5756639177E-02  3.6827488802E-01  7.7468209028E-02
 0.4500  4.5967994468E-01 -5.5813393860E-02  3.8160274078E-01  7.9581217818E-02
 0.4625  4.7290689231E-01 -5.5844331147E-02  3.9547560916E-01  8.1731624067E-02
 0.4750  4.8670519068E-01 -5.5847623867E-02  4.0992269793E-01  8.3920239673E-02
 0.4875  5.0110659014E-01 -5.5821251291E-02  4.2497522614E-01  8.6148161004E-02
 0.5000  5.1614519677E-01 -5.5762989801E-02  4.4066667117E-01  8.8416834989E-02
 0.5125  5.3185774491E-01 -5.5670406425E-02  4.5703305975E-01  9.0728130156E-02
 0.5250  5.4828391746E-01 -5.5540856076E-02  4.7411331439E-01  9.3084411383E-02
 0.5375  5.6546672290E-01 -5.5371483492E-02  4.9194966521E-01  9.5488616631E-02
 0.5500  5.8345293952E-01 -5.5159230917E-02  5.1058813871E-01  9.7944333358E-02
 0.5625  6.0229363900E-01 -5.4900852657E-02  5.3007913628E-01  1.0045587163E-01
 0.5750  6.2204480366E-01 -5.4592937726E-02  5.5047811772E-01  1.0302833010E-01
 0.5875  6.4276805379E-01 -5.4231941826E-02  5.7184640696E-01  1.0566765021E-01
 0.6000  6.6453150458E-01 -5.3814229948E-02  5.9425213954E-01  1.0838065270E-01
 0.6125  6.8741077486E-01 -5.3336130902E-02  6.1777137471E-01  1.1117504942E-01
 0.6250  7.1149017407E-01 -5.2794005009E-02  6.4248939785E-01  1.1405942197E-01
 0.6375  7.3686409759E-01 -5.2184326172E-02  6.6850224325E-01  1.1704315699E-01
 0.6500  7.6363866631E-01 -5.1503779389E-02  6.9591847143E-01  1.2013632621E-01
 0.6625  7.9193365161E-01 -5.0749374604E-02  7.2486124057E-01  1.2334949706E-01
 0.6750  8.2188473452E-01 -4.9918577559E-02  7.5547071804E-01  1.2669345761E-01
 0.6875  8.5364615602E-01 -4.9009457974E-02  7.8790688546E-01  1.3017883652E-01
 0.7000  8.8739382593E-01 -4.8020854987E-02  8.2235279967E-01  1.3381559630E-01
 0.7125  9.2332897034E-01 -4.6952559254E-02  8.5901838389E-01  1.3761237448E-01
 0.7250  9.6168241314E-01 -4.5805510500E-02  8.9814483690E-01  1.4157564402E-01
 0.7375  1.0027196074E+00 -4.4582008512E-02  9.4000976677E-01  1.4570866028E-01
 0.7500  1.0467465577E+00 -4.3285934670E-02  9.8493317942E-01  1.5001015798E-01
 0.7625  1.0941168084E+00 -4.1922979948E-02  1.0332844845E+00  1.5447275693E-01
 0.7750  1.1452397202E+00 -4.0500874009E-02  1.0854907250E+00  1.5908103109E-01
 0.7875  1.2005903191E+00 -3.9029608367E-02  1.1420463001E+00  1.6380919101E-01
 0.8000  1.2607210983E+00 -3.7521644704E-02  1.2035245424E+00  1.6861832607E-01
 0.8125  1.3262762887E+00 -3.5992097371E-02  1.2705916477E+00  1.7345315017E-01
 0.8250  1.3980093284E+00 -3.4458877074E-02  1.3440236742E+00  1.7823819470E-01
 0.8375  1.4768046037E+00 -3.2942781590E-02  1.4247276784E+00  1.8287339536E-01
 0.8500  1.5637051060E+00 -3.1467519725E-02  1.5137686560E+00  1.8722902330E-01
 0.8625  1.6599486478E+00 -3.0059656559E-02  1.6124050138E+00  1.9113990085E-01
 0.8750  1.7670171026E+00 -2.8748463935E-02  1.7221372454E+00  1.9439876288E-01
 0.8875  1.8867065830E+00 -2.7565617286E-02  1.8447781733E+00  1.9674830760E-01
 0.9000  2.0212332288E+00 -2.6544484679E-02  1.9825602884E+00  1.9787045678E-01
 0.9125  2.1734028776E+00 -2.5718067299E-02  2.1383099045E+00  1.9736838867E-01
 0.9250  2.3469007626E+00 -2.5112538458E-02  2.3157461933E+00  1.9472897470E-01
 0.9375  2.5468152099E+00 -2.4727368563E-02  2.5200201469E+00  1.8923304570E-01
 0.9500  2.7806300367E+00 -2.4477208139E-02  2.7587231493E+00  1.7973147538E-01
 0.9625  3.0601728737E+00 -2.4030649849E-02  3.0438249911E+00  1.6408795349E-01
 0.9750  3.4055341056E+00 -2.2383285944E-02  3.3954613440E+00  1.3781928538E-01
 0.9875  3.8530688829E+00 -1.6771380037E-02  3.8494056326E+00  9.0855659422E-02
 1.0000  4.4718673888E+00  0.0000000000E+00  4.4718673888E+00  2.5983008772E-19
