lambda(um), Cext(cm^2/H), albedo, <cos>, # of angles
   0.55100  1.09932E-22   0.77398   0.59683   161
cos(theta),     S11,               S12,             S33,             S34
-1.0000  1.0946619363E-01 -7.2503762443E-18 -1.0946619363E-01  3.3890840361E-18
-0.9875  1.0559201547E-01  3.6597938550E-03 -1.0521886841E-01  1.4140043485E-03
-0.9750  1.0233556033E-01  6.8838567515E-03 -1.0090293257E-01  2.5438403947E-03
-0.9625  9.9634743970E-02  9.7023524651E-03 -9.6540741577E-02  3.4188915319E-03
-0.9500  9.7432509554E-02  1.2144222977E-02 -9.2152732039E-02  4.0663868782E-03
-0.9375  9.5676454805E-02  1.4237147505E-02 -8.7757506628E-02  4.5115441787E-03
-0.9250  9.4318490146E-02  1.6007517423E-02 -8.3371918948E-02  4.7777016594E-03
-0.9125  9.3314524747E-02  1.7480424818E-02 -7.9011157901E-02  4.8864398996E-03
-0.9000  9.2624177811E-02  1.8679662664E-02 -7.4688831191E-02  4.8576946804E-03
-0.8875  9.2210512684E-02  1.9627734836E-02 -7.0417047656E-02  4.7098616701E-03
-0.8750  9.2039791613E-02  2.0345874380E-02 -6.6206498167E-02  4.4598937151E-03
-0.8625  9.2081249211E-02  2.0854068639E-02 -6.2066534866E-02  4.1233914274E-03
-0.8500  9.2306882872E-02  2.1171090008E-02 -5.8005248569E-02  3.7146876866E-03
-0.8375  9.2691258566E-02  2.1314531228E-02 -5.4029544168E-02  3.2469266073E-03
-0.8250  9.3211330626E-02  2.1300844270E-02 -5.0145213933E-02  2.7321374679E-03
-0.8125  9.3846274246E-02  2.1145381994E-02 -4.6357008584E-02  2.1813040409E-03
-0.8000  9.4577329580E-02  2.0862441835E-02 -4.2668706091E-02  1.6044297185E-03
-0.7875  9.5387656423E-02  2.0465310919E-02 -3.9083178121E-02  1.0105987880E-03
-0.7750  9.6262198583E-02  1.9966312054E-02 -3.5602454110E-02  4.0803416884E-04
-0.7625  9.7187557121E-02  1.9376850129E-02 -3.2227782922E-02 -1.9584810594E-04
-0.7500  9.8151871760E-02  1.8707458552E-02 -2.8959692098E-02 -7.9438741315E-04
-0.7375  9.9144709785E-02  1.7967845356E-02 -2.5798044687E-02 -1.3816298436E-03
-0.7250  1.0015696189E-01  1.7166938730E-02 -2.2742093667E-02 -1.9522820858E-03
-0.7125  1.0118074443E-01  1.6312931711E-02 -1.9790533983E-02 -2.5016677090E-03
-0.7000  1.0220930760E-01  1.5413325868E-02 -1.6941552217E-02 -3.0256856852E-03
-0.6875  1.0323694921E-01  1.4474973803E-02 -1.4192873931E-02 -3.5207710033E-03
-0.6750  1.0425893352E-01  1.3504120371E-02 -1.1541808708E-02 -3.9838572468E-03
-0.6625  1.0527141499E-01  1.2506442490E-02 -8.9852929485E-03 -4.4123410161E-03
-0.6500  1.0627136647E-01  1.1487087496E-02 -6.5199304416E-03 -4.8040480886E-03
-0.6375  1.0725651166E-01  1.0450709990E-02 -4.1420307868E-03 -5.1572012204E-03
-0.6250  1.0822526162E-01  9.4015071210E-03 -1.8476456917E-03 -5.4703895019E-03
-0.6125  1.0917665491E-01  8.3432523160E-03  3.6739678939E-04 -5.7425391855E-03
-0.6000  1.1011030146E-01  7.2793274365E-03  2.5074600297E-03 -5.9728859126E-03
-0.5875  1.1102632967E-01  6.2127533689E-03  4.5770685609E-03 -6.1609482715E-03
-0.5750  1.1192533680E-01  5.1462190678E-03  6.5808797081E-03 -6.3065026237E-03
-0.5625  1.1280834239E-01  4.0821090735E-03  8.5236570737E-03 -6.4095591390E-03
-0.5500  1.1367674455E-01  3.0225295326E-03  1.0410245817E-02 -6.4703389866E-03
-0.5375  1.1453227905E-01  1.9693327552E-03  1.2245549672E-02 -6.4892526293E-03
-0.5250  1.1537698105E-01  9.2414034876E-04  1.4034509658E-02 -6.4668791746E-03
-0.5125  1.1621314929E-01 -1.1163503280E-04  1.5782084417E-02 -6.4039467361E-03
-0.5000  1.1704331279E-01 -1.1367692802E-03  1.7493232134E-02 -6.3013137620E-03
-0.4875  1.1787019982E-01 -2.1502077159E-03  1.9172893996E-02 -6.1599512919E-03
-0.4750  1.1869670900E-01 -3.1510472317E-03  2.0825979117E-02 -5.9809261007E-03
-0.4625  1.1952588270E-01 -4.1385196302E-03  2.2457350906E-02 -5.7653846939E-03
-0.4500  1.2036088230E-01 -5.1119761254E-03  2.4071814809E-02 -5.5145381183E-03
-0.4375  1.2120496551E-01 -6.0708729553E-03  2.5674107394E-02 -5.2296475547E-03
-0.4250  1.2206146553E-01 -7.0147580622E-03  2.7268886723E-02 -4.9120106588E-03
-0.4125  1.2293377197E-01 -7.9432587962E-03  2.8860723979E-02 -4.5629486209E-03
-0.4000  1.2382531361E-01 -8.8560705989E-03  3.0454096290E-02 -4.1837939128E-03
-0.3875  1.2473954272E-01 -9.7529466252E-03  3.2053380734E-02 -3.7758786940E-03
-0.3750  1.2567992097E-01 -1.0633688262E-02  3.3662849461E-02 -3.3405238497E-03
-0.3625  1.2664990698E-01 -1.1498136505E-02  3.5286665922E-02 -2.8790286346E-03
-0.3500  1.2765294527E-01 -1.2346164156E-02  3.6928882144E-02 -2.3926608975E-03
-0.3375  1.2869245659E-01 -1.3177668801E-02  3.8593437049E-02 -1.8826478623E-03
-0.3250  1.2977182974E-01 -1.3992566541E-02  4.0284155762E-02 -1.3501674445E-03
-0.3125  1.3089441464E-01 -1.4790786430E-02  4.2004749896E-02 -7.9634008116E-04
-0.3000  1.3206351663E-01 -1.5572265603E-02  4.3758818785E-02 -2.2222105473E-04
-0.2875  1.3328239211E-01 -1.6336945051E-02  4.5549851639E-02  3.7120670699E-04
-0.2750  1.3455424527E-01 -1.7084766015E-02  4.7381230607E-02  9.8303937179E-04
-0.2625  1.3588222603E-01 -1.7815666976E-02  4.9256234729E-02  1.6124585001E-03
-0.2500  1.3726942907E-01 -1.8529581211E-02  5.1178044754E-02  2.2587369114E-03
-0.2375  1.3871889399E-01 -1.9226434884E-02  5.3149748826E-02  2.9212441330E-03
-0.2250  1.4023360644E-01 -1.9906145652E-02  5.5174349011E-02  3.5994514395E-03
-0.2125  1.4181650043E-01 -2.0568621763E-02  5.7254768680E-02  4.2929364936E-03
-0.2000  1.4347046148E-01 -2.1213761614E-02  5.9393860713E-02  5.0013875933E-03
-0.1875  1.4519833093E-01 -2.1841453753E-02  6.1594416554E-02  5.7246075306E-03
-0.1750  1.4700291114E-01 -2.2451577304E-02  6.3859176097E-02  6.4625170652E-03
-0.1625  1.4888697169E-01 -2.3044002780E-02  6.6190838408E-02  7.2151580124E-03
-0.1500  1.5085325657E-01 -2.3618593278E-02  6.8592073307E-02  7.9826959454E-03
-0.1375  1.5290449234E-01 -2.4175206025E-02  7.1065533788E-02  8.7654225077E-03
-0.1250  1.5504339721E-01 -2.4713694255E-02  7.3613869325E-02  9.5637573298E-03
-0.1125  1.5727269123E-01 -2.5233909393E-02  7.6239740043E-02  1.0378249543E-02
-0.1000  1.5959510731E-01 -2.5735703527E-02  7.8945831805E-02  1.1209578882E-02
-0.0875  1.6201340345E-01 -2.6218932147E-02  8.1734872201E-02  1.2058556356E-02
-0.0750  1.6453037581E-01 -2.6683457117E-02  8.4609647493E-02  1.2926124488E-02
-0.0625  1.6714887300E-01 -2.7129149870E-02  8.7573020518E-02  1.3813357097E-02
-0.0500  1.6987181143E-01 -2.7555894795E-02  9.0627949588E-02  1.4721458596E-02
-0.0375  1.7270219172E-01 -2.7963592784E-02  9.3777508417E-02  1.5651762810E-02
-0.0250  1.7564311644E-01 -2.8352164926E-02  9.7024907098E-02  1.6605731266E-02
-0.0125  1.7869780897E-01 -2.8721556306E-02  1.0037351418E-01  1.7584950946E-02
-0.0000  1.8186963371E-01 -2.9071739893E-02  1.0382687988E-01  1.8591131477E-02
 0.0125  1.8516211760E-01 -2.9402720469E-02  1.0738876043E-01  1.9626101720E-02
 0.0250  1.8857897312E-01 -2.9714538593E-02  1.1106314371E-01  2.0691805749E-02
 0.0375  1.9212412275E-01 -3.0007274534E-02  1.1485427603E-01  2.1790298177E-02
 0.0500  1.9580172500E-01 -3.0281052171E-02  1.1876669033E-01  2.2923738809E-02
 0.0625  1.9961620215E-01 -3.0536042796E-02  1.2280523568E-01  2.4094386589E-02
 0.0750  2.0357226971E-01 -3.0772468800E-02  1.2697510812E-01  2.5304592826E-02
 0.0875  2.0767496773E-01 -3.0990607197E-02  1.3128188312E-01  2.6556793660E-02
 0.1000  2.1192969414E-01 -3.1190792943E-02  1.3573154941E-01  2.7853501754E-02
 0.1125  2.1634224011E-01 -3.1373422013E-02  1.4033054445E-01  2.9197297196E-02
 0.1250  2.2091882759E-01 -3.1538954194E-02  1.4508579157E-01  3.0590817586E-02
 0.1375  2.2566614929E-01 -3.1687915545E-02  1.5000473879E-01  3.2036747314E-02
 0.1500  2.3059141093E-01 -3.1820900491E-02  1.5509539943E-01  3.3537806009E-02
 0.1625  2.3570237629E-01 -3.1938573506E-02  1.6036639461E-01  3.5096736175E-02
 0.1750  2.4100741482E-01 -3.2041670339E-02  1.6582699770E-01  3.6716290024E-02
 0.1875  2.4651555230E-01 -3.2130998745E-02  1.7148718086E-01  3.8399215532E-02
 0.2000  2.5223652439E-01 -3.2207438701E-02  1.7735766365E-01  4.0148241747E-02
 0.2125  2.5818083352E-01 -3.2271942041E-02  1.8344996406E-01  4.1966063405E-02
 0.2250  2.6435980913E-01 -3.2325531516E-02  1.8977645181E-01  4.3855324909E-02
 0.2375  2.7078567146E-01 -3.2369299230E-02  1.9635040438E-01  4.5818603761E-02
 0.2500  2.7747159908E-01 -3.2404404450E-02  2.0318606561E-01  4.7858393537E-02
 0.2625  2.8443180046E-01 -3.2432070777E-02  2.1029870742E-01  4.9977086518E-02
 0.2750  2.9168158959E-01 -3.2453582670E-02  2.1770469454E-01  5.2176956125E-02
 0.2875  2.9923746607E-01 -3.2470281352E-02  2.2542155277E-01  5.4460139305E-02
 0.3000  3.0711719978E-01 -3.2483560110E-02  2.3346804099E-01  5.6828619060E-02
 0.3125  3.1533992046E-01 -3.2494859021E-02  2.4186422721E-01  5.9284207312E-02
 0.3250  3.2392621243E-01 -3.2505659180E-02  2.5063156921E-01  6.1828528337E-02
 0.3375  3.3289821475E-01 -3.2517476476E-02  2.5979300013E-01  6.4463003010E-02
 0.3500  3.4227972726E-01 -3.2531855020E-02  2.6937301967E-01  6.7188834140E-02
 0.3625  3.5209632270E-01 -3.2550360331E-02  2.7939779153E-01  7.0006993164E-02
 0.3750  3.6237546555E-01 -3.2574572414E-02  2.8989524785E-01  7.2918208508E-02
 0.3875  3.7314663793E-01 -3.2606078870E-02  3.0089520163E-01  7.5922955921E-02
 0.4000  3.8444147321E-01 -3.2646468231E-02  3.1242946804E-01  7.9021451075E-02
 0.4125  3.9629389802E-01 -3.2697323698E-02  3.2453199607E-01  8.2213644728E-02
 0.4250  4.0874028336E-01 -3.2760217506E-02  3.3723901171E-01  8.5499220725E-02
 0.4375  4.2181960588E-01 -3.2836706148E-02  3.5058917453E-01  8.8877597045E-02
 0.4500  4.3557362036E-01 -3.2928326700E-02  3.6462374945E-01  9.2347930063E-02
 0.4625  4.5004704468E-01 -3.3036594493E-02  3.7938679609E-01  9.5909122107E-02
 0.4750  4.6528775902E-01 -3.3163002408E-02  3.9492537808E-01  9.9559832242E-02
 0.4875  4.8134702106E-01 -3.3309021998E-02  4.1128979555E-01  1.0329849009E-01
 0.5000  4.9827969941E-01 -3.3476106686E-02  4.2853384408E-01  1.0712331225E-01
 0.5125  5.1614452828E-01 -3.3665697193E-02  4.4671510422E-01  1.1103232063E-01
 0.5250  5.3500438626E-01 -3.3879229304E-02  4.6589526602E-01  1.1502336174E-01
 0.5375  5.5492660344E-01 -3.4118143993E-02  4.8614049394E-01  1.1909412539E-01
 0.5500  5.7598330143E-01 -3.4383899784E-02  5.0752183805E-01  1.2324216098E-01
 0.5625  5.9825177180E-01 -3.4677987078E-02  5.3011569853E-01  1.2746488875E-01
 0.5750  6.2181489970E-01 -3.5001943922E-02  5.5400435114E-01  1.3175960275E-01
 0.5875  6.4676164051E-01 -3.5357372445E-02  5.7927654289E-01  1.3612346117E-01
 0.6000  6.7318755891E-01 -3.5745954817E-02  6.0602816787E-01  1.4055345889E-01
 0.6125  7.0119544165E-01 -3.6169467121E-02  6.3436303511E-01  1.4504637545E-01
 0.6250  7.3089599699E-01 -3.6629789002E-02  6.6439374152E-01  1.4959869046E-01
 0.6375  7.6240865666E-01 -3.7128906269E-02  6.9624266497E-01  1.5420645623E-01
 0.6500  7.9586249859E-01 -3.7668902775E-02  7.3004309454E-01  1.5886511560E-01
 0.6625  8.3139731212E-01 -3.8251936927E-02  7.6594051714E-01  1.6356925011E-01
 0.6750  8.6916483120E-01 -3.8880196944E-02  8.0409408219E-01  1.6831224080E-01
 0.6875  9.0933016543E-01 -3.9555827531E-02  8.4467826905E-01  1.7308582041E-01
 0.7000  9.5207346396E-01 -4.0280818905E-02  8.8788478468E-01  1.7787949151E-01
 0.7125  9.9759185322E-01 -4.1056847034E-02  9.3392472287E-01  1.8267978045E-01
 0.7250  1.0461016963E+00 -4.1885051506E-02  9.8303102000E-01  1.8746929140E-01
 0.7375  1.0978412298E+00 -4.2765734555E-02  1.0354612467E+00  1.9222551836E-01
 0.7500  1.1530736426E+00 -4.3697961333E-02  1.0915007799E+00  1.9691936527E-01
 0.7625  1.2120906727E+00 -4.4679037556E-02  1.1514664040E+00  2.0151331628E-01
 0.7750  1.2752168089E+00 -4.5703835923E-02  1.2157103982E+00  2.0595918758E-01
 0.7875  1.3428141991E+00 -4.6763937230E-02  1.2846251705E+00  2.1019538137E-01
 0.8000  1.4152883830E+00 -4.7846545741E-02  1.3586485086E+00  2.1414354885E-01
 0.8125  1.4930949831E+00 -4.8933130885E-02  1.4382695257E+00  2.1770455431E-01
 0.8250  1.5767475132E+00 -4.9997738774E-02  1.5240353861E+00  2.2075361482E-01
 0.8375  1.6668264825E+00 -5.1004906991E-02  1.6165589088E+00  2.2313447035E-01
 0.8500  1.7639900043E+00 -5.1907104564E-02  1.7165271556E+00  2.2465241607E-01
 0.8625  1.8689861477E+00 -5.2641605652E-02  1.8247111224E+00  2.2506600303E-01
 0.8750  1.9826673076E+00 -5.3126690109E-02  1.9419766677E+00  2.2407718355E-01
 0.8875  2.1060069063E+00 -5.3257046352E-02  2.0692968250E+00  2.2131964385E-01
 0.9000  2.2401187896E+00 -5.2898231627E-02  2.2077656614E+00  2.1634502823E-01
 0.9125  2.3862797288E+00 -5.1880021386E-02  2.3586138661E+00  2.0860671530E-01
 0.9250  2.5459555020E+00 -4.9988452752E-02  2.5232262670E+00  1.9744075725E-01
 0.9375  2.7208310954E+00 -4.6956336398E-02  2.7031614986E+00  1.8204353665E-01
 0.9500  2.9128456390E+00 -4.2451976188E-02  2.9001740661E+00  1.6144563183E-01
 0.9625  3.1242327814E+00 -3.6065795973E-02  3.1162390779E+00  1.3448130925E-01
 0.9750  3.3575673030E+00 -2.7294527347E-02  3.3535799446E+00  9.9752979723E-02
 0.9875  3.6158188803E+00 -1.5522560348E-02  3.6146993756E+00  5.5589862923E-02
 1.0000  3.9024140364E+00  0.0000000000E+00  3.9024140364E+00 -1.3660968514E-17
