lambda(um), Cext(cm^2/H), albedo, <cos>, # of angles
   0.89228  4.99584E-23   0.76751   0.49729   161
cos(theta),     S11,               S12,             S33,             S34
-1.0000  1.5968561055E-01  1.6073982051E-18 -1.5968561055E-01 -1.6146961351E-18
-0.9875  1.5484379355E-01 -1.5538876141E-03 -1.5471598288E-01  7.2531997262E-04
-0.9750  1.5050119790E-01 -2.9737014731E-03 -1.5000440092E-01  1.2394770492E-03
-0.9625  1.4661684170E-01 -4.2727342766E-03 -1.4553015598E-01  1.5704006092E-03
-0.9500  1.4315288943E-01 -5.4634383723E-03 -1.4127392220E-01  1.7436385360E-03
-0.9375  1.4007444648E-01 -6.5574646324E-03 -1.3721766677E-01  1.7825210534E-03
-0.9250  1.3734936554E-01 -7.5657002080E-03 -1.3334456544E-01  1.7083149724E-03
-0.9125  1.3494806415E-01 -8.4983051528E-03 -1.2963892301E-01  1.5403688306E-03
-0.9000  1.3284335292E-01 -9.3647479124E-03 -1.2608609859E-01  1.2962493863E-03
-0.8875  1.3101027376E-01 -1.0173839675E-02 -1.2267243532E-01  9.9186990836E-04
-0.8750  1.2942594779E-01 -1.0933767588E-02 -1.1938519430E-01  6.4161068317E-04
-0.8625  1.2806943225E-01 -1.1652126840E-02 -1.1621249253E-01  2.5843214363E-04
-0.8500  1.2692158610E-01 -1.2335951620E-02 -1.1314324465E-01 -1.4601899573E-04
-0.8375  1.2596494378E-01 -1.2991744957E-02 -1.1016710818E-01 -5.6131022816E-04
-0.8250  1.2518359666E-01 -1.3625507460E-02 -1.0727443219E-01 -9.7813001715E-04
-0.8125  1.2456308193E-01 -1.4242764959E-02 -1.0445620912E-01 -1.3882004958E-03
-0.8000  1.2409027838E-01 -1.4848595068E-02 -1.0170402955E-01 -1.7841957823E-03
-0.7875  1.2375330873E-01 -1.5447652696E-02 -9.9010039862E-02 -2.1596656056E-03
-0.7750  1.2354144831E-01 -1.6044194499E-02 -9.6366902508E-02 -2.5089639486E-03
-0.7625  1.2344503950E-01 -1.6642102322E-02 -9.3767758813E-02 -2.8271824318E-03
-0.7500  1.2345541183E-01 -1.7244905622E-02 -9.1206194112E-02 -3.1100881690E-03
-0.7375  1.2356480732E-01 -1.7855802920E-02 -8.8676205123E-02 -3.3540658458E-03
-0.7250  1.2376631079E-01 -1.8477682280E-02 -8.6172169403E-02 -3.5560637757E-03
-0.7125  1.2405378487E-01 -1.9113140853E-02 -8.3688816762E-02 -3.7135437070E-03
-0.7000  1.2442180946E-01 -1.9764503506E-02 -8.1221202530E-02 -3.8244341603E-03
-0.6875  1.2486562535E-01 -2.0433840554E-02 -7.8764682552E-02 -3.8870870880E-03
-0.6750  1.2538108183E-01 -2.1122984627E-02 -7.6314889813E-02 -3.9002376590E-03
-0.6625  1.2596458796E-01 -2.1833546692E-02 -7.3867712588E-02 -3.8629669791E-03
-0.6500  1.2661306741E-01 -2.2566931253E-02 -7.1419274025E-02 -3.7746675675E-03
-0.6375  1.2732391650E-01 -2.3324350760E-02 -6.8965913069E-02 -3.6350114200E-03
-0.6250  1.2809496546E-01 -2.4106839248E-02 -6.6504166649E-02 -3.4439204965E-03
-0.6125  1.2892444254E-01 -2.4915265230E-02 -6.4030753031E-02 -3.2015394785E-03
-0.6000  1.2981094082E-01 -2.5750343873E-02 -6.1542556284E-02 -2.9082106518E-03
-0.5875  1.3075338772E-01 -2.6612648480E-02 -5.9036611761E-02 -2.5644507748E-03
-0.5750  1.3175101681E-01 -2.7502621302E-02 -5.6510092555E-02 -2.1709298013E-03
-0.5625  1.3280334193E-01 -2.8420583703E-02 -5.3960296839E-02 -1.7284513334E-03
-0.5500  1.3391013346E-01 -2.9366745714E-02 -5.1384636044E-02 -1.2379346864E-03
-0.5375  1.3507139649E-01 -3.0341214986E-02 -4.8780623818E-02 -7.0039845324E-04
-0.5250  1.3628735101E-01 -3.1344005170E-02 -4.6145865699E-02 -1.1694546336E-04
-0.5125  1.3755841363E-01 -3.2375043753E-02 -4.3478049469E-02  5.1125096452E-04
-0.5000  1.3888518114E-01 -3.3434179375E-02 -4.0774936115E-02  1.1829595708E-03
-0.4875  1.4026841541E-01 -3.4521188635E-02 -3.8034351380E-02  1.8969025934E-03
-0.4750  1.4170902984E-01 -3.5635782432E-02 -3.5254177829E-02  2.6517661818E-03
-0.4625  1.4320807703E-01 -3.6777611837E-02 -3.2432347414E-02  3.4462098654E-03
-0.4500  1.4476673772E-01 -3.7946273550E-02 -2.9566834484E-02  4.2788751522E-03
-0.4375  1.4638631090E-01 -3.9141314923E-02 -2.6655649202E-02  5.1483933288E-03
-0.4250  1.4806820489E-01 -4.0362238618E-02 -2.3696831341E-02  6.0533925280E-03
-0.4125  1.4981392954E-01 -4.1608506872E-02 -2.0688444417E-02  6.9925041277E-03
-0.4000  1.5162508917E-01 -4.2879545432E-02 -1.7628570128E-02  7.9643685384E-03
-0.3875  1.5350337654E-01 -4.4174747146E-02 -1.4515303071E-02  8.9676404375E-03
-0.3750  1.5545056742E-01 -4.5493475254E-02 -1.1346745706E-02  1.0000993500E-02
-0.3625  1.5746851602E-01 -4.6835066384E-02 -8.1210035246E-03  1.1063124673E-02
-0.3500  1.5955915101E-01 -4.8198833276E-02 -4.8361804259E-03  1.2152758046E-02
-0.3375  1.6172447217E-01 -4.9584067247E-02 -1.4903742372E-03  1.3268648351E-02
-0.3250  1.6396654763E-01 -5.0990040427E-02  1.9183276196E-03  1.4409584134E-02
-0.3125  1.6628751154E-01 -5.2416007767E-02  5.3918523543E-03  1.5574390642E-02
-0.3000  1.6868956236E-01 -5.3861208842E-02  8.9321459477E-03  1.6761932448E-02
-0.2875  1.7117496143E-01 -5.5324869475E-02  1.2541177228E-02  1.7971115851E-02
-0.2750  1.7374603207E-01 -5.6806203177E-02  1.6220941907E-02  1.9200891085E-02
-0.2625  1.7640515893E-01 -5.8304412430E-02  1.9973466602E-02  2.0450254347E-02
-0.2500  1.7915478779E-01 -5.9818689835E-02  2.3800812858E-02  2.1718249694E-02
-0.2375  1.8199742558E-01 -6.1348219113E-02  2.7705081202E-02  2.3003970797E-02
-0.2250  1.8493564072E-01 -6.2892176007E-02  3.1688415247E-02  2.4306562606E-02
-0.2125  1.8797206370E-01 -6.4449729063E-02  3.5753005858E-02  2.5625222915E-02
-0.2000  1.9110938796E-01 -6.6020040322E-02  3.9901095424E-02  2.6959203863E-02
-0.1875  1.9435037086E-01 -6.7602265940E-02  4.4134982234E-02  2.8307813369E-02
-0.1750  1.9769783503E-01 -6.9195556718E-02  4.8457024987E-02  2.9670416519E-02
-0.1625  2.0115466974E-01 -7.0799058587E-02  5.2869647469E-02  3.1046436914E-02
-0.1500  2.0472383259E-01 -7.2411913031E-02  5.7375343396E-02  3.2435357987E-02
-0.1375  2.0840835128E-01 -7.4033257473E-02  6.1976681469E-02  3.3836724283E-02
-0.1250  2.1221132561E-01 -7.5662225618E-02  6.6676310645E-02  3.5250142729E-02
-0.1125  2.1613592958E-01 -7.7297947776E-02  7.1476965656E-02  3.6675283859E-02
-0.1000  2.2018541373E-01 -7.8939551153E-02  7.6381472799E-02  3.8111883035E-02
-0.0875  2.2436310759E-01 -8.0586160139E-02  8.1392756012E-02  3.9559741620E-02
-0.0750  2.2867242229E-01 -8.2236896574E-02  8.6513843276E-02  4.1018728132E-02
-0.0625  2.3311685336E-01 -8.3890880006E-02  9.1747873354E-02  4.2488779347E-02
-0.0500  2.3769998378E-01 -8.5547227956E-02  9.7098102892E-02  4.3969901355E-02
-0.0375  2.4242548705E-01 -8.7205056167E-02  1.0256791392E-01  4.5462170555E-02
-0.0250  2.4729713066E-01 -8.8863478859E-02  1.0816082178E-01  4.6965734569E-02
-0.0125  2.5231877967E-01 -9.0521608982E-02  1.1388048346E-01  4.8480813069E-02
-0.0000  2.5749440056E-01 -9.2178558468E-02  1.1973070648E-01  5.0007698493E-02
 0.0125  2.6282806532E-01 -9.3833438471E-02  1.2571545822E-01  5.1546756618E-02
 0.0250  2.6832395590E-01 -9.5485359605E-02  1.3183887578E-01  5.3098426997E-02
 0.0375  2.7398636893E-01 -9.7133432171E-02  1.3810527648E-01  5.4663223195E-02
 0.0500  2.7981972077E-01 -9.8776766354E-02  1.4451916886E-01  5.6241732825E-02
 0.0625  2.8582855300E-01 -1.0041447240E-01  1.5108526440E-01  5.7834617337E-02
 0.0750  2.9201753831E-01 -1.0204566076E-01  1.5780848988E-01  5.9442611531E-02
 0.0875  2.9839148689E-01 -1.0366944216E-01  1.6469400040E-01  6.1066522750E-02
 0.1000  3.0495535329E-01 -1.0528492766E-01  1.7174719322E-01  6.2707229721E-02
 0.1125  3.1171424388E-01 -1.0689122858E-01  1.7897372233E-01  6.4365680984E-02
 0.1250  3.1867342499E-01 -1.0848745635E-01  1.8637951389E-01  6.6042892881E-02
 0.1375  3.2583833160E-01 -1.1007272227E-01  1.9397078243E-01  6.7739947027E-02
 0.1500  3.3321457698E-01 -1.1164613713E-01  2.0175404812E-01  6.9457987232E-02
 0.1625  3.4080796297E-01 -1.1320681064E-01  2.0973615485E-01  7.1198215790E-02
 0.1750  3.4862449131E-01 -1.1475385068E-01  2.1792428937E-01  7.2961889089E-02
 0.1875  3.5667037589E-01 -1.1628636237E-01  2.2632600150E-01  7.4750312456E-02
 0.2000  3.6495205610E-01 -1.1780344690E-01  2.3494922542E-01  7.6564834167E-02
 0.2125  3.7347621137E-01 -1.1930419996E-01  2.4380230209E-01  7.8406838551E-02
 0.2250  3.8224977696E-01 -1.2078771002E-01  2.5289400291E-01  8.0277738079E-02
 0.2375  3.9127996121E-01 -1.2225305611E-01  2.6223355464E-01  8.2178964372E-02
 0.2500  4.0057426426E-01 -1.2369930525E-01  2.7183066563E-01  8.4111958009E-02
 0.2625  4.1014049842E-01 -1.2512550940E-01  2.8169555346E-01  8.6078157037E-02
 0.2750  4.1998681034E-01 -1.2653070188E-01  2.9183897400E-01  8.8078984076E-02
 0.2875  4.3012170511E-01 -1.2791389323E-01  3.0227225202E-01  9.0115831890E-02
 0.3000  4.4055407247E-01 -1.2927406643E-01  3.1300731335E-01  9.2190047298E-02
 0.3125  4.5129321521E-01 -1.3061017136E-01  3.2405671869E-01  9.4302913305E-02
 0.3250  4.6234888011E-01 -1.3192111855E-01  3.3543369923E-01  9.6455629278E-02
 0.3375  4.7373129144E-01 -1.3320577200E-01  3.4715219395E-01  9.8649289048E-02
 0.3500  4.8545118734E-01 -1.3446294103E-01  3.5922688890E-01  1.0088485675E-01
 0.3625  4.9751985917E-01 -1.3569137114E-01  3.7167325843E-01  1.0316314023E-01
 0.3750  5.0994919430E-01 -1.3688973365E-01  3.8450760843E-01  1.0548476188E-01
 0.3875  5.2275172230E-01 -1.3805661413E-01  3.9774712178E-01  1.0785012660E-01
 0.4000  5.3594066497E-01 -1.3919049940E-01  4.1140990598E-01  1.1025938682E-01
 0.4125  5.4952999046E-01 -1.4028976306E-01  4.2551504313E-01  1.1271240422E-01
 0.4250  5.6353447179E-01 -1.4135264938E-01  4.4008264237E-01  1.1520870807E-01
 0.4375  5.7796974998E-01 -1.4237725539E-01  4.5513389478E-01  1.1774744979E-01
 0.4500  5.9285240232E-01 -1.4336151099E-01  4.7069113099E-01  1.2032735355E-01
 0.4625  6.0820001591E-01 -1.4430315710E-01  4.8677788153E-01  1.2294666267E-01
 0.4750  6.2403126708E-01 -1.4519972135E-01  5.0341893999E-01  1.2560308140E-01
 0.4875  6.4036600687E-01 -1.4604849144E-01  5.2064042924E-01  1.2829371193E-01
 0.5000  6.5722535320E-01 -1.4684648578E-01  5.3846987069E-01  1.3101498617E-01
 0.5125  6.7463178999E-01 -1.4759042126E-01  5.5693625683E-01  1.3376259204E-01
 0.5250  6.9260927387E-01 -1.4827667795E-01  5.7607012713E-01  1.3653139381E-01
 0.5375  7.1118334894E-01 -1.4890126035E-01  5.9590364743E-01  1.3931534628E-01
 0.5500  7.3038127001E-01 -1.4945975522E-01  6.1647069295E-01  1.4210740210E-01
 0.5625  7.5023213506E-01 -1.4994728533E-01  6.3780693520E-01  1.4489941215E-01
 0.5750  7.7076702740E-01 -1.5035845919E-01  6.5994993268E-01  1.4768201825E-01
 0.5875  7.9201916825E-01 -1.5068731623E-01  6.8293922581E-01  1.5044453780E-01
 0.6000  8.1402408034E-01 -1.5092726722E-01  7.0681643607E-01  1.5317483988E-01
 0.6125  8.3681976327E-01 -1.5107102950E-01  7.3162536962E-01  1.5585921231E-01
 0.6250  8.6044688143E-01 -1.5111055670E-01  7.5741212542E-01  1.5848221892E-01
 0.6375  8.8494896519E-01 -1.5103696254E-01  7.8422520833E-01  1.6102654663E-01
 0.6500  9.1037262635E-01 -1.5084043829E-01  8.1211564699E-01  1.6347284167E-01
 0.6625  9.3676778848E-01 -1.5051016347E-01  8.4113711704E-01  1.6579953414E-01
 0.6750  9.6418793344E-01 -1.5003420931E-01  8.7134606960E-01  1.6798265039E-01
 0.6875  9.9269036474E-01 -1.4939943439E-01  9.0280186541E-01  1.6999561240E-01
 0.7000  1.0223364890E+00 -1.4859137216E-01  9.3556691475E-01  1.7180902335E-01
 0.7125  1.0531921165E+00 -1.4759410946E-01  9.6970682333E-01  1.7339043866E-01
 0.7250  1.0853277822E+00 -1.4639015579E-01  1.0052905446E+00  1.7470412151E-01
 0.7375  1.1188190879E+00 -1.4496030241E-01  1.0423905382E+00  1.7571078205E-01
 0.7500  1.1537470680E+00 -1.4328347082E-01  1.0810829358E+00  1.7636729933E-01
 0.7625  1.1901985783E+00 -1.4133654983E-01  1.1214477130E+00  1.7662642482E-01
 0.7750  1.2282667117E+00 -1.3909422045E-01  1.1635688694E+00  1.7643646666E-01
 0.7875  1.2680512400E+00 -1.3652876797E-01  1.2075346159E+00  1.7574095340E-01
 0.8000  1.3096590852E+00 -1.3360988019E-01  1.2534375694E+00  1.7447827605E-01
 0.8125  1.3532048211E+00 -1.3030443111E-01  1.3013749560E+00  1.7258130730E-01
 0.8250  1.3988112066E+00 -1.2657624909E-01  1.3514488228E+00  1.6997699654E-01
 0.8375  1.4466097538E+00 -1.2238586851E-01  1.4037662582E+00  1.6658593940E-01
 0.8500  1.4967413318E+00 -1.1769026390E-01  1.4584396210E+00  1.6232192029E-01
 0.8625  1.5493568087E+00 -1.1244256553E-01  1.5155867792E+00  1.5709142650E-01
 0.8750  1.6046177338E+00 -1.0659175518E-01  1.5753313585E+00  1.5079313229E-01
 0.8875  1.6626970625E+00 -1.0008234107E-01  1.6378030011E+00  1.4331735128E-01
 0.9000  1.7237799264E+00 -9.2854010534E-02  1.7031376341E+00  1.3454545544E-01
 0.9125  1.7880644505E+00 -8.4841259158E-02  1.7714777501E+00  1.2434925884E-01
 0.9250  1.8557626213E+00 -7.5972995035E-02  1.8429726975E+00  1.1259036423E-01
 0.9375  1.9271012068E+00 -6.6172116551E-02  1.9177789838E+00  9.9119470458E-02
 0.9500  2.0023227338E+00 -5.5355062211E-02  1.9960605903E+00  8.3775638648E-02
 0.9625  2.0816865235E+00 -4.3431330855E-02  2.0779892990E+00  6.6385514851E-02
 0.9750  2.1654697890E+00 -3.0302970510E-02  2.1637450333E+00  4.6762506918E-02
 0.9875  2.2539687998E+00 -1.5864034089E-02  2.2535162115E+00  2.4705913125E-02
 1.0000  2.3475001142E+00  0.0000000000E+00  2.3475001142E+00  7.5397116191E-18
