lambda(um), Cext(cm^2/H), albedo, <cos>, # of angles
   1.63000  1.94414E-23   0.65605   0.29007   161
cos(theta),     S11,               S12,             S33,             S34
-1.0000  2.9421577179E-01  5.8589235399E-19 -2.9421577179E-01  2.5052678598E-19
-0.9875  2.9201848998E-01 -2.0142416740E-03 -2.9194261865E-01  1.9095896195E-03
-0.9750  2.8994053332E-01 -4.0253903531E-03 -2.8963871820E-01  3.7964373666E-03
-0.9625  2.8797942812E-01 -6.0334117297E-03 -2.8730404770E-01  5.6617663717E-03
-0.9500  2.8613274457E-01 -8.0382804267E-03 -2.8493855558E-01  7.5067821317E-03
-0.9375  2.8439809682E-01 -1.0039979644E-02 -2.8254216135E-01  9.3326723157E-03
-0.9250  2.8277314304E-01 -1.2038500800E-02 -2.8011475546E-01  1.1140606564E-02
-0.9125  2.8125558560E-01 -1.4033843163E-02 -2.7765619919E-01  1.2931736280E-02
-0.9000  2.7984317113E-01 -1.6026013488E-02 -2.7516632447E-01  1.4707194417E-02
-0.8875  2.7853369069E-01 -1.8015025636E-02 -2.7264493380E-01  1.6468095253E-02
-0.8750  2.7732497990E-01 -2.0000900196E-02 -2.7009180008E-01  1.8215534168E-02
-0.8625  2.7621491908E-01 -2.1983664095E-02 -2.6750666647E-01  1.9950587405E-02
-0.8500  2.7520143346E-01 -2.3963350211E-02 -2.6488924625E-01  2.1674311826E-02
-0.8375  2.7428249333E-01 -2.5939996968E-02 -2.6223922269E-01  2.3387744664E-02
-0.8250  2.7345611425E-01 -2.7913647935E-02 -2.5955624887E-01  2.5091903268E-02
-0.8125  2.7272035723E-01 -2.9884351412E-02 -2.5683994757E-01  2.6787784830E-02
-0.8000  2.7207332900E-01 -3.1852160017E-02 -2.5408991108E-01  2.8476366120E-02
-0.7875  2.7151318219E-01 -3.3817130252E-02 -2.5130570104E-01  3.0158603201E-02
-0.7750  2.7103811563E-01 -3.5779322080E-02 -2.4848684833E-01  3.1835431140E-02
-0.7625  2.7064637457E-01 -3.7738798482E-02 -2.4563285286E-01  3.3507763713E-02
-0.7500  2.7033625098E-01 -3.9695625011E-02 -2.4274318340E-01  3.5176493097E-02
-0.7375  2.7010608382E-01 -4.1649869339E-02 -2.3981727746E-01  3.6842489559E-02
-0.7250  2.6995425939E-01 -4.3601600793E-02 -2.3685454108E-01  3.8506601132E-02
-0.7125  2.6987921158E-01 -4.5550889892E-02 -2.3385434866E-01  4.0169653283E-02
-0.7000  2.6987942227E-01 -4.7497807861E-02 -2.3081604282E-01  4.1832448574E-02
-0.6875  2.6995342166E-01 -4.9442426153E-02 -2.2773893415E-01  4.3495766315E-02
-0.6750  2.7009978862E-01 -5.1384815949E-02 -2.2462230112E-01  4.5160362201E-02
-0.6625  2.7031715108E-01 -5.3325047661E-02 -2.2146538980E-01  4.6826967951E-02
-0.6500  2.7060418646E-01 -5.5263190416E-02 -2.1826741376E-01  4.8496290923E-02
-0.6375  2.7095962205E-01 -5.7199311534E-02 -2.1502755382E-01  5.0169013735E-02
-0.6250  2.7138223543E-01 -5.9133476005E-02 -2.1174495786E-01  5.1845793863E-02
-0.6125  2.7187085499E-01 -6.1065745942E-02 -2.0841874068E-01  5.3527263237E-02
-0.6000  2.7242436031E-01 -6.2996180035E-02 -2.0504798372E-01  5.5214027827E-02
-0.5875  2.7304168272E-01 -6.4924832994E-02 -2.0163173494E-01  5.6906667208E-02
-0.5750  2.7372180574E-01 -6.6851754975E-02 -1.9816900853E-01  5.8605734132E-02
-0.5625  2.7446376566E-01 -6.8776991002E-02 -1.9465878479E-01  6.0311754074E-02
-0.5500  2.7526665203E-01 -7.0700580378E-02 -1.9110000985E-01  6.2025224775E-02
-0.5375  2.7612960827E-01 -7.2622556082E-02 -1.8749159549E-01  6.3746615772E-02
-0.5250  2.7705183218E-01 -7.4542944157E-02 -1.8383241891E-01  6.5476367918E-02
-0.5125  2.7803257663E-01 -7.6461763087E-02 -1.8012132253E-01  6.7214892885E-02
-0.5000  2.7907115008E-01 -7.8379023159E-02 -1.7635711375E-01  6.8962572668E-02
-0.4875  2.8016691731E-01 -8.0294725818E-02 -1.7253856472E-01  7.0719759061E-02
-0.4750  2.8131930001E-01 -8.2208863007E-02 -1.6866441213E-01  7.2486773133E-02
-0.4625  2.8252777750E-01 -8.4121416493E-02 -1.6473335696E-01  7.4263904690E-02
-0.4500  2.8379188742E-01 -8.6032357187E-02 -1.6074406426E-01  7.6051411718E-02
-0.4375  2.8511122646E-01 -8.7941644439E-02 -1.5669516291E-01  7.7849519821E-02
-0.4250  2.8648545110E-01 -8.9849225335E-02 -1.5258524536E-01  7.9658421643E-02
-0.4125  2.8791427838E-01 -9.1755033966E-02 -1.4841286743E-01  8.1478276280E-02
-0.4000  2.8939748670E-01 -9.3658990696E-02 -1.4417654801E-01  8.3309208668E-02
-0.3875  2.9093491662E-01 -9.5561001404E-02 -1.3987476885E-01  8.5151308975E-02
-0.3750  2.9252647172E-01 -9.7460956720E-02 -1.3550597428E-01  8.7004631967E-02
-0.3625  2.9417211945E-01 -9.9358731244E-02 -1.3106857097E-01  8.8869196360E-02
-0.3500  2.9587189202E-01 -1.0125418275E-01 -1.2656092769E-01  9.0744984164E-02
-0.3375  2.9762588730E-01 -1.0314715137E-01 -1.2198137498E-01  9.2631940013E-02
-0.3250  2.9943426980E-01 -1.0503745877E-01 -1.1732820498E-01  9.4529970471E-02
-0.3125  3.0129727159E-01 -1.0692490732E-01 -1.1259967108E-01  9.6438943332E-02
-0.3000  3.0321519331E-01 -1.0880927919E-01 -1.0779398768E-01  9.8358686907E-02
-0.2875  3.0518840519E-01 -1.1069033554E-01 -1.0290932992E-01  1.0028898928E-01
-0.2750  3.0721734808E-01 -1.1256781558E-01 -9.7943833418E-02  1.0222959759E-01
-0.2625  3.0930253455E-01 -1.1444143565E-01 -9.2895593932E-02  1.0418021720E-01
-0.2500  3.1144454996E-01 -1.1631088834E-01 -8.7762667133E-02  1.0614051101E-01
-0.2375  3.1364405360E-01 -1.1817584152E-01 -8.2543068293E-02  1.0811009858E-01
-0.2250  3.1590177986E-01 -1.2003593734E-01 -7.7234771996E-02  1.1008855536E-01
-0.2125  3.1821853940E-01 -1.2189079132E-01 -7.1835711845E-02  1.1207541186E-01
-0.2000  3.2059522039E-01 -1.2373999129E-01 -6.6343780170E-02  1.1407015276E-01
-0.1875  3.2303278972E-01 -1.2558309637E-01 -6.0756827719E-02  1.1607221612E-01
-0.1750  3.2553229433E-01 -1.2741963598E-01 -5.5072663362E-02  1.1808099244E-01
-0.1625  3.2809486249E-01 -1.2924910871E-01 -4.9289053782E-02  1.2009582376E-01
-0.1500  3.3072170512E-01 -1.3107098129E-01 -4.3403723165E-02  1.2211600278E-01
-0.1375  3.3341411724E-01 -1.3288468747E-01 -3.7414352884E-02  1.2414077191E-01
-0.1250  3.3617347929E-01 -1.3468962688E-01 -3.1318581192E-02  1.2616932229E-01
-0.1125  3.3900125865E-01 -1.3648516391E-01 -2.5114002891E-02  1.2820079283E-01
-0.1000  3.4189901107E-01 -1.3827062651E-01 -1.8798169018E-02  1.3023426926E-01
-0.0875  3.4486838218E-01 -1.4004530504E-01 -1.2368586514E-02  1.3226878302E-01
-0.0750  3.4791110907E-01 -1.4180845102E-01 -5.8227179002E-03  1.3430331034E-01
-0.0625  3.5102902187E-01 -1.4355927590E-01  8.4201906079E-04  1.3633677108E-01
-0.0500  3.5422404532E-01 -1.4529694980E-01  7.6282516955E-03  1.3836802775E-01
-0.0375  3.5749820049E-01 -1.4702060024E-01  1.4538652760E-02  1.4039588434E-01
-0.0250  3.6085360645E-01 -1.4872931081E-01  2.1575940783E-02  1.4241908525E-01
-0.0125  3.6429248198E-01 -1.5042211982E-01  2.8742880409E-02  1.4443631414E-01
-0.0000  3.6781714741E-01 -1.5209801898E-01  3.6042282749E-02  1.4644619275E-01
 0.0125  3.7143002633E-01 -1.5375595196E-01  4.3477005728E-02  1.4844727975E-01
 0.0250  3.7513364756E-01 -1.5539481302E-01  5.1049954446E-02  1.5043806950E-01
 0.0375  3.7893064694E-01 -1.5701344554E-01  5.8764081532E-02  1.5241699085E-01
 0.0500  3.8282376934E-01 -1.5861064055E-01  6.6622387507E-02  1.5438240589E-01
 0.0625  3.8681587060E-01 -1.6018513525E-01  7.4627921145E-02  1.5633260865E-01
 0.0750  3.9090991957E-01 -1.6173561145E-01  8.2783779848E-02  1.5826582381E-01
 0.0875  3.9510900016E-01 -1.6326069405E-01  9.1093110010E-02  1.6018020538E-01
 0.1000  3.9941631345E-01 -1.6475894941E-01  9.9559107395E-02  1.6207383536E-01
 0.1125  4.0383517987E-01 -1.6622888379E-01  1.0818501751E-01  1.6394472234E-01
 0.1250  4.0836904138E-01 -1.6766894163E-01  1.1697413601E-01  1.6579080013E-01
 0.1375  4.1302146370E-01 -1.6907750393E-01  1.2592980902E-01  1.6760992632E-01
 0.1500  4.1779613867E-01 -1.7045288651E-01  1.3505543359E-01  1.6939988081E-01
 0.1625  4.2269688650E-01 -1.7179333825E-01  1.4435445808E-01  1.7115836436E-01
 0.1750  4.2772765825E-01 -1.7309703937E-01  1.5383038248E-01  1.7288299706E-01
 0.1875  4.3289253823E-01 -1.7436209954E-01  1.6348675889E-01  1.7457131682E-01
 0.2000  4.3819574649E-01 -1.7558655608E-01  1.7332719190E-01  1.7622077777E-01
 0.2125  4.4364164138E-01 -1.7676837208E-01  1.8335533896E-01  1.7782874871E-01
 0.2250  4.4923472215E-01 -1.7790543445E-01  1.9357491080E-01  1.7939251146E-01
 0.2375  4.5497963156E-01 -1.7899555202E-01  2.0398967186E-01  1.8090925923E-01
 0.2500  4.6088115867E-01 -1.8003645348E-01  2.1460344071E-01  1.8237609490E-01
 0.2625  4.6694424149E-01 -1.8102578540E-01  2.2542009040E-01  1.8379002937E-01
 0.2750  4.7317396989E-01 -1.8196111015E-01  2.3644354895E-01  1.8514797979E-01
 0.2875  4.7957558840E-01 -1.8283990380E-01  2.4767779974E-01  1.8644676774E-01
 0.3000  4.8615449921E-01 -1.8365955396E-01  2.5912688195E-01  1.8768311752E-01
 0.3125  4.9291626507E-01 -1.8441735758E-01  2.7079489095E-01  1.8885365424E-01
 0.3250  4.9986661242E-01 -1.8511051879E-01  2.8268597878E-01  1.8995490196E-01
 0.3375  5.0701143446E-01 -1.8573614654E-01  2.9480435456E-01  1.9098328181E-01
 0.3500  5.1435679429E-01 -1.8629125235E-01  3.0715428492E-01  1.9193511005E-01
 0.3625  5.2190892822E-01 -1.8677274794E-01  3.1974009445E-01  1.9280659608E-01
 0.3750  5.2967424896E-01 -1.8717744283E-01  3.3256616615E-01  1.9359384044E-01
 0.3875  5.3765934908E-01 -1.8750204189E-01  3.4563694186E-01  1.9429283277E-01
 0.4000  5.4587100436E-01 -1.8774314285E-01  3.5895692272E-01  1.9489944974E-01
 0.4125  5.5431617732E-01 -1.8789723378E-01  3.7253066961E-01  1.9540945292E-01
 0.4250  5.6300202075E-01 -1.8796069049E-01  3.8636280363E-01  1.9581848664E-01
 0.4375  5.7193588137E-01 -1.8792977393E-01  4.0045800651E-01  1.9612207579E-01
 0.4500  5.8112530348E-01 -1.8780062745E-01  4.1482102114E-01  1.9631562360E-01
 0.4625  5.9057803277E-01 -1.8756927413E-01  4.2945665195E-01  1.9639440940E-01
 0.4750  6.0030202013E-01 -1.8723161400E-01  4.4436976546E-01  1.9635358623E-01
 0.4875  6.1030542556E-01 -1.8678342116E-01  4.5956529069E-01  1.9618817861E-01
 0.5000  6.2059662218E-01 -1.8622034093E-01  4.7504821964E-01  1.9589308005E-01
 0.5125  6.3118420026E-01 -1.8553788693E-01  4.9082360779E-01  1.9546305069E-01
 0.5250  6.4207697136E-01 -1.8473143807E-01  5.0689657456E-01  1.9489271480E-01
 0.5375  6.5328397255E-01 -1.8379623549E-01  5.2327230378E-01  1.9417655827E-01
 0.5500  6.6481447072E-01 -1.8272737952E-01  5.3995604419E-01  1.9330892606E-01
 0.5625  6.7667796691E-01 -1.8151982643E-01  5.5695310993E-01  1.9228401962E-01
 0.5750  6.8888420080E-01 -1.8016838532E-01  5.7426888099E-01  1.9109589420E-01
 0.5875  7.0144315523E-01 -1.7866771478E-01  5.9190880375E-01  1.8973845620E-01
 0.6000  7.1436506080E-01 -1.7701231956E-01  6.0987839144E-01  1.8820546042E-01
 0.6125  7.2766040062E-01 -1.7519654722E-01  6.2818322463E-01  1.8649050730E-01
 0.6250  7.4133991506E-01 -1.7321458464E-01  6.4682895177E-01  1.8458704006E-01
 0.6375  7.5541460664E-01 -1.7106045451E-01  6.6582128963E-01  1.8248834185E-01
 0.6500  7.6989574500E-01 -1.6872801177E-01  6.8516602386E-01  1.8018753280E-01
 0.6625  7.8479487197E-01 -1.6621093994E-01  7.0486900944E-01  1.7767756708E-01
 0.6750  8.0012380668E-01 -1.6350274742E-01  7.2493617125E-01  1.7495122986E-01
 0.6875  8.1589465083E-01 -1.6059676374E-01  7.4537350450E-01  1.7200113422E-01
 0.7000  8.3211979405E-01 -1.5748613565E-01  7.6618707533E-01  1.6881971805E-01
 0.7125  8.4881191928E-01 -1.5416382330E-01  7.8738302126E-01  1.6539924085E-01
 0.7250  8.6598400833E-01 -1.5062259616E-01  8.0896755170E-01  1.6173178054E-01
 0.7375  8.8364934752E-01 -1.4685502904E-01  8.3094694853E-01  1.5780923011E-01
 0.7500  9.0182153339E-01 -1.4285349794E-01  8.5332756657E-01  1.5362329433E-01
 0.7625  9.2051447853E-01 -1.3861017582E-01  8.7611583409E-01  1.4916548633E-01
 0.7750  9.3974241754E-01 -1.3411702839E-01  8.9931825340E-01  1.4442712418E-01
 0.7875  9.5951991305E-01 -1.2936580969E-01  9.2294140130E-01  1.3939932735E-01
 0.8000  9.7986186187E-01 -1.2434805770E-01  9.4699192964E-01  1.3407301314E-01
 0.8125  1.0007835012E+00 -1.1905508986E-01  9.7147656586E-01  1.2843889308E-01
 0.8250  1.0223004152E+00 -1.1347799843E-01  9.9640211351E-01  1.2248746923E-01
 0.8375  1.0444285412E+00 -1.0760764585E-01  1.0217754528E+00  1.1620903045E-01
 0.8500  1.0671841764E+00 -1.0143466000E-01  1.0476035410E+00  1.0959364857E-01
 0.8625  1.0905839846E+00 -9.4949429351E-02  1.0738934133E+00  1.0263117452E-01
 0.8750  1.1146450030E+00 -8.8142098077E-02  1.1006521830E+00  9.5311234431E-02
 0.8875  1.1393846492E+00 -8.1002561022E-02  1.1278870421E+00  8.7623225602E-02
 0.9000  1.1648207281E+00 -7.3520458625E-02  1.1556052622E+00  7.9556312456E-02
 0.9125  1.1909714395E+00 -6.5685171742E-02  1.1838141944E+00  7.1099422407E-02
 0.9250  1.2178553847E+00 -5.7485816373E-02  1.2125212706E+00  6.2241241666E-02
 0.9375  1.2454915747E+00 -4.8911238308E-02  1.2417340033E+00  5.2970210979E-02
 0.9500  1.2738994371E+00 -3.9950007667E-02  1.2714599868E+00  4.3274521292E-02
 0.9625  1.3030988244E+00 -3.0590413354E-02  1.3017068971E+00  3.3142109350E-02
 0.9750  1.3331100214E+00 -2.0820457416E-02  1.3324824931E+00  2.2560653225E-02
 0.9875  1.3639537532E+00 -1.0627849297E-02  1.3637946167E+00  1.1517567770E-02
 1.0000  1.3956511935E+00  0.0000000000E+00  1.3956511935E+00  2.2135934985E-18
