lambda(um), Cext(cm^2/H), albedo, <cos>, # of angles
   0.36500  1.83687E-22   0.66258   0.59373   161
cos(theta),     S11,               S12,             S33,             S34
-1.0000  2.0725744569E-01 -1.7544871714E-18 -2.0725744569E-01 -6.4598377129E-18
-0.9875  1.7943249331E-01  6.8797408518E-03 -1.7755823413E-01  1.7115158377E-02
-0.9750  1.5841606617E-01  1.2744051045E-02 -1.5165688646E-01  2.8460027202E-02
-0.9625  1.4283574262E-01  1.7705745315E-02 -1.2912393753E-01  3.5285868359E-02
-0.9500  1.3155126903E-01  2.1864759345E-02 -1.0957098395E-01  3.8629177975E-02
-0.9375  1.2362089357E-01  2.5309835981E-02 -9.2647419658E-02  3.9342673727E-02
-0.9250  1.1827197772E-01  2.8120005268E-02 -7.8037383924E-02  3.8122435483E-02
-0.9125  1.1487539570E-01  3.0365869891E-02 -6.5456908571E-02  3.5531614603E-02
-0.9000  1.1292328547E-01  3.2110711343E-02 -5.4651252823E-02  3.2021087938E-02
-0.8875  1.1200976184E-01  3.3411434235E-02 -4.5392415322E-02  2.7947396611E-02
-0.8750  1.1181424445E-01  3.4319366860E-02 -3.7476813857E-02  2.3588276675E-02
-0.8625  1.1208709050E-01  3.4880936009E-02 -3.0723124049E-02  1.9156058610E-02
-0.8500  1.1263725562E-01  3.5138233250E-02 -2.4970268823E-02  1.4809185066E-02
-0.8375  1.1332173594E-01  3.5129488729E-02 -2.0075550937E-02  1.0662071076E-02
-0.8250  1.1403657144E-01  3.4889467125E-02 -1.5912921206E-02  6.7935080158E-03
-0.8125  1.1470921430E-01  3.4449798886E-02 -1.2371375342E-02  3.2537916635E-03
-0.8000  1.1529208784E-01  3.3839258317E-02 -9.3534725996E-03  7.0735656026E-05
-0.7875  1.1575718089E-01  3.3083998555E-02 -6.7739696153E-03 -2.7452856505E-03
-0.7750  1.1609153975E-01  3.2207752069E-02 -4.5585630539E-03 -5.1971366512E-03
-0.7625  1.1629353573E-01  3.1232003930E-02 -2.6427348371E-03 -7.2974482652E-03
-0.7500  1.1636980025E-01  3.0176143929E-02 -9.7069393361E-04 -9.0657728927E-03
-0.7375  1.1633273215E-01  2.9057602501E-02  5.0559113677E-04 -1.0526277099E-02
-0.7250  1.1619849322E-01  2.7891974447E-02  1.8272747500E-03 -1.1705893101E-02
-0.7125  1.1598541812E-01  2.6693133631E-02  3.0294370509E-03 -1.2632859607E-02
-0.7000  1.1571277416E-01  2.5473341077E-02  4.1418125407E-03 -1.3335591104E-02
-0.6875  1.1539981429E-01  2.4243348296E-02  5.1894494716E-03 -1.3841822345E-02
-0.6750  1.1506507422E-01  2.3012497163E-02  6.1933049433E-03 -1.4177981623E-02
-0.6625  1.1472587116E-01  2.1788817212E-02  7.1707803959E-03 -1.4368752599E-02
-0.6500  1.1439796702E-01  2.0579120920E-02  8.1362019880E-03 -1.4436789874E-02
-0.6375  1.1409536473E-01  1.9389097242E-02  9.1012501440E-03 -1.4402558390E-02
-0.6250  1.1383021036E-01  1.8223403457E-02  1.0075342347E-02 -1.4284271054E-02
-0.6125  1.1361277802E-01  1.7085755241E-02  1.1065973044E-02 -1.4097902804E-02
-0.6000  1.1345151810E-01  1.5979014756E-02  1.2079014335E-02 -1.3857262698E-02
-0.5875  1.1335315239E-01  1.4905276467E-02  1.3118980889E-02 -1.3574108589E-02
-0.5750  1.1332280253E-01  1.3865950370E-02  1.4189262355E-02 -1.3258291528E-02
-0.5625  1.1336414045E-01  1.2861842281E-02  1.5292326324E-02 -1.2917919312E-02
-0.5500  1.1347955174E-01  1.1893230844E-02  1.6429894693E-02 -1.2559530576E-02
-0.5375  1.1367030454E-01  1.0959940927E-02  1.7603096115E-02 -1.2188272504E-02
-0.5250  1.1393671810E-01  1.0061413127E-02  1.8812597011E-02 -1.1808076730E-02
-0.5125  1.1427832655E-01  9.1967691023E-03  2.0058713455E-02 -1.1421829243E-02
-0.5000  1.1469403452E-01  8.3648725467E-03  2.1341506062E-02 -1.1031531161E-02
-0.4875  1.1518226203E-01  7.5643856165E-03  2.2660859848E-02 -1.0638448175E-02
-0.4750  1.1574107732E-01  6.7938207157E-03  2.4016550855E-02 -1.0243247167E-02
-0.4625  1.1636831623E-01  6.0515875639E-03  2.5408301213E-02 -9.8461191758E-03
-0.4500  1.1706168804E-01  5.3360355359E-03  2.6835824119E-02 -9.4468883480E-03
-0.4375  1.1781886752E-01  4.6454913033E-03  2.8298860122E-02 -9.0451069586E-03
-0.4250  1.1863757359E-01  3.9782918531E-03  2.9797205934E-02 -8.6401368758E-03
-0.4125  1.1951563515E-01  3.3328129975E-03  3.1330736882E-02 -8.2312181114E-03
-0.4000  1.2045104494E-01  2.7074935268E-03  3.2899423995E-02 -7.8175252728E-03
-0.3875  1.2144200215E-01  2.1008551872E-03  3.4503346621E-02 -7.3982128643E-03
-0.3750  1.2248694501E-01  1.5115186936E-03  3.6142701337E-02 -6.9724504664E-03
-0.3625  1.2358457422E-01  9.3821601151E-04  3.7817807868E-02 -6.5394488681E-03
-0.3500  1.2473386841E-01  3.7979915856E-04  3.9529112595E-02 -6.0984782373E-03
-0.3375  1.2593409268E-01 -1.6475420627E-04  4.1277190191E-02 -5.6488794032E-03
-0.3250  1.2718480116E-01 -6.9633812965E-04  4.3062743834E-02 -5.1900692889E-03
-0.3125  1.2848583466E-01 -1.2157183628E-03  4.4886604375E-02 -4.7215414819E-03
-0.3000  1.2983731433E-01 -1.7235347249E-03  4.6749728786E-02 -4.2428628709E-03
-0.2875  1.3123963212E-01 -2.2203055444E-03  4.8653198178E-02 -3.7536672014E-03
-0.2750  1.3269343887E-01 -2.7064338931E-03  5.0598215583E-02 -3.2536463291E-03
-0.2625  1.3419963070E-01 -3.1822153347E-03  5.2586103713E-02 -2.7425398696E-03
-0.2500  1.3575933441E-01 -3.6478469182E-03  5.4618302824E-02 -2.2201238608E-03
-0.2375  1.3737389222E-01 -4.1034371531E-03  5.6696368808E-02 -1.6861989734E-03
-0.2250  1.3904484661E-01 -4.5490167211E-03  5.8821971602E-02 -1.1405787284E-03
-0.2125  1.4077392542E-01 -4.9845496858E-03  6.0996893981E-02 -5.8307810421E-04
-0.2000  1.4256302766E-01 -5.4099449827E-03  6.3223030785E-02 -1.3502844660E-05
-0.1875  1.4441421025E-01 -5.8250679830E-03  6.5502388616E-02  5.6836028560E-04
-0.1750  1.4632967595E-01 -6.2297519432E-03  6.7837086033E-02  1.1627521123E-03
-0.1625  1.4831176253E-01 -6.6238091696E-03  7.0229354252E-02  1.7699483981E-03
-0.1500  1.5036293347E-01 -7.0070417442E-03  7.2681538384E-02  2.3902658424E-03
-0.1375  1.5248577009E-01 -7.3792516744E-03  7.5196099191E-02  3.0240666930E-03
-0.1250  1.5468296526E-01 -7.7402503487E-03  7.7775615398E-02  3.6717619660E-03
-0.1125  1.5695731867E-01 -8.0898671970E-03  8.0422786545E-02  4.3338133014E-03
-0.1000  1.5931173366E-01 -8.4279574694E-03  8.3140436406E-02  5.0107335046E-03
-0.0875  1.6174921559E-01 -8.7544090676E-03  8.5931516977E-02  5.7030858462E-03
-0.0750  1.6427287169E-01 -9.0691483747E-03  8.8799113048E-02  6.4114822056E-03
-0.0625  1.6688591238E-01 -9.3721450474E-03  9.1746447378E-02  7.1365801558E-03
-0.0500  1.6959165398E-01 -9.6634157470E-03  9.4776886499E-02  7.8790790914E-03
-0.0375  1.7239352281E-01 -9.9430268005E-03  9.7893947147E-02  8.6397155064E-03
-0.0250  1.7529506055E-01 -1.0211095794E-02  1.0110130337E-01  9.4192575271E-03
-0.0125  1.7829993085E-01 -1.0467792112E-02  1.0440279434E-01  1.0218498805E-02
-0.0000  1.8141192723E-01 -1.0713336450E-02  1.0780243278E-01  1.1038251868E-02
 0.0125  1.8463498208E-01 -1.0947999328E-02  1.1130441428E-01  1.1879341024E-02
 0.0250  1.8797317679E-01 -1.1172098653E-02  1.1491312719E-01  1.2742594905E-02
 0.0375  1.9143075311E-01 -1.1385996370E-02  1.1863316334E-01  1.3628838733E-02
 0.0500  1.9501212550E-01 -1.1590094264E-02  1.2246932950E-01  1.4538886388E-02
 0.0625  1.9872189460E-01 -1.1784828958E-02  1.2642665958E-01  1.5473532342E-02
 0.0750  2.0256486185E-01 -1.1970666178E-02  1.3051042756E-01  1.6433543530E-02
 0.0875  2.0654604508E-01 -1.2148094335E-02  1.3472616112E-01  1.7419651232E-02
 0.1000  2.1067069527E-01 -1.2317617499E-02  1.3907965591E-01  1.8432543015E-02
 0.1125  2.1494431438E-01 -1.2479747807E-02  1.4357699055E-01  1.9472854835E-02
 0.1250  2.1937267422E-01 -1.2634997383E-02  1.4822454202E-01  2.0541163351E-02
 0.1375  2.2396183647E-01 -1.2783869811E-02  1.5302900171E-01  2.1637978557E-02
 0.1500  2.2871817380E-01 -1.2926851226E-02  1.5799739184E-01  2.2763736831E-02
 0.1625  2.3364839206E-01 -1.3064401063E-02  1.6313708220E-01  2.3918794529E-02
 0.1750  2.3875955364E-01 -1.3196942508E-02  1.6845580721E-01  2.5103422267E-02
 0.1875  2.4405910195E-01 -1.3324852708E-02  1.7396168318E-01  2.6317800061E-02
 0.2000  2.4955488700E-01 -1.3448452754E-02  1.7966322571E-01  2.7562013548E-02
 0.2125  2.5525519224E-01 -1.3567997483E-02  1.8556936716E-01  2.8836051499E-02
 0.2250  2.6116876252E-01 -1.3683665137E-02  1.9168947429E-01  3.0139804934E-02
 0.2375  2.6730483343E-01 -1.3795546889E-02  1.9803336597E-01  3.1473068139E-02
 0.2500  2.7367316185E-01 -1.3903636283E-02  2.0461133116E-01  3.2835541953E-02
 0.2625  2.8028405816E-01 -1.4007818612E-02  2.1143414721E-01  3.4226839748E-02
 0.2750  2.8714841991E-01 -1.4107860279E-02  2.1851309890E-01  3.5646496538E-02
 0.2875  2.9427776757E-01 -1.4203398177E-02  2.2585999843E-01  3.7093981723E-02
 0.3000  3.0168428233E-01 -1.4293929152E-02  2.3348720705E-01  3.8568716010E-02
 0.3125  3.0938084669E-01 -1.4378799619E-02  2.4140765884E-01  4.0070093067E-02
 0.3250  3.1738108813E-01 -1.4457195421E-02  2.4963488776E-01  4.1597506521E-02
 0.3375  3.2569942684E-01 -1.4528132042E-02  2.5818305896E-01  4.3150382880E-02
 0.3500  3.3435112821E-01 -1.4590445313E-02  2.6706700590E-01  4.4728221004E-02
 0.3625  3.4335236144E-01 -1.4642782787E-02  2.7630227498E-01  4.6330638673E-02
 0.3750  3.5272026564E-01 -1.4683595958E-02  2.8590517999E-01  4.7957426779E-02
 0.3875  3.6247302519E-01 -1.4711133593E-02  2.9589286885E-01  4.9608611578E-02
 0.4000  3.7262995680E-01 -1.4723436407E-02  3.0628340588E-01  5.1284525286E-02
 0.4125  3.8321161066E-01 -1.4718333401E-02  3.1709587321E-01  5.2985885178E-02
 0.4250  3.9423988935E-01 -1.4693440186E-02  3.2835049572E-01  5.4713881086E-02
 0.4375  4.0573818817E-01 -1.4646159626E-02  3.4006879455E-01  5.6470270918E-02
 0.4500  4.1773156183E-01 -1.4573685183E-02  3.5227377485E-01  5.8257483505E-02
 0.4625  4.3024692300E-01 -1.4473007294E-02  3.6499015458E-01  6.0078727604E-02
 0.4750  4.4331327950E-01 -1.4340923147E-02  3.7824464177E-01  6.1938105463E-02
 0.4875  4.5696201784E-01 -1.4174050147E-02  3.9206626881E-01  6.3840728744E-02
 0.5000  4.7122724228E-01 -1.3968843332E-02  4.0648679329E-01  6.5792833982E-02
 0.5125  4.8614618011E-01 -1.3721616923E-02  4.2154117599E-01  6.7801894103E-02
 0.5250  5.0175966522E-01 -1.3428570088E-02  4.3726814784E-01  6.9876721751E-02
 0.5375  5.1811271429E-01 -1.3085816932E-02  4.5371087872E-01  7.2027559503E-02
 0.5500  5.3525521152E-01 -1.2689420595E-02  4.7091776242E-01  7.4266151320E-02
 0.5625  5.5324272037E-01 -1.2235431318E-02  4.8894333317E-01  7.6605789015E-02
 0.5750  5.7213744319E-01 -1.1719928282E-02  5.0784933075E-01  7.9061327079E-02
 0.5875  5.9200935202E-01 -1.1139065164E-02  5.2770593281E-01  8.1649159071E-02
 0.6000  6.1293751724E-01 -1.0489119569E-02  5.4859317486E-01  8.4387148994E-02
 0.6125  6.3501166384E-01 -9.7665470358E-03  5.7060258062E-01  8.7294511832E-02
 0.6250  6.5833398879E-01 -8.9680411119E-03  5.9383902880E-01  9.0391638864E-02
 0.6375  6.8302127756E-01 -8.0906023223E-03  6.1842288605E-01  9.3699865585E-02
 0.6500  7.0920736332E-01 -7.1316207391E-03  6.4449244204E-01  9.7241183314E-02
 0.6625  7.3704597862E-01 -6.0889795252E-03  6.7220669040E-01  1.0103789979E-01
 0.6750  7.6671405902E-01 -4.9611903919E-03  7.0174851140E-01  1.0511225943E-01
 0.6875  7.9841556939E-01 -3.7475765513E-03  7.3332832878E-01  1.0948604003E-01
 0.7000  8.3238594131E-01 -2.4485245171E-03  7.6718833765E-01  1.1418014957E-01
 0.7125  8.6889723355E-01 -1.0658330286E-03  8.0360743437E-01  1.1921425267E-01
 0.7250  9.0826416265E-01  3.9680479255E-04  8.4290702821E-01  1.2460646093E-01
 0.7375  9.5085120097E-01  1.9331416983E-03  8.8545798244E-01  1.3037312096E-01
 0.7500  9.9708101232E-01  3.5334870058E-03  9.3168902732E-01  1.3652872582E-01
 0.7625  1.0474446007E+00  5.1835305167E-03  9.8209711798E-01  1.4308595283E-01
 0.7750  1.1025136991E+00  6.8628225235E-03  1.0372603893E+00  1.5005578572E-01
 0.7875  1.1629561418E+00  8.5428626716E-03  1.0978546035E+00  1.5744759883E-01
 0.8000  1.2295552720E+00  1.0184777083E-02  1.1646743150E+00  1.6526894753E-01
 0.8125  1.3032348707E+00  1.1736616728E-02  1.2386604192E+00  1.7352459818E-01
 0.8250  1.3850917041E+00  1.3130405399E-02  1.3209363419E+00  1.8221400664E-01
 0.8375  1.4764386388E+00  1.4279224103E-02  1.4128559083E+00  1.9132596966E-01
 0.8500  1.5788624556E+00  1.5074870323E-02  1.5160669662E+00  2.0082846189E-01
 0.8625  1.6943021215E+00  1.5387017509E-02  1.6325961949E+00  2.1065064347E-01
 0.8750  1.8251555158E+00  1.5065380830E-02  1.7649623084E+00  2.2065255930E-01
 0.8875  1.9744256558E+00  1.3947249744E-02  1.9163271774E+00  2.3057598791E-01
 0.9000  2.1459216075E+00  1.1873985896E-02  2.0906973912E+00  2.3996702118E-01
 0.9125  2.3445348655E+00  8.7218546305E-03  2.2931926568E+00  2.4805697831E-01
 0.9250  2.5766195176E+00  4.4550596890E-03  2.5304024167E+00  2.5358280009E-01
 0.9375  2.8505145983E+00 -7.8764868506E-04  2.8108584546E+00  2.5452063437E-01
 0.9500  3.1772605099E+00 -6.5565653407E-03  3.1456594241E+00  2.4769625811E-01
 0.9625  3.5715792936E+00 -1.1881908669E-02  3.5492936233E+00  2.2822243173E-01
 0.9750  4.0532122632E+00 -1.4959932813E-02  4.0407195342E+00  1.8869513902E-01
 0.9875  4.6487398373E+00 -1.2689803868E-02  4.6447803323E+00  1.1805649061E-01
 1.0000  5.3940496335E+00  0.0000000000E+00  5.3940496335E+00  9.5849218170E-19
