 1.0  1.00000e+08
 1.1  9.51229e+07
 1.2  9.04837e+07
 1.3  8.60708e+07
 1.4  8.18731e+07
 1.5  7.78801e+07
 1.6  7.40818e+07
 1.7  7.04688e+07
 1.8  6.70320e+07
 1.9  6.37628e+07
 2.0  6.06531e+07
 2.1  5.76950e+07
 2.2  5.48812e+07
 2.3  5.22046e+07
 2.4  4.96585e+07
 2.5  4.72367e+07
 2.6  4.49329e+07
 2.7  4.27415e+07
 2.8  4.06570e+07
 2.9  3.86741e+07
 3.0  3.67879e+07
 3.1  3.49938e+07
 3.2  3.32871e+07
 3.3  3.16637e+07
 3.4  3.01194e+07
 3.5  2.86505e+07
 3.6  2.72532e+07
 3.7  2.59240e+07
 3.8  2.46597e+07
 3.9  2.34570e+07
 4.0  2.23130e+07
 4.1  2.12248e+07
 4.2  2.01897e+07
 4.3  1.92050e+07
 4.4  1.82684e+07
 4.5  1.73774e+07
 4.6  1.65299e+07
 4.7  1.57237e+07
 4.8  1.49569e+07
 4.9  1.42274e+07
 5.0  1.35335e+07
 5.1  1.28735e+07
 5.2  1.22456e+07
 5.3  1.16484e+07
 5.4  1.10803e+07
 5.5  1.05399e+07
 5.6  1.00259e+07
 5.7  9.53692e+06
 5.8  9.07180e+06
 5.9  8.62936e+06
 6.0  8.20850e+06
 6.1  7.80817e+06
 6.2  7.42736e+06
 6.3  7.06512e+06
 6.4  6.72055e+06
 6.5  6.39279e+06
 6.6  6.08101e+06
 6.7  5.78443e+06
 6.8  5.50232e+06
 6.9  5.23397e+06
 7.0  4.97871e+06
 7.1  4.73589e+06
 7.2  4.50492e+06
 7.3  4.28521e+06
 7.4  4.07622e+06
 7.5  3.87742e+06
 7.6  3.68832e+06
 7.7  3.50844e+06
 7.8  3.33733e+06
 7.9  3.17456e+06
 8.0  3.01974e+06
 8.1  2.87246e+06
 8.2  2.73237e+06
 8.3  2.59911e+06
 8.4  2.47235e+06
 8.5  2.35177e+06
 8.6  2.23708e+06
 8.7  2.12797e+06
 8.8  2.02419e+06
 8.9  1.92547e+06
 9.0  1.83156e+06
 9.1  1.74224e+06
 9.2  1.65727e+06
 9.3  1.57644e+06
 9.4  1.49956e+06
 9.5  1.42642e+06
 9.6  1.35686e+06
 9.7  1.29068e+06
 9.8  1.22773e+06
 9.9  1.16786e+06
10.0  1.11090e+06
