1214.000  1.93730e-07
1214.034  3.61469e-07
1214.068  6.65836e-07
1214.102  1.21084e-06
1214.136  2.17383e-06
1214.170  3.85288e-06
1214.204  6.74169e-06
1214.238  1.16459e-05
1214.272  1.98609e-05
1214.306  3.34386e-05
1214.340  5.55799e-05
1214.374  9.12030e-05
1214.408  1.47748e-04
1214.442  2.36297e-04
1214.476  3.73091e-04
1214.510  5.81558e-04
1214.544  8.94939e-04
1214.578  1.35961e-03
1214.612  2.03920e-03
1214.646  3.01942e-03
1214.680  4.41379e-03
1214.714  6.36972e-03
1214.748  9.07509e-03
1214.782  1.27645e-02
1214.816  1.77246e-02
1214.850  2.42981e-02
1214.884  3.28844e-02
1214.918  4.39369e-02
1214.952  5.79550e-02
1214.986  7.54698e-02
1215.020  9.70237e-02
1215.054  1.23141e-01
1215.088  1.54295e-01
1215.122  1.90863e-01
1215.156  2.33084e-01
1215.190  2.81013e-01
1215.224  3.34473e-01
1215.258  3.93022e-01
1215.292  4.55927e-01
1215.326  5.22150e-01
1215.360  5.90360e-01
1215.394  6.58962e-01
1215.428  7.26149e-01
1215.462  7.89974e-01
1215.496  8.48440e-01
1215.530  8.99605e-01
1215.564  9.41681e-01
1215.598  9.73145e-01
1215.632  9.92826e-01
1215.666  9.99978e-01
1215.700  9.94327e-01
1215.734  9.76090e-01
1215.768  9.45959e-01
1215.802  9.05059e-01
1215.836  8.54875e-01
1215.870  7.97169e-01
1215.904  7.33871e-01
1215.938  6.66977e-01
1215.972  5.98444e-01
1216.006  5.30100e-01
1216.040  4.63569e-01
1216.074  4.00214e-01
1216.108  3.41108e-01
1216.142  2.87021e-01
1216.176  2.38428e-01
1216.210  1.95534e-01
1216.244  1.58310e-01
1216.278  1.26537e-01
1216.312  9.98497e-02
1216.346  7.77855e-02
1216.380  5.98236e-02
1216.414  4.54221e-02
1216.448  3.40475e-02
1216.482  2.51955e-02
1216.516  1.84070e-02
1216.550  1.32760e-02
1216.584  9.45301e-03
1216.618  6.64501e-03
1216.652  4.61151e-03
1216.686  3.15946e-03
1216.720  2.13699e-03
1216.754  1.42697e-03
1216.788  9.40698e-04
1216.822  6.12218e-04
1216.856  3.93354e-04
1216.890  2.49507e-04
1216.924  1.56244e-04
1216.958  9.65934e-05
1216.992  5.89539e-05
1217.026  3.55221e-05
1217.060  2.11304e-05
1217.094  1.24090e-05
1217.128  7.19429e-06
1217.162  4.11777e-06
1217.196  2.32679e-06
1217.230  1.29800e-06
1217.264  7.14845e-07
1217.298  3.88662e-07
1217.332  2.08619e-07
1217.366  1.10550e-07
1217.400  5.78340e-08
