 1.0  8.00000e+03
 1.1  8.08791e+03
 1.2  8.17387e+03
 1.3  8.25792e+03
 1.4  8.34010e+03
 1.5  8.42043e+03
 1.6  8.49894e+03
 1.7  8.57566e+03
 1.8  8.65063e+03
 1.9  8.72387e+03
 2.0  8.79541e+03
 2.1  8.86529e+03
 2.2  8.93352e+03
 2.3  9.00014e+03
 2.4  9.06517e+03
 2.5  9.12864e+03
 2.6  9.19058e+03
 2.7  9.25102e+03
 2.8  9.30997e+03
 2.9  9.36747e+03
 3.0  9.42353e+03
 3.1  9.47819e+03
 3.2  9.53147e+03
 3.3  9.58339e+03
 3.4  9.63398e+03
 3.5  9.68326e+03
 3.6  9.73124e+03
 3.7  9.77796e+03
 3.8  9.82344e+03
 3.9  9.86770e+03
 4.0  9.91075e+03
 4.1  9.95263e+03
 4.2  9.99334e+03
 4.3  1.00329e+04
 4.4  1.00714e+04
 4.5  1.01087e+04
 4.6  1.01450e+04
 4.7  1.01802e+04
 4.8  1.02144e+04
 4.9  1.02476e+04
 5.0  1.02798e+04
 5.1  1.03109e+04
 5.2  1.03411e+04
 5.3  1.03704e+04
 5.4  1.03987e+04
 5.5  1.04261e+04
 5.6  1.04526e+04
 5.7  1.04783e+04
 5.8  1.05030e+04
 5.9  1.05269e+04
 6.0  1.05500e+04
 6.1  1.05723e+04
 6.2  1.05937e+04
 6.3  1.06144e+04
 6.4  1.06343e+04
 6.5  1.06534e+04
 6.6  1.06718e+04
 6.7  1.06895e+04
 6.8  1.07064e+04
 6.9  1.07227e+04
 7.0  1.07382e+04
 7.1  1.07531e+04
 7.2  1.07673e+04
 7.3  1.07809e+04
 7.4  1.07938e+04
 7.5  1.08061e+04
 7.6  1.08178e+04
 7.7  1.08289e+04
 7.8  1.08394e+04
 7.9  1.08493e+04
 8.0  1.08586e+04
 8.1  1.08674e+04
 8.2  1.08757e+04
 8.3  1.08834e+04
 8.4  1.08906e+04
 8.5  1.08973e+04
 8.6  1.09035e+04
 8.7  1.09092e+04
 8.8  1.09144e+04
 8.9  1.09192e+04
 9.0  1.09235e+04
 9.1  1.09273e+04
 9.2  1.09307e+04
 9.3  1.09337e+04
 9.4  1.09362e+04
 9.5  1.09383e+04
 9.6  1.09400e+04
 9.7  1.09414e+04
 9.8  1.09423e+04
 9.9  1.09429e+04
10.0  1.09430e+04
