 1.0  0.00000e+00
 1.1  1.55556e+00
 1.2  3.11111e+00
 1.3  4.66667e+00
 1.4  6.22222e+00
 1.5  7.77778e+00
 1.6  9.33333e+00
 1.7  1.08889e+01
 1.8  1.24444e+01
 1.9  1.40000e+01
 2.0  1.55556e+01
 2.1  1.71111e+01
 2.2  1.86667e+01
 2.3  2.02222e+01
 2.4  2.17778e+01
 2.5  2.33333e+01
 2.6  2.48889e+01
 2.7  2.64444e+01
 2.8  2.80000e+01
 2.9  2.95556e+01
 3.0  3.11111e+01
 3.1  3.26667e+01
 3.2  3.42222e+01
 3.3  3.57778e+01
 3.4  3.73333e+01
 3.5  3.88889e+01
 3.6  4.04444e+01
 3.7  4.20000e+01
 3.8  4.35556e+01
 3.9  4.51111e+01
 4.0  4.66667e+01
 4.1  4.82222e+01
 4.2  4.97778e+01
 4.3  5.13333e+01
 4.4  5.28889e+01
 4.5  5.44444e+01
 4.6  5.60000e+01
 4.7  5.75556e+01
 4.8  5.91111e+01
 4.9  6.06667e+01
 5.0  6.22222e+01
 5.1  6.37778e+01
 5.2  6.53333e+01
 5.3  6.68889e+01
 5.4  6.84444e+01
 5.5  7.00000e+01
 5.6  7.15556e+01
 5.7  7.31111e+01
 5.8  7.46667e+01
 5.9  7.62222e+01
 6.0  7.77778e+01
 6.1  7.93333e+01
 6.2  8.08889e+01
 6.3  8.24444e+01
 6.4  8.40000e+01
 6.5  8.55556e+01
 6.6  8.71111e+01
 6.7  8.86667e+01
 6.8  9.02222e+01
 6.9  9.17778e+01
 7.0  9.33333e+01
 7.1  9.48889e+01
 7.2  9.64444e+01
 7.3  9.80000e+01
 7.4  9.95556e+01
 7.5  1.01111e+02
 7.6  1.02667e+02
 7.7  1.04222e+02
 7.8  1.05778e+02
 7.9  1.07333e+02
 8.0  1.08889e+02
 8.1  1.10444e+02
 8.2  1.12000e+02
 8.3  1.13556e+02
 8.4  1.15111e+02
 8.5  1.16667e+02
 8.6  1.18222e+02
 8.7  1.19778e+02
 8.8  1.21333e+02
 8.9  1.22889e+02
 9.0  1.24444e+02
 9.1  1.26000e+02
 9.2  1.27556e+02
 9.3  1.29111e+02
 9.4  1.30667e+02
 9.5  1.32222e+02
 9.6  1.33778e+02
 9.7  1.35333e+02
 9.8  1.36889e+02
 9.9  1.38444e+02
10.0  1.40000e+02
