0.1027 -17.52240   0.11610
0.2968 -17.59310   0.08380
0.5023 -17.64450   0.07740
0.6963 -17.81840   0.08380
0.9018 -17.91500   0.09040
1.1073 -18.21150   0.16130
1.3014 -18.14030   0.13550
1.4954 -18.37220   0.18700
1.7009 -18.50750   0.22580
1.8950 -18.83620   0.37410
2.1005 -18.91340   0.41290
2.2945 -18.57120   0.22580
2.5000 -18.82900   0.34840
2.7055 -18.53850   0.20010
2.8995 -18.84790   0.33550
3.1164 -18.73790   0.27100
3.3219 -18.58930   0.21290
3.5160 -19.05350   0.43220
3.7215 -30.00000   0.00000
3.9041 -30.00000   0.00000
4.0982 -30.00000   0.00000
4.3151 -18.83960   0.28390
4.5091 -19.27160   0.54840
4.6804 -30.00000   0.00000
4.8973 -30.00000   0.00000
