lambda(um), Cext(cm^2/H), albedo, <cos>, # of angles
   0.15380  1.25732E-21   0.38632   0.66109   161
cos(theta),     S11,               S12,             S33,             S34
-1.0000  9.5154937411E-02 -9.4094396099E-19 -9.5154937411E-02 -6.9784638117E-19
-0.9875  9.3281288768E-02 -1.5899197384E-03 -9.3150806788E-02  1.6388095104E-03
-0.9750  9.1776267468E-02 -2.9752599332E-03 -9.1289894247E-02  3.0491962241E-03
-0.9625  9.0574320539E-02 -4.1991619082E-03 -8.9548281164E-02  4.2708907673E-03
-0.9500  8.9625405275E-02 -5.2930432968E-03 -8.7906754230E-02  5.3353734208E-03
-0.9375  8.8890259045E-02 -6.2806098194E-03 -8.6349854449E-02  6.2681259978E-03
-0.9250  8.8337366040E-02 -7.1803115169E-03 -8.4865067554E-02  7.0901531567E-03
-0.9125  8.7940927403E-02 -8.0069020352E-03 -8.3442153968E-02  7.8190217934E-03
-0.9000  8.7679472776E-02 -8.7724471655E-03 -8.2072618796E-02  8.4695832904E-03
-0.8875  8.7534899506E-02 -9.4869859824E-03 -8.0749311527E-02  9.0544903727E-03
-0.8750  8.7491799964E-02 -1.0158973391E-02 -7.9466134556E-02  9.5845824536E-03
-0.8625  8.7536980639E-02 -1.0795588005E-02 -7.8217834214E-02  1.0069185386E-02
-0.8500  8.7659106005E-02 -1.1402958790E-02 -7.6999848411E-02  1.0516351823E-02
-0.8375  8.7848422210E-02 -1.1986342137E-02 -7.5808189855E-02  1.0933055991E-02
-0.8250  8.8096532506E-02 -1.2550265903E-02 -7.4639350652E-02  1.1325350289E-02
-0.8125  8.8396208585E-02 -1.3098647476E-02 -7.3490220877E-02  1.1698489134E-02
-0.8000  8.8741229951E-02 -1.3634888309E-02 -7.2358018838E-02  1.2057025856E-02
-0.7875  8.9126247757E-02 -1.4161946180E-02 -7.1240233475E-02  1.2404889615E-02
-0.7750  8.9546670948E-02 -1.4682387551E-02 -7.0134579844E-02  1.2745449903E-02
-0.7625  8.9998572357E-02 -1.5198424196E-02 -6.9038967486E-02  1.3081575591E-02
-0.7500  9.0478611395E-02 -1.5711939820E-02 -6.7951479672E-02  1.3415693596E-02
-0.7375  9.0983969174E-02 -1.6224512822E-02 -6.6870359897E-02  1.3749849518E-02
-0.7250  9.1512291760E-02 -1.6737440557E-02 -6.5794001265E-02  1.4085769684E-02
-0.7125  9.2061637896E-02 -1.7251768492E-02 -6.4720934746E-02  1.4424921694E-02
-0.7000  9.2630428844E-02 -1.7768325158E-02 -6.3649813700E-02  1.4768569279E-02
-0.6875  9.3217399608E-02 -1.8287761301E-02 -6.2579393979E-02  1.5117817376E-02
-0.6750  9.3821552261E-02 -1.8810589829E-02 -6.1508510896E-02  1.5473644619E-02
-0.6625  9.4442113063E-02 -1.9337222355E-02 -6.0436055827E-02  1.5836922582E-02
-0.6500  9.5078495351E-02 -1.9867998520E-02 -5.9360955754E-02  1.6208423482E-02
-0.6375  9.5730269698E-02 -2.0403205664E-02 -5.8282158666E-02  1.6588820014E-02
-0.6250  9.6397141906E-02 -2.0943088366E-02 -5.7198626461E-02  1.6978682141E-02
-0.6125  9.7078938189E-02 -2.1487849370E-02 -5.6109335288E-02  1.7378475579E-02
-0.6000  9.7775595845E-02 -2.2037645034E-02 -5.5013281567E-02  1.7788565688E-02
-0.5875  9.8487157041E-02 -2.2592579173E-02 -5.3909490687E-02  1.8209228507E-02
-0.5750  9.9213763269E-02 -2.3152699001E-02 -5.2797024927E-02  1.8640668547E-02
-0.5625  9.9955648494E-02 -2.3717995856E-02 -5.1674987580E-02  1.9083040962E-02
-0.5500  1.0071312991E-01 -2.4288411782E-02 -5.0542521419E-02  1.9536474493E-02
-0.5375  1.0148659636E-01 -2.4863851348E-02 -4.9398801260E-02  2.0001091334E-02
-0.5250  1.0227649528E-01 -2.5444196650E-02 -4.8243021955E-02  2.0477020766E-02
-0.5125  1.0308331996E-01 -2.6029322670E-02 -4.7074384343E-02  2.0964404928E-02
-0.5000  1.0390759857E-01 -2.6619110130E-02 -4.5892082149E-02  2.1463396942E-02
-0.4875  1.0474988659E-01 -2.7213453734E-02 -4.4695292492E-02  2.1974153325E-02
-0.4750  1.0561076311E-01 -2.7812264866E-02 -4.3483171656E-02  2.2496823783E-02
-0.4625  1.0649083079E-01 -2.8415469209E-02 -4.2254856317E-02  2.3031541802E-02
-0.4500  1.0739071858E-01 -2.9023000859E-02 -4.1009469041E-02  2.3578418911E-02
-0.4375  1.0831108556E-01 -2.9634795189E-02 -3.9746125790E-02  2.4137544226E-02
-0.4250  1.0925262451E-01 -3.0250782694E-02 -3.8463942807E-02  2.4708989331E-02
-0.4125  1.1021606385E-01 -3.0870885484E-02 -3.7162040573E-02  2.5292817070E-02
-0.4000  1.1120216737E-01 -3.1495017138E-02 -3.5839543509E-02  2.5889091881E-02
-0.3875  1.1221173199E-01 -3.2123085569E-02 -3.4495575362E-02  2.6497889041E-02
-0.3750  1.1324558414E-01 -3.2754997728E-02 -3.3129251446E-02  2.7119300740E-02
-0.3625  1.1430457601E-01 -3.3390664586E-02 -3.1739669743E-02  2.7753437958E-02
-0.3500  1.1538958276E-01 -3.4030004934E-02 -3.0325903047E-02  2.8400428452E-02
-0.3375  1.1650150133E-01 -3.4672947130E-02 -2.8886993874E-02  2.9060412231E-02
-0.3250  1.1764125145E-01 -3.5319428672E-02 -2.7421952887E-02  2.9733536536E-02
-0.3125  1.1880977824E-01 -3.5969394251E-02 -2.5929760412E-02  3.0419952256E-02
-0.3000  1.2000805589E-01 -3.6622793372E-02 -2.4409369654E-02  3.1119813003E-02
-0.2875  1.2123709142E-01 -3.7279578667E-02 -2.2859709742E-02  3.1833277052E-02
-0.2750  1.2249792784E-01 -3.7939705650E-02 -2.1279686836E-02  3.2560511240E-02
-0.2625  1.2379164616E-01 -3.8603134013E-02 -1.9668182301E-02  3.3301695247E-02
-0.2500  1.2511936630E-01 -3.9269829875E-02 -1.8024047983E-02  3.4057024564E-02
-0.2375  1.2648224734E-01 -3.9939767983E-02 -1.6346099627E-02  3.4826710975E-02
-0.2250  1.2788148760E-01 -4.0612932763E-02 -1.4633110149E-02  3.5610980352E-02
-0.2125  1.2931832545E-01 -4.1289317534E-02 -1.2883804473E-02  3.6410068643E-02
-0.2000  1.3079404087E-01 -4.1968921849E-02 -1.1096857057E-02  3.7224217707E-02
-0.1875  1.3230995827E-01 -4.2651747653E-02 -9.2708921992E-03  3.8053672831E-02
-0.1750  1.3386744999E-01 -4.3337795493E-02 -7.4044861330E-03  3.8898683290E-02
-0.1625  1.3546794022E-01 -4.4027062088E-02 -5.4961691428E-03  3.9759506217E-02
-0.1500  1.3711290879E-01 -4.4719540230E-02 -3.5444258110E-03  4.0636412904E-02
-0.1375  1.3880389464E-01 -4.5415221196E-02 -1.5476920513E-03  4.1529695601E-02
-0.1250  1.4054249871E-01 -4.6114099015E-02  4.9565134022E-04  4.2439672644E-02
-0.1125  1.4233038676E-01 -4.6816175244E-02  2.5872876666E-03  4.3366690139E-02
-0.1000  1.4416929219E-01 -4.7521462679E-02  4.7289739954E-03  4.4311119608E-02
-0.0875  1.4606101948E-01 -4.8229986740E-02  6.9225494116E-03  4.5273352406E-02
-0.0750  1.4800744830E-01 -4.8941784021E-02  9.1699403014E-03  4.6253792907E-02
-0.0625  1.5001053835E-01 -4.9656898492E-02  1.1473162253E-02  4.7252852987E-02
-0.0500  1.5207233481E-01 -5.0375376585E-02  1.3834319506E-02  4.8270949929E-02
-0.0375  1.5419497401E-01 -5.1097262782E-02  1.6255603891E-02  4.9308508724E-02
-0.0250  1.5638068915E-01 -5.1822597118E-02  1.8739295550E-02  5.0365968199E-02
-0.0125  1.5863181609E-01 -5.2551415247E-02  2.1287767151E-02  5.1443789063E-02
-0.0000  1.6095079914E-01 -5.3283750847E-02  2.3903492152E-02  5.2542461358E-02
 0.0125  1.6334019731E-01 -5.4019639320E-02  2.6589056276E-02  5.3662509101E-02
 0.0250  1.6580269111E-01 -5.4759121361E-02  2.9347170345E-02  5.4804491091E-02
 0.0375  1.6834109029E-01 -5.5502245215E-02  3.2180682359E-02  5.5968998354E-02
 0.0500  1.7095834238E-01 -5.6249067009E-02  3.5092587347E-02  5.7156649968E-02
 0.0625  1.7365754207E-01 -5.6999649400E-02  3.8086034722E-02  5.8368089544E-02
 0.0750  1.7644194129E-01 -5.7754059366E-02  4.1164334198E-02  5.9603984203E-02
 0.0875  1.7931495974E-01 -5.8512366193E-02  4.4330962127E-02  6.0865026752E-02
 0.1000  1.8228019614E-01 -5.9274640430E-02  4.7589570131E-02  6.2151940423E-02
 0.1125  1.8534144010E-01 -6.0040954044E-02  5.0943997113E-02  6.3465484576E-02
 0.1250  1.8850268492E-01 -6.0811381385E-02  5.4398284554E-02  6.4806459639E-02
 0.1375  1.9176814160E-01 -6.1586000305E-02  5.7956693967E-02  6.6175710211E-02
 0.1500  1.9514225405E-01 -6.2364892823E-02  6.1623725070E-02  6.7574126369E-02
 0.1625  1.9862971575E-01 -6.3148145131E-02  6.5404133655E-02  6.9002644208E-02
 0.1750  2.0223548792E-01 -6.3935847208E-02  6.9302949140E-02  7.0462246979E-02
 0.1875  2.0596481935E-01 -6.4728092572E-02  7.3325492815E-02  7.1953967845E-02
 0.2000  2.0982326808E-01 -6.5524978647E-02  7.7477398279E-02  7.3478894291E-02
 0.2125  2.1381672521E-01 -6.6326607824E-02  8.1764635321E-02  7.5038173385E-02
 0.2250  2.1795144098E-01 -6.7133088887E-02  8.6193537667E-02  7.6633016678E-02
 0.2375  2.2223405337E-01 -6.7944538194E-02  9.0770834056E-02  7.8264703903E-02
 0.2500  2.2667161923E-01 -6.8761080093E-02  9.5503681687E-02  7.9934585474E-02
 0.2625  2.3127164824E-01 -6.9582846464E-02  1.0039970132E-01  8.1644084687E-02
 0.2750  2.3604213992E-01 -7.0409975710E-02  1.0546701418E-01  8.3394700858E-02
 0.2875  2.4099162438E-01 -7.1242611814E-02  1.1071428176E-01  8.5188014279E-02
 0.3000  2.4612920739E-01 -7.2080903980E-02  1.1615075020E-01  8.7025693045E-02
 0.3125  2.5146462062E-01 -7.2925007025E-02  1.2178630051E-01  8.8909500961E-02
 0.3250  2.5700827761E-01 -7.3775082228E-02  1.2763150542E-01  9.0841305493E-02
 0.3375  2.6277133605E-01 -7.4631298077E-02  1.3369769275E-01  9.2823085121E-02
 0.3500  2.6876576682E-01 -7.5493830438E-02  1.3999701484E-01  9.4856936350E-02
 0.3625  2.7500443030E-01 -7.6362861985E-02  1.4654252438E-01  9.6945081375E-02
 0.3750  2.8150116104E-01 -7.7238581094E-02  1.5334825748E-01  9.9089877681E-02
 0.3875  2.8827086210E-01 -7.8121180612E-02  1.6042932619E-01  1.0129383045E-01
 0.4000  2.9532961052E-01 -7.9010856890E-02  1.6780202262E-01  1.0355960803E-01
 0.4125  3.0269477607E-01 -7.9907809265E-02  1.7548393729E-01  1.0589006006E-01
 0.4250  3.1038515494E-01 -8.0812240006E-02  1.8349409361E-01  1.0828823796E-01
 0.4375  3.1842112087E-01 -8.1724354694E-02  1.9185310073E-01  1.1075741767E-01
 0.4500  3.2682479603E-01 -8.2644363106E-02  2.0058332732E-01  1.1330112468E-01
 0.4625  3.3562024513E-01 -8.3572480689E-02  2.0970909984E-01  1.1592316177E-01
 0.4750  3.4483369651E-01 -8.4508930705E-02  2.1925692942E-01  1.1862763914E-01
 0.4875  3.5449379500E-01 -8.5453946878E-02  2.2925577228E-01  1.2141900628E-01
 0.5000  3.6463189178E-01 -8.6407776158E-02  2.3973732846E-01  1.2430208488E-01
 0.5125  3.7528237747E-01 -8.7370680972E-02  2.5073638411E-01  1.2728210204E-01
 0.5250  3.8648306577E-01 -8.8342940226E-02  2.6229120297E-01  1.3036472384E-01
 0.5375  3.9827563614E-01 -8.9324848176E-02  2.7444397385E-01  1.3355608997E-01
 0.5500  4.1070614592E-01 -9.0316710217E-02  2.8724132211E-01  1.3686285166E-01
 0.5625  4.2382562427E-01 -9.1318834505E-02  3.0073489533E-01  1.4029221619E-01
 0.5750  4.3769076277E-01 -9.2331518477E-02  3.1498203611E-01  1.4385200421E-01
 0.5875  4.5236472151E-01 -9.3355029819E-02  3.3004655946E-01  1.4755072900E-01
 0.6000  4.6791807452E-01 -9.4389582422E-02  3.4599965950E-01  1.5139771049E-01
 0.6125  4.8442992638E-01 -9.5435309382E-02  3.6292098129E-01  1.5540324028E-01
 0.6250  5.0198924297E-01 -9.6492237122E-02  3.8089990868E-01  1.5957881622E-01
 0.6375  5.2069645442E-01 -9.7560266979E-02  4.0003714026E-01  1.6393746496E-01
 0.6500  5.4066540981E-01 -9.8639173038E-02  4.2044665209E-01  1.6849416711E-01
 0.6625  5.6202579029E-01 -9.9728626880E-02  4.4225817984E-01  1.7326638981E-01
 0.6750  5.8492612373E-01 -1.0082826063E-01  4.6562039227E-01  1.7827471370E-01
 0.6875  6.0953758746E-01 -1.0193777784E-01  4.9070497190E-01  1.8354351387E-01
 0.7000  6.3605883752E-01 -1.0305711605E-01  5.1771186247E-01  1.8910161629E-01
 0.7125  6.6472216037E-01 -1.0418665333E-01  5.4687598076E-01  1.9498280576E-01
 0.7250  6.9580130282E-01 -1.0532743259E-01  5.7847571544E-01  2.0122601550E-01
 0.7375  7.2962139479E-01 -1.0648135055E-01  6.1284354102E-01  2.0787499695E-01
 0.7500  7.6657143718E-01 -1.0765122364E-01  6.5037905873E-01  2.1497727856E-01
 0.7625  8.0711989146E-01 -1.0884060485E-01  6.9156475398E-01  2.2258231464E-01
 0.7750  8.5183401549E-01 -1.1005319078E-01  7.3698478026E-01  2.3073896108E-01
 0.7875  9.0140383055E-01 -1.1129164290E-01  7.8734726381E-01  2.3949286895E-01
 0.8000  9.5667217588E-01 -1.1255567432E-01  8.4351122153E-01  2.4888514700E-01
 0.8125  1.0186736127E+00 -1.1383935690E-01  9.0652067976E-01  2.5895478147E-01
 0.8250  1.0886877474E+00 -1.1512782337E-01  9.7765185540E-01  2.6974881975E-01
 0.8375  1.1683182658E+00 -1.1639391567E-01  1.0584858628E+00  2.8134606031E-01
 0.8500  1.2596201274E+00 -1.1759587721E-01  1.1510320022E+00  2.9390142014E-01
 0.8625  1.3653183539E+00 -1.1867785098E-01  1.2579497509E+00  3.0771806645E-01
 0.8750  1.4892002659E+00 -1.1957551213E-01  1.3829586152E+00  3.2335035569E-01
 0.8875  1.6368319637E+00 -1.2022910457E-01  1.5315965895E+00  3.4172803292E-01
 0.9000  1.8168722023E+00 -1.2060434243E-01  1.7126116132E+00  3.6426283173E-01
 0.9125  2.0434741131E+00 -1.2071589383E-01  1.9404846992E+00  3.9283852893E-01
 0.9250  2.3406588806E+00 -1.2063444594E-01  2.2399639710E+00  4.2947118412E-01
 0.9375  2.7502984530E+00 -1.2042935257E-01  2.6542082309E+00  4.7521927509E-01
 0.9500  3.3469633554E+00 -1.1994108304E-01  3.2596858602E+00  5.2756063828E-01
 0.9625  4.2672342939E+00 -1.1816234058E-01  4.1951806672E+00  5.7482179913E-01
 0.9750  5.7777970938E+00 -1.1172362696E-01  5.7287554344E+00  5.8497935446E-01
 0.9875  8.5080548559E+00 -9.0227629953E-02  8.4876845034E+00  4.7992587400E-01
 1.0000  1.4854671539E+01  2.1980948110E-45  1.4854671539E+01 -9.2124672637E-19
