lambda, albedo, <cos>, # of angles
   2.19000   0.43864   0.13095   161
cos(theta),     S11,               S12,             S33,             S34
-1.0000  5.2178797274E-01  1.5385397887E-18 -5.2178797274E-01 -9.3704203560E-19
-0.9875  5.1705753493E-01 -4.9478106896E-03 -5.1700449722E-01  2.6134135911E-03
-0.9750  5.1239840131E-01 -9.8583761646E-03 -5.1218619748E-01  5.2156799502E-03
-0.9625  5.0781040245E-01 -1.4731557974E-02 -5.0733281204E-01  7.8067391232E-03
-0.9500  5.0329338055E-01 -1.9567214384E-02 -5.0244407437E-01  1.0386525874E-02
-0.9375  4.9884718959E-01 -2.4365200265E-02 -4.9751971283E-01  1.2954969618E-02
-0.9250  4.9447169541E-01 -2.9125366980E-02 -4.9255945066E-01  1.5511994344E-02
-0.9125  4.9016677577E-01 -3.3847562267E-02 -4.8756300593E-01  1.8057518553E-02
-0.9000  4.8593232052E-01 -3.8531630123E-02 -4.8253009158E-01  2.0591455176E-02
-0.8875  4.8176823165E-01 -4.3177410688E-02 -4.7746041533E-01  2.3113711501E-02
-0.8750  4.7767442343E-01 -4.7784740121E-02 -4.7235367971E-01  2.5624189102E-02
-0.8625  4.7365082252E-01 -5.2353450485E-02 -4.6720958201E-01  2.8122783755E-02
-0.8500  4.6969736804E-01 -5.6883369618E-02 -4.6202781425E-01  3.0609385360E-02
-0.8375  4.6581401176E-01 -6.1374321014E-02 -4.5680806319E-01  3.3083877863E-02
-0.8250  4.6200071815E-01 -6.5826123692E-02 -4.5155001027E-01  3.5546139174E-02
-0.8125  4.5825746453E-01 -7.0238592075E-02 -4.4625333160E-01  3.7996041079E-02
-0.8000  4.5458424119E-01 -7.4611535852E-02 -4.4091769796E-01  4.0433449160E-02
-0.7875  4.5098105155E-01 -7.8944759856E-02 -4.3554277474E-01  4.2858222703E-02
-0.7750  4.4744791222E-01 -8.3238063926E-02 -4.3012822194E-01  4.5270214616E-02
-0.7625  4.4398485318E-01 -8.7491242771E-02 -4.2467369411E-01  4.7669271331E-02
-0.7500  4.4059191793E-01 -9.1704085840E-02 -4.1917884039E-01  5.0055232721E-02
-0.7375  4.3726916359E-01 -9.5876377177E-02 -4.1364330443E-01  5.2427932001E-02
-0.7250  4.3401666105E-01 -1.0000789529E-01 -4.0806672436E-01  5.4787195632E-02
-0.7125  4.3083449514E-01 -1.0409841299E-01 -4.0244873283E-01  5.7132843230E-02
-0.7000  4.2772276475E-01 -1.0814769727E-01 -3.9678895690E-01  5.9464687463E-02
-0.6875  4.2468158299E-01 -1.1215550915E-01 -3.9108701808E-01  6.1782533953E-02
-0.6750  4.2171107735E-01 -1.1612160352E-01 -3.8534253227E-01  6.4086181171E-02
-0.6625  4.1881138986E-01 -1.2004572901E-01 -3.7955510974E-01  6.6375420338E-02
-0.6500  4.1598267724E-01 -1.2392762782E-01 -3.7372435512E-01  6.8650035316E-02
-0.6375  4.1322511106E-01 -1.2776703557E-01 -3.6784986735E-01  7.0909802499E-02
-0.6250  4.1053887794E-01 -1.3156368115E-01 -3.6193123965E-01  7.3154490709E-02
-0.6125  4.0792417967E-01 -1.3531728654E-01 -3.5596805953E-01  7.5383861081E-02
-0.6000  4.0538123344E-01 -1.3902756669E-01 -3.4995990872E-01  7.7597666950E-02
-0.5875  4.0291027197E-01 -1.4269422932E-01 -3.4390636318E-01  7.9795653736E-02
-0.5750  4.0051154373E-01 -1.4631697477E-01 -3.3780699304E-01  8.1977558827E-02
-0.5625  3.9818531310E-01 -1.4989549583E-01 -3.3166136258E-01  8.4143111461E-02
-0.5500  3.9593186056E-01 -1.5342947758E-01 -3.2546903024E-01  8.6292032604E-02
-0.5375  3.9375148293E-01 -1.5691859717E-01 -3.1922954851E-01  8.8424034824E-02
-0.5250  3.9164449347E-01 -1.6036252374E-01 -3.1294246399E-01  9.0538822172E-02
-0.5125  3.8961122220E-01 -1.6376091813E-01 -3.0660731731E-01  9.2636090048E-02
-0.5000  3.8765201600E-01 -1.6711343279E-01 -3.0022364312E-01  9.4715525073E-02
-0.4875  3.8576723888E-01 -1.7041971153E-01 -2.9379097005E-01  9.6776804960E-02
-0.4750  3.8395727219E-01 -1.7367938941E-01 -2.8730882067E-01  9.8819598376E-02
-0.4625  3.8222251480E-01 -1.7689209246E-01 -2.8077671151E-01  1.0084356481E-01
-0.4500  3.8056338335E-01 -1.8005743756E-01 -2.7419415298E-01  1.0284835443E-01
-0.4375  3.7898031249E-01 -1.8317503224E-01 -2.6756064934E-01  1.0483360794E-01
-0.4250  3.7747375507E-01 -1.8624447442E-01 -2.6087569872E-01  1.0679895645E-01
-0.4125  3.7604418240E-01 -1.8926535231E-01 -2.5413879304E-01  1.0874402132E-01
-0.4000  3.7469208448E-01 -1.9223724412E-01 -2.4734941800E-01  1.1066841399E-01
-0.3875  3.7341797025E-01 -1.9515971789E-01 -2.4050705305E-01  1.1257173588E-01
-0.3750  3.7222236783E-01 -1.9803233131E-01 -2.3361117135E-01  1.1445357820E-01
-0.3625  3.7110582479E-01 -2.0085463145E-01 -2.2666123975E-01  1.1631352180E-01
-0.3500  3.7006890836E-01 -2.0362615459E-01 -2.1965671876E-01  1.1815113701E-01
-0.3375  3.6911220577E-01 -2.0634642598E-01 -2.1259706252E-01  1.1996598350E-01
-0.3250  3.6823632442E-01 -2.0901495964E-01 -2.0548171874E-01  1.2175761009E-01
-0.3125  3.6744189224E-01 -2.1163125810E-01 -1.9831012871E-01  1.2352555459E-01
-0.3000  3.6672955792E-01 -2.1419481221E-01 -1.9108172726E-01  1.2526934365E-01
-0.2875  3.6609999119E-01 -2.1670510089E-01 -1.8379594270E-01  1.2698849256E-01
-0.2750  3.6555388312E-01 -2.1916159092E-01 -1.7645219682E-01  1.2868250510E-01
-0.2625  3.6509194642E-01 -2.2156373664E-01 -1.6904990485E-01  1.3035087336E-01
-0.2500  3.6471491571E-01 -2.2391097978E-01 -1.6158847541E-01  1.3199307752E-01
-0.2375  3.6442354784E-01 -2.2620274918E-01 -1.5406731050E-01  1.3360858574E-01
-0.2250  3.6421862221E-01 -2.2843846054E-01 -1.4648580547E-01  1.3519685392E-01
-0.2125  3.6410094104E-01 -2.3061751617E-01 -1.3884334898E-01  1.3675732551E-01
-0.2000  3.6407132974E-01 -2.3273930476E-01 -1.3113932294E-01  1.3828943135E-01
-0.1875  3.6413063721E-01 -2.3480320107E-01 -1.2337310254E-01  1.3979258947E-01
-0.1750  3.6427973615E-01 -2.3680856570E-01 -1.1554405615E-01  1.4126620486E-01
-0.1625  3.6451952344E-01 -2.3875474483E-01 -1.0765154536E-01  1.4270966928E-01
-0.1500  3.6485092046E-01 -2.4064106992E-01 -9.9694924856E-02  1.4412236110E-01
-0.1375  3.6527487342E-01 -2.4246685743E-01 -9.1673542483E-02  1.4550364504E-01
-0.1250  3.6579235373E-01 -2.4423140859E-01 -8.3586739146E-02  1.4685287197E-01
-0.1125  3.6640435839E-01 -2.4593400907E-01 -7.5433848804E-02  1.4816937871E-01
-0.1000  3.6711191028E-01 -2.4757392867E-01 -6.7214198434E-02  1.4945248780E-01
-0.0875  3.6791605863E-01 -2.4915042112E-01 -5.8927107995E-02  1.5070150730E-01
-0.0750  3.6881787930E-01 -2.5066272366E-01 -5.0571890398E-02  1.5191573053E-01
-0.0625  3.6981847525E-01 -2.5211005683E-01 -4.2147851472E-02  1.5309443587E-01
-0.0500  3.7091897688E-01 -2.5349162413E-01 -3.3654289931E-02  1.5423688652E-01
-0.0375  3.7212054244E-01 -2.5480661172E-01 -2.5090497342E-02  1.5534233027E-01
-0.0250  3.7342435846E-01 -2.5605418806E-01 -1.6455758091E-02  1.5640999924E-01
-0.0125  3.7483164012E-01 -2.5723350366E-01 -7.7493493500E-03  1.5743910967E-01
-0.0000  3.7634363171E-01 -2.5834369068E-01  1.0294589544E-03  1.5842886165E-01
 0.0125  3.7796160702E-01 -2.5938386268E-01  9.8814041759E-03  1.5937843889E-01
 0.0250  3.7968686981E-01 -2.6035311421E-01  1.8807230980E-02  1.6028700842E-01
 0.0375  3.8152075422E-01 -2.6125052049E-01  2.7807691378E-02  1.6115372039E-01
 0.0500  3.8346462524E-01 -2.6207513710E-01  3.6883544759E-02  1.6197770779E-01
 0.0625  3.8551987916E-01 -2.6282599958E-01  4.6035557922E-02  1.6275808616E-01
 0.0750  3.8768794402E-01 -2.6350212311E-01  5.5264505111E-02  1.6349395333E-01
 0.0875  3.8997028011E-01 -2.6410250211E-01  6.4571168047E-02  1.6418438918E-01
 0.1000  3.9236838041E-01 -2.6462610991E-01  7.3956335959E-02  1.6482845530E-01
 0.1125  3.9488377111E-01 -2.6507189836E-01  8.3420805616E-02  1.6542519478E-01
 0.1250  3.9751801211E-01 -2.6543879744E-01  9.2965381366E-02  1.6597363184E-01
 0.1375  4.0027269748E-01 -2.6572571490E-01  1.0259087516E-01  1.6647277161E-01
 0.1500  4.0314945602E-01 -2.6593153583E-01  1.1229810658E-01  1.6692159981E-01
 0.1625  4.0614995173E-01 -2.6605512231E-01  1.2208790291E-01  1.6731908243E-01
 0.1750  4.0927588442E-01 -2.6609531299E-01  1.3196109909E-01  1.6766416544E-01
 0.1875  4.1252899013E-01 -2.6605092265E-01  1.4191853784E-01  1.6795577450E-01
 0.2000  4.1591104180E-01 -2.6592074182E-01  1.5196106962E-01  1.6819281460E-01
 0.2125  4.1942384973E-01 -2.6570353637E-01  1.6208955269E-01  1.6837416980E-01
 0.2250  4.2306926218E-01 -2.6539804703E-01  1.7230485316E-01  1.6849870283E-01
 0.2375  4.2684916597E-01 -2.6500298901E-01  1.8260784499E-01  1.6856525485E-01
 0.2500  4.3076548701E-01 -2.6451705152E-01  1.9299941002E-01  1.6857264504E-01
 0.2625  4.3482019092E-01 -2.6393889733E-01  2.0348043804E-01  1.6851967031E-01
 0.2750  4.3901528365E-01 -2.6326716236E-01  2.1405182677E-01  1.6840510491E-01
 0.2875  4.4335281204E-01 -2.6250045513E-01  2.2471448193E-01  1.6822770014E-01
 0.3000  4.4783486448E-01 -2.6163735637E-01  2.3546931727E-01  1.6798618394E-01
 0.3125  4.5246357156E-01 -2.6067641852E-01  2.4631725455E-01  1.6767926057E-01
 0.3250  4.5724110663E-01 -2.5961616524E-01  2.5725922363E-01  1.6730561021E-01
 0.3375  4.6216968656E-01 -2.5845509089E-01  2.6829616248E-01  1.6686388863E-01
 0.3500  4.6725157230E-01 -2.5719166011E-01  2.7942901719E-01  1.6635272676E-01
 0.3625  4.7248906962E-01 -2.5582430725E-01  2.9065874202E-01  1.6577073038E-01
 0.3750  4.7788452978E-01 -2.5435143585E-01  3.0198629944E-01  1.6511647966E-01
 0.3875  4.8344035018E-01 -2.5277141819E-01  3.1341266011E-01  1.6438852880E-01
 0.4000  4.8915897514E-01 -2.5108259469E-01  3.2493880296E-01  1.6358540565E-01
 0.4125  4.9504289655E-01 -2.4928327338E-01  3.3656571521E-01  1.6270561125E-01
 0.4250  5.0109465464E-01 -2.4737172941E-01  3.4829439235E-01  1.6174761949E-01
 0.4375  5.0731683867E-01 -2.4534620443E-01  3.6012583823E-01  1.6070987663E-01
 0.4500  5.1371208776E-01 -2.4320490607E-01  3.7206106506E-01  1.5959080089E-01
 0.4625  5.2028309156E-01 -2.4094600735E-01  3.8410109342E-01  1.5838878207E-01
 0.4750  5.2703259109E-01 -2.3856764612E-01  3.9624695231E-01  1.5710218105E-01
 0.4875  5.3396337952E-01 -2.3606792444E-01  4.0849967918E-01  1.5572932935E-01
 0.5000  5.4107830291E-01 -2.3344490801E-01  4.2086031991E-01  1.5426852876E-01
 0.5125  5.4838026112E-01 -2.3069662556E-01  4.3332992891E-01  1.5271805077E-01
 0.5250  5.5587220853E-01 -2.2782106822E-01  4.4590956906E-01  1.5107613619E-01
 0.5375  5.6355715495E-01 -2.2481618893E-01  4.5860031181E-01  1.4934099466E-01
 0.5500  5.7143816646E-01 -2.2167990175E-01  4.7140323714E-01  1.4751080415E-01
 0.5625  5.7951836622E-01 -2.1841008127E-01  4.8431943363E-01  1.4558371051E-01
 0.5750  5.8780093542E-01 -2.1500456193E-01  4.9734999846E-01  1.4355782695E-01
 0.5875  5.9628911412E-01 -2.1146113737E-01  5.1049603743E-01  1.4143123358E-01
 0.6000  6.0498620217E-01 -2.0777755973E-01  5.2375866499E-01  1.3920197685E-01
 0.6125  6.1389556014E-01 -2.0395153899E-01  5.3713900426E-01  1.3686806909E-01
 0.6250  6.2302061022E-01 -1.9998074229E-01  5.5063818703E-01  1.3442748796E-01
 0.6375  6.3236483719E-01 -1.9586279319E-01  5.6425735382E-01  1.3187817594E-01
 0.6500  6.4193178940E-01 -1.9159527097E-01  5.7799765385E-01  1.2921803977E-01
 0.6625  6.5172507968E-01 -1.8717570991E-01  5.9186024511E-01  1.2644494993E-01
 0.6750  6.6174838641E-01 -1.8260159856E-01  6.0584629431E-01  1.2355674009E-01
 0.6875  6.7200545448E-01 -1.7787037897E-01  6.1995697699E-01  1.2055120653E-01
 0.7000  6.8250009632E-01 -1.7297944593E-01  6.3419347743E-01  1.1742610758E-01
 0.7125  6.9323619292E-01 -1.6792614625E-01  6.4855698874E-01  1.1417916308E-01
 0.7250  7.0421769492E-01 -1.6270777789E-01  6.6304871286E-01  1.1080805373E-01
 0.7375  7.1544862367E-01 -1.5732158926E-01  6.7766986055E-01  1.0731042055E-01
 0.7500  7.2693307228E-01 -1.5176477835E-01  6.9242165141E-01  1.0368386426E-01
 0.7625  7.3867520677E-01 -1.4603449193E-01  7.0730531392E-01  9.9925944664E-02
 0.7750  7.5067926714E-01 -1.4012782471E-01  7.2232208543E-01  9.6034180053E-02
 0.7875  7.6294956855E-01 -1.3404181854E-01  7.3747321215E-01  9.2006046556E-02
 0.8000  7.7549050247E-01 -1.2777346150E-01  7.5275994918E-01  8.7838977512E-02
 0.8125  7.8830653779E-01 -1.2131968705E-01  7.6818356055E-01  8.3530362823E-02
 0.8250  8.0140222210E-01 -1.1467737317E-01  7.8374531916E-01  7.9077548300E-02
 0.8375  8.1478218281E-01 -1.0784334145E-01  7.9944650684E-01  7.4477834997E-02
 0.8500  8.2845112845E-01 -1.0081435615E-01  8.1528841432E-01  6.9728478538E-02
 0.8625  8.4241384985E-01 -9.3587123344E-02  8.3127234128E-01  6.4826688429E-02
 0.8750  8.5667522144E-01 -8.6158289931E-02  8.4739959629E-01  5.9769627372E-02
 0.8875  8.7124020251E-01 -7.8524442708E-02  8.6367149687E-01  5.4554410551E-02
 0.9000  8.8611383853E-01 -7.0682107403E-02  8.8008936946E-01  4.9178104927E-02
 0.9125  9.0130126246E-01 -6.2627747696E-02  8.9665454942E-01  4.3637728510E-02
 0.9250  9.1680769607E-01 -5.4357764225E-02  9.1336838105E-01  3.7930249620E-02
 0.9375  9.3263845134E-01 -4.5868493581E-02  9.3023221756E-01  3.2052586152E-02
 0.9500  9.4879893179E-01 -3.7156207286E-02  9.4724742109E-01  2.6001604809E-02
 0.9625  9.6529463392E-01 -2.8217110753E-02  9.6441536269E-01  1.9774120343E-02
 0.9750  9.8213114864E-01 -1.9047342232E-02  9.8173742231E-01  1.3366894773E-02
 0.9875  9.9931416265E-01 -9.6429717459E-03  9.9921498883E-01  6.7766365995E-03
 1.0000  1.0168494600E+00  0.0000000000E+00  1.0168494600E+00  2.3755072590E-18
