lambda(um), Cext(cm^2/H), albedo, <cos>, # of angles
   0.15480  1.25146E-21   0.38930   0.65949   161
cos(theta),     S11,               S12,             S33,             S34
-1.0000  9.5240870309E-02  7.3777516678E-19 -9.5240870309E-02  8.1334818499E-19
-0.9875  9.3232417880E-02 -1.6058135045E-03 -9.3092972953E-02  1.7453329252E-03
-0.9750  9.1623428258E-02 -2.9930044232E-03 -9.1103837172E-02  3.2411403766E-03
-0.9625  9.0341432261E-02 -4.2090324495E-03 -8.9245942702E-02  4.5307170113E-03
-0.9500  8.9331536077E-02 -5.2881822640E-03 -8.7497828027E-02  5.6482526064E-03
-0.9375  8.8550995492E-02 -6.2560435523E-03 -8.5842600612E-02  6.6214299095E-03
-0.9250  8.7965694467E-02 -7.1323132658E-03 -8.4266765582E-02  7.4731286457E-03
-0.9125  8.7547799262E-02 -7.9325940806E-03 -8.2759337377E-02  8.2225565402E-03
-0.9000  8.7274178586E-02 -8.6695612230E-03 -8.1311193198E-02  8.8860159947E-03
-0.8875  8.7125332273E-02 -9.3537250985E-03 -7.9914619531E-02  9.4774425211E-03
-0.8750  8.7084655420E-02 -9.9939366696E-03 -7.8563001351E-02  1.0008801142E-02
-0.8625  8.7137919363E-02 -1.0597731568E-02 -7.7250608392E-02  1.0490392619E-02
-0.8500  8.7272889820E-02 -1.1171574027E-02 -7.5972442249E-02  1.0931098920E-02
-0.8375  8.7479031242E-02 -1.1721037555E-02 -7.4724119212E-02  1.1338584044E-02
-0.8250  8.7747267046E-02 -1.2250943301E-02 -7.3501774101E-02  1.1719459649E-02
-0.8125  8.8069779172E-02 -1.2765467586E-02 -7.2301978355E-02  1.2079422358E-02
-0.8000  8.8439838506E-02 -1.3268225378E-02 -7.1121670445E-02  1.2423369005E-02
-0.7875  8.8851661627E-02 -1.3762334851E-02 -6.9958098650E-02  1.2755495917E-02
-0.7750  8.9300290480E-02 -1.4250468077E-02 -6.8808776004E-02  1.3079387617E-02
-0.7625  8.9781491435E-02 -1.4734893084E-02 -6.7671445995E-02  1.3398098875E-02
-0.7500  9.0291669672E-02 -1.5217512200E-02 -6.6544056217E-02  1.3714231996E-02
-0.7375  9.0827794806E-02 -1.5699900534E-02 -6.5424736492E-02  1.4030009158E-02
-0.7250  9.1387334164E-02 -1.6183346658E-02 -6.4311778172E-02  1.4347338023E-02
-0.7125  9.1968191286E-02 -1.6668895513E-02 -6.3203612450E-02  1.4667868103E-02
-0.7000  9.2568648563E-02 -1.7157391752E-02 -6.2098787076E-02  1.4993035691E-02
-0.6875  9.3187314224E-02 -1.7649520532E-02 -6.0995942446E-02  1.5324096383E-02
-0.6750  9.3823074672E-02 -1.8145842570E-02 -5.9893789197E-02  1.5662145931E-02
-0.6625  9.4475053428E-02 -1.8646820910E-02 -5.8791089723E-02  1.6008131928E-02
-0.6500  9.5142577536E-02 -1.9152838313E-02 -5.7686645622E-02  1.6362860089E-02
-0.6375  9.5825151493E-02 -1.9664205853E-02 -5.6579291876E-02  1.6726999391E-02
-0.6250  9.6522437791E-02 -2.0181164933E-02 -5.5467897158E-02  1.7101089822E-02
-0.6125  9.7234242354E-02 -2.0703885949E-02 -5.4351368273E-02  1.7485555189E-02
-0.6000  9.7960502733E-02 -2.1232467139E-02 -5.3228655925E-02  1.7880721621E-02
-0.5875  9.8701276954E-02 -2.1766936582E-02 -5.2098758813E-02  1.8286840515E-02
-0.5750  9.9456731501E-02 -2.2307259078E-02 -5.0960723704E-02  1.8704113212E-02
-0.5625  1.0022712773E-01 -2.2853348119E-02 -4.9813640323E-02  1.9132713954E-02
-0.5500  1.0101280701E-01 -2.3405081632E-02 -4.8656631378E-02  1.9572807834E-02
-0.5375  1.0181417561E-01 -2.3962319099E-02 -4.7488839362E-02  2.0024561507E-02
-0.5250  1.0263169084E-01 -2.4524917235E-02 -4.6309412680E-02  2.0488145951E-02
-0.5125  1.0346584988E-01 -2.5092741725E-02 -4.5117493836E-02  2.0963732324E-02
-0.5000  1.0431718238E-01 -2.5665673444E-02 -4.3912211853E-02  2.1451483398E-02
-0.4875  1.0518624694E-01 -2.6243608880E-02 -4.2692680042E-02  2.1951543848E-02
-0.4750  1.0607363118E-01 -2.6826455753E-02 -4.1457998826E-02  2.2464032641E-02
-0.4625  1.0697995406E-01 -2.7414125825E-02 -4.0207262083E-02  2.2989040006E-02
-0.4500  1.0790586896E-01 -2.8006527322E-02 -3.8939564646E-02  2.3526630019E-02
-0.4375  1.0885206605E-01 -2.8603559171E-02 -3.7654008403E-02  2.4076848365E-02
-0.4250  1.0981927293E-01 -2.9205108561E-02 -3.6349704957E-02  2.4639733409E-02
-0.4125  1.1080825311E-01 -2.9811052275E-02 -3.5025773835E-02  2.5215328011E-02
-0.4000  1.1181980258E-01 -3.0421261166E-02 -3.3681336481E-02  2.5803689397E-02
-0.3875  1.1285474547E-01 -3.1035606411E-02 -3.2315507426E-02  2.6404895115E-02
-0.3750  1.1391392976E-01 -3.1653965791E-02 -3.0927384718E-02  2.7019044246E-02
-0.3625  1.1499822439E-01 -3.2276228454E-02 -2.9516041778E-02  2.7646254354E-02
-0.3500  1.1610851816E-01 -3.2902297224E-02 -2.8080522310E-02  2.8286655743E-02
-0.3375  1.1724572092E-01 -3.3532088309E-02 -2.6619838903E-02  2.8940385161E-02
-0.3250  1.1841076645E-01 -3.4165529017E-02 -2.5132974845E-02  2.9607580981E-02
-0.3125  1.1960461633E-01 -3.4802554607E-02 -2.3618887723E-02  3.0288381224E-02
-0.3000  1.2082826385E-01 -3.5443105439E-02 -2.2076512953E-02  3.0982924747E-02
-0.2875  1.2208273713E-01 -3.6087125322E-02 -2.0504765518E-02  3.1691354858E-02
-0.2750  1.2336910106E-01 -3.6734561348E-02 -1.8902538877E-02  3.2413823923E-02
-0.2625  1.2468845801E-01 -3.7385364920E-02 -1.7268700987E-02  3.3150497296E-02
-0.2500  1.2604194769E-01 -3.8039493190E-02 -1.5602088350E-02  3.3901555358E-02
-0.2375  1.2743074701E-01 -3.8696910053E-02 -1.3901499580E-02  3.4667193199E-02
-0.2250  1.2885607032E-01 -3.9357586038E-02 -1.2165690084E-02  3.5447618467E-02
-0.2125  1.3031917071E-01 -4.0021496952E-02 -1.0393368930E-02  3.6243048595E-02
-0.2000  1.3182134247E-01 -4.0688621715E-02 -8.5831981133E-03  3.7053708891E-02
-0.1875  1.3336392443E-01 -4.1358940205E-02 -6.7337934626E-03  3.7879832618E-02
-0.1750  1.3494830380E-01 -4.2032432051E-02 -4.8437257755E-03  3.8721663420E-02
-0.1625  1.3657592006E-01 -4.2709077014E-02 -2.9115205914E-03  3.9579459509E-02
-0.1500  1.3824826852E-01 -4.3388857043E-02 -9.3565546282E-04  4.0453498203E-02
-0.1375  1.3996690336E-01 -4.4071759429E-02  1.0854455374E-03  4.1344079223E-02
-0.1250  1.4173344040E-01 -4.4757780027E-02  3.1534193358E-03  4.2251525426E-02
-0.1125  1.4354955978E-01 -4.5446925352E-02  5.2699719095E-03  4.3176180601E-02
-0.1000  1.4541700906E-01 -4.6139212705E-02  7.4368851766E-03  4.4118405039E-02
-0.0875  1.4733760680E-01 -4.6834668103E-02  9.6560214805E-03  4.5078570494E-02
-0.0750  1.4931324692E-01 -4.7533322545E-02  1.1929325376E-02  4.6057056514E-02
-0.0625  1.5134590351E-01 -4.8235207785E-02  1.4258823538E-02  4.7054249775E-02
-0.0500  1.5343763618E-01 -4.8940352947E-02  1.6646624466E-02  4.8070547025E-02
-0.0375  1.5559059541E-01 -4.9648783082E-02  1.9094919892E-02  4.9106360995E-02
-0.0250  1.5780702815E-01 -5.0360520075E-02  2.1605989321E-02  5.0162127573E-02
-0.0125  1.6008928345E-01 -5.1075585527E-02  2.4182208125E-02  5.1238312035E-02
-0.0000  1.6243981847E-01 -5.1794004522E-02  2.6826058372E-02  5.2335412528E-02
 0.0125  1.6486120497E-01 -5.2515808980E-02  2.9540140743E-02  5.3453960007E-02
 0.0250  1.6735613650E-01 -5.3241039478E-02  3.2327185631E-02  5.4594515184E-02
 0.0375  1.6992743633E-01 -5.3969745076E-02  3.5190062100E-02  5.5757664168E-02
 0.0500  1.7257806603E-01 -5.4701981433E-02  3.8131784458E-02  5.6944014927E-02
 0.0625  1.7531113465E-01 -5.5437808090E-02  4.1155517408E-02  5.8154196305E-02
 0.0750  1.7812990841E-01 -5.6177286018E-02  4.4264581509E-02  5.9388860275E-02
 0.0875  1.8103782097E-01 -5.6920476271E-02  4.7462460752E-02  6.0648686862E-02
 0.1000  1.8403848433E-01 -5.7667440043E-02  5.0752813391E-02  6.1934390180E-02
 0.1125  1.8713570065E-01 -5.8418239831E-02  5.4139486060E-02  6.3246723837E-02
 0.1250  1.9033347517E-01 -5.9172941002E-02  5.7626530247E-02  6.4586484471E-02
 0.1375  1.9363603035E-01 -5.9931613088E-02  6.1218219689E-02  6.5954513202E-02
 0.1500  1.9704782134E-01 -6.0694330389E-02  6.4919067574E-02  6.7351695818E-02
 0.1625  2.0057355283E-01 -6.1461171935E-02  6.8733843236E-02  6.8778963017E-02
 0.1750  2.0421819738E-01 -6.2232221217E-02  7.2667589044E-02  7.0237291877E-02
 0.1875  2.0798701530E-01 -6.3007566111E-02  7.6725638764E-02  7.1727708975E-02
 0.2000  2.1188557631E-01 -6.3787299260E-02  8.0913638693E-02  7.3251294756E-02
 0.2125  2.1591978320E-01 -6.4571518790E-02  8.5237572214E-02  7.4809188163E-02
 0.2250  2.2009589768E-01 -6.5360329010E-02  8.9703787620E-02  7.6402590679E-02
 0.2375  2.2442056853E-01 -6.6153840701E-02  9.4319028500E-02  7.8032769443E-02
 0.2500  2.2890086244E-01 -6.6952170858E-02  9.9090465982E-02  7.9701059933E-02
 0.2625  2.3354429760E-01 -6.7755442075E-02  1.0402573277E-01  8.1408869072E-02
 0.2750  2.3835888076E-01 -6.8563782002E-02  1.0913295968E-01  8.3157679584E-02
 0.2875  2.4335314809E-01 -6.9377323258E-02  1.1442081592E-01  8.4949055781E-02
 0.3000  2.4853621063E-01 -7.0196203923E-02  1.1989855444E-01  8.6784650329E-02
 0.3125  2.5391780479E-01 -7.1020568367E-02  1.2557606296E-01  8.8666211187E-02
 0.3250  2.5950834837E-01 -7.1850567914E-02  1.3146392089E-01  9.0595588133E-02
 0.3375  2.6531900243E-01 -7.2686360925E-02  1.3757346179E-01  9.2574738974E-02
 0.3500  2.7136173977E-01 -7.3528112120E-02  1.4391684136E-01  9.4605736246E-02
 0.3625  2.7764942044E-01 -7.4375991346E-02  1.5050711179E-01  9.6690775520E-02
 0.3750  2.8419587586E-01 -7.5230172213E-02  1.5735830403E-01  9.8832186208E-02
 0.3875  2.9101600258E-01 -7.6090831013E-02  1.6448552012E-01  1.0103244520E-01
 0.4000  2.9812586758E-01 -7.6958146160E-02  1.7190503783E-01  1.0329419307E-01
 0.4125  3.0554282670E-01 -7.7832298141E-02  1.7963442945E-01  1.0562025236E-01
 0.4250  3.1328565802E-01 -7.8713469888E-02  1.8769269662E-01  1.0801364776E-01
 0.4375  3.2137471248E-01 -7.9601847484E-02  1.9610042315E-01  1.1047762828E-01
 0.4500  3.2983208416E-01 -8.0497621260E-02  2.0487994879E-01  1.1301569165E-01
 0.4625  3.3868180366E-01 -8.1400987361E-02  2.1405556725E-01  1.1563161110E-01
 0.4750  3.4795005840E-01 -8.2312149762E-02  2.2365375286E-01  1.1832946422E-01
 0.4875  3.5766544446E-01 -8.3231322565E-02  2.3370342025E-01  1.2111366318E-01
 0.5000  3.6785925533E-01 -8.4158732156E-02  2.4423622165E-01  1.2398898552E-01
 0.5125  3.7856581348E-01 -8.5094618650E-02  2.5528688678E-01  1.2696060527E-01
 0.5250  3.8982285204E-01 -8.6039235900E-02  2.6689361084E-01  1.3003412443E-01
 0.5375  4.0167195510E-01 -8.6992849227E-02  2.7909849725E-01  1.3321560617E-01
 0.5500  4.1415906662E-01 -8.7955729850E-02  2.9194806308E-01  1.3651161193E-01
 0.5625  4.2733508021E-01 -8.8928145011E-02  3.0549381752E-01  1.3992924676E-01
 0.5750  4.4125652449E-01 -8.9910342998E-02  3.1979292623E-01  1.4347621953E-01
 0.5875  4.5598636305E-01 -9.0902532929E-02  3.3490898035E-01  1.4716092783E-01
 0.6000  4.7159493308E-01 -9.1904860220E-02  3.5091289604E-01  1.5099258077E-01
 0.6125  4.8816105564E-01 -9.2917380217E-02  3.6788398214E-01  1.5498137518E-01
 0.6250  5.0577336099E-01 -9.3940034354E-02  3.8591122924E-01  1.5913874280E-01
 0.6375  5.2453188874E-01 -9.4972635352E-02  4.0509489396E-01  1.6347768400E-01
 0.6500  5.4455004284E-01 -9.6014870089E-02  4.2554847859E-01  1.6801319913E-01
 0.6625  5.6595700919E-01 -9.7066330331E-02  4.4740123870E-01  1.7276281699E-01
 0.6750  5.8890077794E-01 -9.8126581668E-02  4.7080138804E-01  1.7774720117E-01
 0.6875  6.1355195466E-01 -9.9195278651E-02  4.9592021002E-01  1.8299078682E-01
 0.7000  6.4010859259E-01 -1.0027232776E-01  5.2295732301E-01  1.8852236378E-01
 0.7125  6.6880233087E-01 -1.0135808801E-01  5.5214737790E-01  1.9437547942E-01
 0.7250  6.9990617740E-01 -1.0245358033E-01  5.8376848354E-01  2.0058849532E-01
 0.7375  7.3374432735E-01 -1.0356065050E-01  6.1815265432E-01  2.0720411119E-01
 0.7500  7.7070445998E-01 -1.0468199770E-01  6.5569855538E-01  2.1426819432E-01
 0.7625  8.1125302014E-01 -1.0582094476E-01  6.9688680388E-01  2.2182786471E-01
 0.7750  8.5595410724E-01 -1.0698079592E-01  7.4229812662E-01  2.2992904067E-01
 0.7875  9.0549285969E-01 -1.0816361688E-01  7.9263490160E-01  2.3861411876E-01
 0.8000  9.6070484553E-01 -1.0936830308E-01  8.4874728525E-01  2.4792122057E-01
 0.8125  1.0226143596E+00 -1.1058790626E-01  9.1166673298E-01  2.5788754127E-01
 0.8250  1.0924874547E+00 -1.1180640231E-01  9.8265313614E-01  2.6856076371E-01
 0.8375  1.1719113963E+00 -1.1299544058E-01  1.0632685429E+00  2.8002406237E-01
 0.8500  1.2629234807E+00 -1.1411212602E-01  1.1555030840E+00  2.9244136618E-01
 0.8625  1.3682330632E+00 -1.1509949552E-01  1.2620015993E+00  3.0612905909E-01
 0.8750  1.4916184795E+00 -1.1589185888E-01  1.3864797151E+00  3.2165576978E-01
 0.8875  1.6386478232E+00 -1.1642709343E-01  1.5344877040E+00  3.3995890168E-01
 0.9000  1.8179910084E+00 -1.1666628906E-01  1.7147997577E+00  3.6243728143E-01
 0.9125  2.0437996736E+00 -1.1661586782E-01  1.9419119193E+00  3.9092050244E-01
 0.9250  2.3400089258E+00 -1.1633483297E-01  2.2404960334E+00  4.2730527331E-01
 0.9375  2.7481365238E+00 -1.1588361358E-01  2.6533457651E+00  4.7245167687E-01
 0.9500  3.3417125270E+00 -1.1511891322E-01  3.2558392768E+00  5.2358946401E-01
 0.9625  4.2546821641E+00 -1.1313430506E-01  4.1840237944E+00  5.6889167092E-01
 0.9750  5.7474482273E+00 -1.0687758657E-01  5.6995458446E+00  5.7667392534E-01
 0.9875  8.4328156187E+00 -8.6683797145E-02  8.4130157667E+00  4.7061326471E-01
 1.0000  1.4624407895E+01  3.3466652434E-45  1.4624407895E+01 -1.6367814631E-17
