lambda(um), Cext(cm^2/H), albedo, <cos>, # of angles
   1.63000  9.16590E-23   0.51954   0.20861   161
cos(theta),     S11,               S12,             S33,             S34
-1.0000  4.2179817051E-01  5.5774931876E-19 -4.2179817051E-01  2.6173685243E-19
-0.9875  4.1768189213E-01 -3.8224585491E-03 -4.1760951718E-01  2.5927920216E-03
-0.9750  4.1369269522E-01 -7.6225798497E-03 -4.1340506846E-01  5.1339871771E-03
-0.9625  4.0982744514E-01 -1.1399863372E-02 -4.0918440445E-01  7.6258730845E-03
-0.9500  4.0608312005E-01 -1.5153833514E-02 -4.0494709387E-01  1.0070660046E-02
-0.9375  4.0245680823E-01 -1.8884038447E-02 -4.0069269395E-01  1.2470483007E-02
-0.9250  3.9894570539E-01 -2.2590048995E-02 -3.9642075033E-01  1.4827403457E-02
-0.9125  3.9554711210E-01 -2.6271457542E-02 -3.9213079699E-01  1.7143411299E-02
-0.9000  3.9225843125E-01 -2.9927876968E-02 -3.8782235614E-01  1.9420426654E-02
-0.8875  3.8907716563E-01 -3.3558939614E-02 -3.8349493810E-01  2.1660301626E-02
-0.8750  3.8600091552E-01 -3.7164296276E-02 -3.7914804124E-01  2.3864822027E-02
-0.8625  3.8302737639E-01 -4.0743615217E-02 -3.7478115181E-01  2.6035709042E-02
-0.8500  3.8015433663E-01 -4.4296581219E-02 -3.7039374387E-01  2.8174620863E-02
-0.8375  3.7737967535E-01 -4.7822894643E-02 -3.6598527919E-01  3.0283154270E-02
-0.8250  3.7470136028E-01 -5.1322270530E-02 -3.6155520707E-01  3.2362846170E-02
-0.8125  3.7211744566E-01 -5.4794437710E-02 -3.5710296428E-01  3.4415175096E-02
-0.8000  3.6962607026E-01 -5.8239137941E-02 -3.5262797489E-01  3.6441562658E-02
-0.7875  3.6722545543E-01 -6.1656125071E-02 -3.4812965015E-01  3.8443374956E-02
-0.7750  3.6491390319E-01 -6.5045164217E-02 -3.4360738837E-01  4.0421923947E-02
-0.7625  3.6268979443E-01 -6.8406030963E-02 -3.3906057475E-01  4.2378468779E-02
-0.7500  3.6055158710E-01 -7.1738510584E-02 -3.3448858125E-01  4.4314217071E-02
-0.7375  3.5849781451E-01 -7.5042397281E-02 -3.2989076644E-01  4.6230326168E-02
-0.7250  3.5652708366E-01 -7.8317493436E-02 -3.2526647533E-01  4.8127904345E-02
-0.7125  3.5463807365E-01 -8.1563608890E-02 -3.2061503924E-01  5.0008011972E-02
-0.7000  3.5282953408E-01 -8.4780560227E-02 -3.1593577559E-01  5.1871662651E-02
-0.6875  3.5110028363E-01 -8.7968170084E-02 -3.1122798774E-01  5.3719824301E-02
-0.6750  3.4944920852E-01 -9.1126266468E-02 -3.0649096485E-01  5.5553420210E-02
-0.6625  3.4787526118E-01 -9.4254682094E-02 -3.0172398164E-01  5.7373330054E-02
-0.6500  3.4637745890E-01 -9.7353253731E-02 -2.9692629822E-01  5.9180390871E-02
-0.6375  3.4495488253E-01 -1.0042182156E-01 -2.9209715993E-01  6.0975398003E-02
-0.6250  3.4360667520E-01 -1.0346022856E-01 -2.8723579707E-01  6.2759105997E-02
-0.6125  3.4233204123E-01 -1.0646831989E-01 -2.8234142475E-01  6.4532229473E-02
-0.6000  3.4113024488E-01 -1.0944594225E-01 -2.7741324263E-01  6.6295443957E-02
-0.5875  3.4000060934E-01 -1.1239294335E-01 -2.7245043475E-01  6.8049386671E-02
-0.5750  3.3894251566E-01 -1.1530917129E-01 -2.6745216924E-01  6.9794657296E-02
-0.5625  3.3795540175E-01 -1.1819447398E-01 -2.6241759813E-01  7.1531818694E-02
-0.5500  3.3703876146E-01 -1.2104869859E-01 -2.5734585709E-01  7.3261397597E-02
-0.5375  3.3619214367E-01 -1.2387169098E-01 -2.5223606517E-01  7.4983885259E-02
-0.5250  3.3541515145E-01 -1.2666329517E-01 -2.4708732458E-01  7.6699738077E-02
-0.5125  3.3470744124E-01 -1.2942335275E-01 -2.4189872038E-01  7.8409378172E-02
-0.5000  3.3406872214E-01 -1.3215170241E-01 -2.3666932024E-01  8.0113193941E-02
-0.4875  3.3349875517E-01 -1.3484817932E-01 -2.3139817413E-01  8.1811540570E-02
-0.4750  3.3299735264E-01 -1.3751261470E-01 -2.2608431408E-01  8.3504740518E-02
-0.4625  3.3256437751E-01 -1.4014483519E-01 -2.2072675383E-01  8.5193083960E-02
-0.4500  3.3219974284E-01 -1.4274466242E-01 -2.1532448858E-01  8.6876829202E-02
-0.4375  3.3190341129E-01 -1.4531191242E-01 -2.0987649463E-01  8.8556203061E-02
-0.4250  3.3167539463E-01 -1.4784639515E-01 -2.0438172911E-01  9.0231401206E-02
-0.4125  3.3151575331E-01 -1.5034791397E-01 -1.9883912959E-01  9.1902588474E-02
-0.4000  3.3142459611E-01 -1.5281626511E-01 -1.9324761382E-01  9.3569899143E-02
-0.3875  3.3140207978E-01 -1.5525123716E-01 -1.8760607932E-01  9.5233437179E-02
-0.3750  3.3144840879E-01 -1.5765261056E-01 -1.8191340306E-01  9.6893276441E-02
-0.3625  3.3156383505E-01 -1.6002015711E-01 -1.7616844109E-01  9.8549460863E-02
-0.3500  3.3174865775E-01 -1.6235363940E-01 -1.7037002818E-01  1.0020200459E-01
-0.3375  3.3200322323E-01 -1.6465281030E-01 -1.6451697741E-01  1.0185089209E-01
-0.3250  3.3232792482E-01 -1.6691741246E-01 -1.5860807983E-01  1.0349607822E-01
-0.3125  3.3272320288E-01 -1.6914717777E-01 -1.5264210401E-01  1.0513748828E-01
-0.3000  3.3318954473E-01 -1.7134182683E-01 -1.4661779566E-01  1.0677501801E-01
-0.2875  3.3372748473E-01 -1.7350106838E-01 -1.4053387723E-01  1.0840853355E-01
-0.2750  3.3433760434E-01 -1.7562459881E-01 -1.3438904743E-01  1.1003787139E-01
-0.2625  3.3502053233E-01 -1.7771210156E-01 -1.2818198086E-01  1.1166283827E-01
-0.2500  3.3577694488E-01 -1.7976324659E-01 -1.2191132750E-01  1.1328321104E-01
-0.2375  3.3660756592E-01 -1.8177768979E-01 -1.1557571231E-01  1.1489873650E-01
-0.2250  3.3751316735E-01 -1.8375507244E-01 -1.0917373473E-01  1.1650913119E-01
-0.2125  3.3849456939E-01 -1.8569502059E-01 -1.0270396820E-01  1.1811408114E-01
-0.2000  3.3955264100E-01 -1.8759714448E-01 -9.6164959711E-02  1.1971324161E-01
-0.1875  3.4068830031E-01 -1.8946103794E-01 -8.9555229265E-02  1.2130623677E-01
-0.1750  3.4190251510E-01 -1.9128627777E-01 -8.2873269393E-02  1.2289265935E-01
-0.1625  3.4319630338E-01 -1.9307242308E-01 -7.6117544627E-02  1.2447207025E-01
-0.1500  3.4457073393E-01 -1.9481901470E-01 -6.9286490978E-02  1.2604399812E-01
-0.1375  3.4602692703E-01 -1.9652557448E-01 -6.2378515390E-02  1.2760793891E-01
-0.1250  3.4756605511E-01 -1.9819160463E-01 -5.5391995191E-02  1.2916335534E-01
-0.1125  3.4918934354E-01 -1.9981658704E-01 -4.8325277533E-02  1.3070967639E-01
-0.1000  3.5089807142E-01 -2.0139998256E-01 -4.1176678817E-02  1.3224629671E-01
-0.0875  3.5269357251E-01 -2.0294123029E-01 -3.3944484108E-02  1.3377257600E-01
-0.0750  3.5457723611E-01 -2.0443974685E-01 -2.6626946540E-02  1.3528783836E-01
-0.0625  3.5655050806E-01 -2.0589492560E-01 -1.9222286707E-02  1.3679137158E-01
-0.0500  3.5861489182E-01 -2.0730613584E-01 -1.1728692043E-02  1.3828242641E-01
-0.0375  3.6077194956E-01 -2.0867272208E-01 -4.1443161930E-03  1.3976021578E-01
-0.0250  3.6302330333E-01 -2.0999400315E-01  3.5327216355E-03  1.4122391397E-01
-0.0125  3.6537063631E-01 -2.1126927139E-01  1.1304337325E-02  1.4267265573E-01
-0.0000  3.6781569409E-01 -2.1249779177E-01  1.9172482517E-02  1.4410553540E-01
 0.0125  3.7036028607E-01 -2.1367880099E-01  2.7139145294E-02  1.4552160592E-01
 0.0250  3.7300628683E-01 -2.1481150660E-01  3.5206350873E-02  1.4691987787E-01
 0.0375  3.7575563771E-01 -2.1589508598E-01  4.3376162311E-02  1.4829931837E-01
 0.0500  3.7861034830E-01 -2.1692868544E-01  5.1650681225E-02  1.4965885003E-01
 0.0625  3.8157249812E-01 -2.1791141918E-01  6.0032048524E-02  1.5099734979E-01
 0.0750  3.8464423832E-01 -2.1884236827E-01  6.8522445155E-02  1.5231364774E-01
 0.0875  3.8782779347E-01 -2.1972057958E-01  7.7124092862E-02  1.5360652586E-01
 0.1000  3.9112546340E-01 -2.2054506468E-01  8.5839254959E-02  1.5487471677E-01
 0.1125  3.9453962513E-01 -2.2131479873E-01  9.4670237116E-02  1.5611690232E-01
 0.1250  3.9807273491E-01 -2.2202871930E-01  1.0361938816E-01  1.5733171230E-01
 0.1375  4.0172733030E-01 -2.2268572516E-01  1.1268910088E-01  1.5851772288E-01
 0.1500  4.0550603231E-01 -2.2328467508E-01  1.2188181288E-01  1.5967345519E-01
 0.1625  4.0941154769E-01 -2.2382438652E-01  1.3120000740E-01  1.6079737376E-01
 0.1750  4.1344667128E-01 -2.2430363434E-01  1.4064621416E-01  1.6188788485E-01
 0.1875  4.1761428840E-01 -2.2472114942E-01  1.5022301028E-01  1.6294333484E-01
 0.2000  4.2191737738E-01 -2.2507561730E-01  1.5993302111E-01  1.6396200848E-01
 0.2125  4.2635901220E-01 -2.2536567668E-01  1.6977892117E-01  1.6494212710E-01
 0.2250  4.3094236512E-01 -2.2558991800E-01  1.7976343507E-01  1.6588184677E-01
 0.2375  4.3567070958E-01 -2.2574688186E-01  1.8988933840E-01  1.6677925637E-01
 0.2500  4.4054742298E-01 -2.2583505747E-01  2.0015945873E-01  1.6763237563E-01
 0.2625  4.4557598976E-01 -2.2585288099E-01  2.1057667653E-01  1.6843915311E-01
 0.2750  4.5076000446E-01 -2.2579873386E-01  2.2114392618E-01  1.6919746403E-01
 0.2875  4.5610317494E-01 -2.2567094108E-01  2.3186419694E-01  1.6990510816E-01
 0.3000  4.6160932566E-01 -2.2546776940E-01  2.4274053399E-01  1.7055980754E-01
 0.3125  4.6728240113E-01 -2.2518742549E-01  2.5377603944E-01  1.7115920418E-01
 0.3250  4.7312646943E-01 -2.2482805402E-01  2.6497387336E-01  1.7170085766E-01
 0.3375  4.7914572588E-01 -2.2438773572E-01  2.7633725487E-01  1.7218224267E-01
 0.3500  4.8534449676E-01 -2.2386448532E-01  2.8786946322E-01  1.7260074648E-01
 0.3625  4.9172724326E-01 -2.2325624951E-01  2.9957383885E-01  1.7295366630E-01
 0.3750  4.9829856544E-01 -2.2256090475E-01  3.1145378454E-01  1.7323820662E-01
 0.3875  5.0506320641E-01 -2.2177625505E-01  3.2351276651E-01  1.7345147638E-01
 0.4000  5.1202605658E-01 -2.2090002970E-01  3.3575431559E-01  1.7359048618E-01
 0.4125  5.1919215810E-01 -2.1992988092E-01  3.4818202839E-01  1.7365214526E-01
 0.4250  5.2656670936E-01 -2.1886338136E-01  3.6079956846E-01  1.7363325851E-01
 0.4375  5.3415506972E-01 -2.1769802168E-01  3.7361066751E-01  1.7353052334E-01
 0.4500  5.4196276432E-01 -2.1643120789E-01  3.8661912662E-01  1.7334052647E-01
 0.4625  5.4999548906E-01 -2.1506025872E-01  3.9982881749E-01  1.7305974059E-01
 0.4750  5.5825911576E-01 -2.1358240287E-01  4.1324368372E-01  1.7268452100E-01
 0.4875  5.6675969741E-01 -2.1199477614E-01  4.2686774202E-01  1.7221110209E-01
 0.5000  5.7550347366E-01 -2.1029441855E-01  4.4070508359E-01  1.7163559373E-01
 0.5125  5.8449687643E-01 -2.0847827130E-01  4.5475987537E-01  1.7095397757E-01
 0.5250  5.9374653565E-01 -2.0654317369E-01  4.6903636143E-01  1.7016210324E-01
 0.5375  6.0325928530E-01 -2.0448585989E-01  4.8353886427E-01  1.6925568442E-01
 0.5500  6.1304216948E-01 -2.0230295567E-01  4.9827178627E-01  1.6823029481E-01
 0.5625  6.2310244876E-01 -1.9999097498E-01  5.1323961101E-01  1.6708136399E-01
 0.5750  6.3344760667E-01 -1.9754631646E-01  5.2844690474E-01  1.6580417319E-01
 0.5875  6.4408535644E-01 -1.9496525985E-01  5.4389831781E-01  1.6439385088E-01
 0.6000  6.5502364783E-01 -1.9224396223E-01  5.5959858611E-01  1.6284536825E-01
 0.6125  6.6627067431E-01 -1.8937845424E-01  5.7555253259E-01  1.6115353468E-01
 0.6250  6.7783488029E-01 -1.8636463610E-01  5.9176506870E-01  1.5931299288E-01
 0.6375  6.8972496870E-01 -1.8319827356E-01  6.0824119600E-01  1.5731821408E-01
 0.6500  7.0194990869E-01 -1.7987499372E-01  6.2498600762E-01  1.5516349301E-01
 0.6625  7.1451894361E-01 -1.7639028070E-01  6.4200468991E-01  1.5284294272E-01
 0.6750  7.2744159924E-01 -1.7273947124E-01  6.5930252395E-01  1.5035048931E-01
 0.6875  7.4072769213E-01 -1.6891775006E-01  6.7688488725E-01  1.4767986647E-01
 0.7000  7.5438733836E-01 -1.6492014524E-01  6.9475725531E-01  1.4482460994E-01
 0.7125  7.6843096244E-01 -1.6074152330E-01  7.1292520334E-01  1.4177805173E-01
 0.7250  7.8286930646E-01 -1.5637658424E-01  7.3139440789E-01  1.3853331427E-01
 0.7375  7.9771343956E-01 -1.5181985638E-01  7.5017064862E-01  1.3508330434E-01
 0.7500  8.1297476760E-01 -1.4706569111E-01  7.6925980997E-01  1.3142070683E-01
 0.7625  8.2866504322E-01 -1.4210825739E-01  7.8866788296E-01  1.2753797845E-01
 0.7750  8.4479637602E-01 -1.3694153619E-01  8.0840096694E-01  1.2342734107E-01
 0.7875  8.6138124318E-01 -1.3155931468E-01  8.2846527141E-01  1.1908077509E-01
 0.8000  8.7843250029E-01 -1.2595518030E-01  8.4886711786E-01  1.1449001249E-01
 0.8125  8.9596339251E-01 -1.2012251468E-01  8.6961294157E-01  1.0964652977E-01
 0.8250  9.1398756606E-01 -1.1405448729E-01  8.9070929357E-01  1.0454154063E-01
 0.8375  9.3251908003E-01 -1.0774404899E-01  9.1216284249E-01  9.9165988556E-02
 0.8500  9.5157241847E-01 -1.0118392539E-01  9.3398037648E-01  9.3510539135E-02
 0.8625  9.7116250288E-01 -9.4366609940E-02  9.5616880521E-01  8.7565572175E-02
 0.8750  9.9130470504E-01 -8.7284356921E-02  9.7873516182E-01  8.1321173645E-02
 0.8875  1.0120148602E+00 -7.9929174162E-02  1.0016866049E+00  7.4767127379E-02
 0.9000  1.0333092805E+00 -7.2292815577E-02  1.0250304207E+00  6.7892906576E-02
 0.9125  1.0552047690E+00 -6.4366773476E-02  1.0487740249E+00  6.0687665065E-02
 0.9250  1.0777186340E+00 -5.6142270670E-02  1.0729249648E+00  5.3140228351E-02
 0.9375  1.1008687038E+00 -4.7610252329E-02  1.0974909217E+00  4.5239084417E-02
 0.9500  1.1246733414E+00 -3.8761377625E-02  1.1224797127E+00  3.6972374295E-02
 0.9625  1.1491514605E+00 -2.9586011130E-02  1.1478992929E+00  2.8327882384E-02
 0.9750  1.1743225412E+00 -2.0074213964E-02  1.1737577579E+00  1.9293026517E-02
 0.9875  1.2002066465E+00 -1.0215734699E-02  1.2000633457E+00  9.8548477678E-03
 1.0000  1.2268244390E+00  0.0000000000E+00  1.2268244390E+00 -1.3508038692E-18
