lambda, albedo, <cos>, # of angles
   0.65630   0.67312   0.49666   161
cos(theta),     S11,               S12,             S33,             S34
-1.0000  1.5724542049E-01  1.1771808785E-18 -1.5724542049E-01 -1.3711117309E-18
-0.9875  1.5450151200E-01 -4.9346854873E-04 -1.5437563758E-01  3.8859440007E-04
-0.9750  1.5202773247E-01 -9.7177435309E-04 -1.5153550273E-01  7.3393498847E-04
-0.9625  1.4980427802E-01 -1.4411938578E-03 -1.4872102295E-01  1.0442450562E-03
-0.9500  1.4781317029E-01 -1.9070226515E-03 -1.4592870281E-01  1.3267942225E-03
-0.9375  1.4603805744E-01 -2.3737070246E-03 -1.4315548717E-01  1.5880091880E-03
-0.9250  1.4446403919E-01 -2.8449584615E-03 -1.4039871008E-01  1.8335713300E-03
-0.9125  1.4307751293E-01 -3.3238532288E-03 -1.3765604908E-01  2.0685027366E-03
-0.9000  1.4186603836E-01 -3.8129189557E-03 -1.3492548437E-01  2.2972420785E-03
-0.8875  1.4081821831E-01 -4.3142098737E-03 -1.3220526226E-01  2.5237115551E-03
-0.8750  1.3992359387E-01 -4.8293721771E-03 -1.2949386235E-01  2.7513759976E-03
-0.8625  1.3917255194E-01 -5.3597007841E-03 -1.2678996816E-01  2.9832950833E-03
-0.8500  1.3855624369E-01 -5.9061886208E-03 -1.2409244067E-01  3.2221694956E-03
-0.8375  1.3806651266E-01 -6.4695694069E-03 -1.2140029460E-01  3.4703817665E-03
-0.8250  1.3769583122E-01 -7.0503547993E-03 -1.1871267700E-01  3.7300324425E-03
-0.8125  1.3743724438E-01 -7.6488666398E-03 -1.1602884800E-01  4.0029721395E-03
-0.8000  1.3728432009E-01 -8.2652649580E-03 -1.1334816341E-01  4.2908299821E-03
-0.7875  1.3723110512E-01 -8.8995722951E-03 -1.1067005906E-01  4.5950388575E-03
-0.7750  1.3727208595E-01 -9.5516948403E-03 -1.0799403658E-01  4.9168578655E-03
-0.7625  1.3740215404E-01 -1.0221440809E-02 -1.0531965060E-01  5.2573922959E-03
-0.7500  1.3761657483E-01 -1.0908536431E-02 -1.0264649714E-01  5.6176114224E-03
-0.7375  1.3791096019E-01 -1.1612639872E-02 -9.9974203032E-02  5.9983643681E-03
-0.7250  1.3828124376E-01 -1.2333353364E-02 -9.7302416409E-02  6.4003942657E-03
-0.7125  1.3872365895E-01 -1.3070233790E-02 -9.4630798000E-02  6.8243509042E-03
-0.7000  1.3923471918E-01 -1.3822801922E-02 -9.1959013230E-02  7.2708020356E-03
-0.6875  1.3981120021E-01 -1.4590550501E-02 -8.9286725030E-02  7.7402434883E-03
-0.6750  1.4045012421E-01 -1.5372951303E-02 -8.6613587263E-02  8.2331082192E-03
-0.6625  1.4114874548E-01 -1.6169461335E-02 -8.3939238735E-02  8.7497744182E-03
-0.6500  1.4190453752E-01 -1.6979528266E-02 -8.1263297692E-02  9.2905727658E-03
-0.6375  1.4271518145E-01 -1.7802595196E-02 -7.8585356791E-02  9.8557929319E-03
-0.6250  1.4357855548E-01 -1.8638104844E-02 -7.5904978462E-02  1.0445689394E-02
-0.6125  1.4449272544E-01 -1.9485503236E-02 -7.3221690638E-02  1.1060486643E-02
-0.6000  1.4545593623E-01 -2.0344242936E-02 -7.0534982802E-02  1.1700383832E-02
-0.5875  1.4646660402E-01 -2.1213785904E-02 -6.7844302328E-02  1.2365558933E-02
-0.5750  1.4752330930E-01 -2.2093605991E-02 -6.5149051064E-02  1.3056172436E-02
-0.5625  1.4862479051E-01 -2.2983191141E-02 -6.2448582138E-02  1.3772370635E-02
-0.5500  1.4976993834E-01 -2.3882045315E-02 -5.9742196966E-02  1.4514288546E-02
-0.5375  1.5095779060E-01 -2.4789690171E-02 -5.7029142415E-02  1.5282052479E-02
-0.5250  1.5218752758E-01 -2.5705666532E-02 -5.4308608121E-02  1.6075782303E-02
-0.5125  1.5345846788E-01 -2.6629535652E-02 -5.1579723924E-02  1.6895593418E-02
-0.5000  1.5477006474E-01 -2.7560880302E-02 -4.8841557406E-02  1.7741598471E-02
-0.4875  1.5612190274E-01 -2.8499305699E-02 -4.6093111516E-02  1.8613908830E-02
-0.4750  1.5751369485E-01 -2.9444440285E-02 -4.3333322258E-02  1.9512635837E-02
-0.4625  1.5894527996E-01 -3.0395936368E-02 -4.0561056434E-02  2.0437891848E-02
-0.4500  1.6041662059E-01 -3.1353470637E-02 -3.7775109420E-02  2.1389791096E-02
-0.4375  1.6192780109E-01 -3.2316744557E-02 -3.4974202966E-02  2.2368450369E-02
-0.4250  1.6347902599E-01 -3.3285484666E-02 -3.2156983005E-02  2.3373989530E-02
-0.4125  1.6507061875E-01 -3.4259442754E-02 -2.9322017463E-02  2.4406531880E-02
-0.4000  1.6670302076E-01 -3.5238395956E-02 -2.6467794050E-02  2.5466204389E-02
-0.3875  1.6837679056E-01 -3.6222146753E-02 -2.3592718029E-02  2.6553137789E-02
-0.3750  1.7009260337E-01 -3.7210522880E-02 -2.0695109955E-02  2.7667466542E-02
-0.3625  1.7185125086E-01 -3.8203377161E-02 -1.7773203360E-02  2.8809328704E-02
-0.3500  1.7365364114E-01 -3.9200587257E-02 -1.4825142398E-02  2.9978865667E-02
-0.3375  1.7550079902E-01 -4.0202055343E-02 -1.1848979415E-02  3.1176221814E-02
-0.3250  1.7739386641E-01 -4.1207707708E-02 -8.8426724617E-03  3.2401544066E-02
-0.3125  1.7933410311E-01 -4.2217494291E-02 -5.8040827179E-03  3.3654981350E-02
-0.3000  1.8132288762E-01 -4.3231388136E-02 -2.7309718373E-03  3.4936683974E-02
-0.2875  1.8336171836E-01 -4.4249384794E-02  3.7900080384E-04  3.6246802926E-02
-0.2750  1.8545221492E-01 -4.5271501650E-02  3.5282809582E-03  3.7585489098E-02
-0.2625  1.8759611969E-01 -4.6297777185E-02  6.7194224670E-03  3.8952892431E-02
-0.2500  1.8979529963E-01 -4.7328270178E-02  9.9550903357E-03  4.0349160995E-02
-0.2375  1.9205174819E-01 -4.8363058843E-02  1.3238063932E-02  4.1774440006E-02
-0.2250  1.9436758760E-01 -4.9402239904E-02  1.6571240316E-02  4.3228870768E-02
-0.2125  1.9674507119E-01 -5.0445927603E-02  1.9957637702E-02  4.4712589566E-02
-0.2000  1.9918658611E-01 -5.1494252646E-02  2.3400399074E-02  4.6225726488E-02
-0.1875  2.0169465614E-01 -5.2547361092E-02  2.6902795947E-02  4.7768404198E-02
-0.1750  2.0427194472E-01 -5.3605413169E-02  3.0468232290E-02  4.9340736647E-02
-0.1625  2.0692125836E-01 -5.4668582027E-02  3.4100248618E-02  5.0942827733E-02
-0.1500  2.0964555005E-01 -5.5737052432E-02  3.7802526262E-02  5.2574769898E-02
-0.1375  2.1244792310E-01 -5.6811019384E-02  4.1578891817E-02  5.4236642686E-02
-0.1250  2.1533163511E-01 -5.7890686669E-02  4.5433321794E-02  5.5928511236E-02
-0.1125  2.1830010226E-01 -5.8976265347E-02  4.9369947463E-02  5.7650424725E-02
-0.1000  2.2135690375E-01 -6.0067972160E-02  5.3393059921E-02  5.9402414766E-02
-0.0875  2.2450578662E-01 -6.1166027868E-02  5.7507115367E-02  6.1184493747E-02
-0.0750  2.2775067076E-01 -6.2270655514E-02  6.1716740625E-02  6.2996653118E-02
-0.0625  2.3109565422E-01 -6.3382078606E-02  6.6026738900E-02  6.4838861633E-02
-0.0500  2.3454501882E-01 -6.4500519218E-02  7.0442095796E-02  6.6711063530E-02
-0.0375  2.3810323603E-01 -6.5626196010E-02  7.4967985597E-02  6.8613176668E-02
-0.0250  2.4177497318E-01 -6.6759322158E-02  7.9609777831E-02  7.0545090602E-02
-0.0125  2.4556509998E-01 -6.7900103199E-02  8.4373044132E-02  7.2506664607E-02
-0.0000  2.4947869540E-01 -6.9048734776E-02  8.9263565409E-02  7.4497725650E-02
 0.0125  2.5352105486E-01 -7.0205400296E-02  9.4287339339E-02  7.6518066303E-02
 0.0250  2.5769769780E-01 -7.1370268477E-02  9.9450588207E-02  7.8567442597E-02
 0.0375  2.6201437565E-01 -7.2543490799E-02  1.0475976711E-01  8.0645571819E-02
 0.0500  2.6647708018E-01 -7.3725198842E-02  1.1022157252E-01  8.2752130255E-02
 0.0625  2.7109205225E-01 -7.4915501514E-02  1.1584295130E-01  8.4886750861E-02
 0.0750  2.7586579107E-01 -7.6114482161E-02  1.2163111008E-01  8.7049020877E-02
 0.0875  2.8080506383E-01 -7.7322195555E-02  1.2759352512E-01  8.9238479380E-02
 0.1000  2.8591691589E-01 -7.8538664753E-02  1.3373795266E-01  9.1454614760E-02
 0.1125  2.9120868145E-01 -7.9763877830E-02  1.4007243975E-01  9.3696862138E-02
 0.1250  2.9668799477E-01 -8.0997784466E-02  1.4660533561E-01  9.5964600703E-02
 0.1375  3.0236280200E-01 -8.2240292401E-02  1.5334530362E-01  9.8257150981E-02
 0.1500  3.0824137353E-01 -8.3491263729E-02  1.6030133383E-01  1.0057377202E-01
 0.1625  3.1433231713E-01 -8.4750511050E-02  1.6748275620E-01  1.0291365852E-01
 0.1750  3.2064459162E-01 -8.6017793447E-02  1.7489925451E-01  1.0527593783E-01
 0.1875  3.2718752141E-01 -8.7292812311E-02  1.8256088098E-01  1.0765966690E-01
 0.2000  3.3397081178E-01 -8.8575206974E-02  1.9047807177E-01  1.1006382912E-01
 0.2125  3.4100456494E-01 -8.9864550180E-02  1.9866166326E-01  1.1248733109E-01
 0.2250  3.4829929711E-01 -9.1160343348E-02  2.0712290932E-01  1.1492899923E-01
 0.2375  3.5586595646E-01 -9.2462011652E-02  2.1587349956E-01  1.1738757632E-01
 0.2500  3.6371594216E-01 -9.3768898893E-02  2.2492557867E-01  1.1986171792E-01
 0.2625  3.7186112453E-01 -9.5080262149E-02  2.3429176697E-01  1.2234998864E-01
 0.2750  3.8031386639E-01 -9.6395266218E-02  2.4398518220E-01  1.2485085828E-01
 0.2875  3.8908704577E-01 -9.7712977819E-02  2.5401946277E-01  1.2736269780E-01
 0.3000  3.9819408001E-01 -9.9032359551E-02  2.6440879248E-01  1.2988377515E-01
 0.3125  4.0764895144E-01 -1.0035226361E-01  2.7516792701E-01  1.3241225085E-01
 0.3250  4.1746623474E-01 -1.0167142522E-01  2.8631222217E-01  1.3494617338E-01
 0.3375  4.2766112622E-01 -1.0298845582E-01  2.9785766424E-01  1.3748347436E-01
 0.3500  4.3824947501E-01 -1.0430183594E-01  3.0982090256E-01  1.4002196334E-01
 0.3625  4.4924781669E-01 -1.0560990776E-01  3.2221928457E-01  1.4255932235E-01
 0.3750  4.6067340921E-01 -1.0691086736E-01  3.3507089363E-01  1.4509310001E-01
 0.3875  4.7254427166E-01 -1.0820275664E-01  3.4839458992E-01  1.4762070519E-01
 0.4000  4.8487922608E-01 -1.0948345484E-01  3.6221005474E-01  1.5013940012E-01
 0.4125  4.9769794260E-01 -1.1075066968E-01  3.7653783860E-01  1.5264629290E-01
 0.4250  5.1102098843E-01 -1.1200192809E-01  3.9139941360E-01  1.5513832915E-01
 0.4375  5.2486988100E-01 -1.1323456644E-01  4.0681723060E-01  1.5761228283E-01
 0.4500  5.3926714591E-01 -1.1444572028E-01  4.2281478169E-01  1.6006474589E-01
 0.4625  5.5423638023E-01 -1.1563231348E-01  4.3941666881E-01  1.6249211664E-01
 0.4750  5.6980232176E-01 -1.1679104679E-01  4.5664867902E-01  1.6489058641E-01
 0.4875  5.8599092521E-01 -1.1791838558E-01  4.7453786757E-01  1.6725612439E-01
 0.5000  6.0282944603E-01 -1.1901054685E-01  4.9311264960E-01  1.6958446000E-01
 0.5125  6.2034653319E-01 -1.2006348519E-01  5.1240290160E-01  1.7187106249E-01
 0.5250  6.3857233192E-01 -1.2107287764E-01  5.3244007413E-01  1.7411111700E-01
 0.5375  6.5753859799E-01 -1.2203410730E-01  5.5325731699E-01  1.7629949654E-01
 0.5500  6.7727882523E-01 -1.2294224525E-01  5.7488961888E-01  1.7843072875E-01
 0.5625  6.9782838819E-01 -1.2379203067E-01  5.9737396326E-01  1.8049895667E-01
 0.5750  7.1922470226E-01 -1.2457784873E-01  6.2074950282E-01  1.8249789197E-01
 0.5875  7.4150740399E-01 -1.2529370572E-01  6.4505775505E-01  1.8442075928E-01
 0.6000  7.6471855464E-01 -1.2593320093E-01  6.7034282190E-01  1.8626022955E-01
 0.6125  7.8890287085E-01 -1.2648949458E-01  6.9665163685E-01  1.8800834039E-01
 0.6250  8.1410798644E-01 -1.2695527084E-01  7.2403424345E-01  1.8965640057E-01
 0.6375  8.4038475074E-01 -1.2732269509E-01  7.5254410942E-01  1.9119487538E-01
 0.6500  8.6778756910E-01 -1.2758336386E-01  7.8223848180E-01  1.9261324913E-01
 0.6625  8.9637479273E-01 -1.2772824616E-01  8.1317878862E-01  1.9389985992E-01
 0.6750  9.2620916598E-01 -1.2774761405E-01  8.4543109394E-01  1.9504170128E-01
 0.6875  9.5735834062E-01 -1.2763096022E-01  8.7906661384E-01  1.9602418384E-01
 0.7000  9.8989546847E-01 -1.2736689977E-01  9.1416230198E-01  1.9683084933E-01
 0.7125  1.0238998856E+00 -1.2694305264E-01  9.5080151488E-01  1.9744302715E-01
 0.7250  1.0594579034E+00 -1.2634590260E-01  9.8907476804E-01  1.9783942244E-01
 0.7375  1.0966637256E+00 -1.2556062762E-01  1.0290805962E+00  1.9799562214E-01
 0.7500  1.1356205110E+00 -1.2457089569E-01  1.0709265326E+00  1.9788350315E-01
 0.7625  1.1764416096E+00 -1.2335861850E-01  1.1147302235E+00  1.9747052364E-01
 0.7750  1.2192519986E+00 -1.2190365427E-01  1.1606206989E+00  1.9671887506E-01
 0.7875  1.2641899561E+00 -1.2018344895E-01  1.2087398199E+00  1.9558446830E-01
 0.8000  1.3114090104E+00 -1.1817260300E-01  1.2592439286E+00  1.9401572261E-01
 0.8125  1.3610802149E+00 -1.1584234831E-01  1.3123057299E+00  1.9195211996E-01
 0.8250  1.4133948028E+00 -1.1315991695E-01  1.3681164365E+00  1.8932248106E-01
 0.8375  1.4685672889E+00 -1.1008777954E-01  1.4268882163E+00  1.8604291104E-01
 0.8500  1.5268390932E+00 -1.0658272706E-01  1.4888569821E+00  1.8201435390E-01
 0.8625  1.5884827795E+00 -1.0259476467E-01  1.5542855747E+00  1.7711968345E-01
 0.8750  1.6538070110E+00 -9.8065780072E-02  1.6234673920E+00  1.7122024616E-01
 0.8875  1.7231623500E+00 -9.2927941920E-02  1.6967305271E+00  1.6415175614E-01
 0.9000  1.7969480428E+00 -8.7101775430E-02  1.7744424870E+00  1.5571942517E-01
 0.9125  1.8756199622E+00 -8.0493852284E-02  1.8570155708E+00  1.4569219011E-01
 0.9250  1.9596999021E+00 -7.2994020390E-02  1.9449129993E+00  1.3379587636E-01
 0.9375  2.0497864579E+00 -6.4472085258E-02  2.0386558993E+00  1.1970510812E-01
 0.9500  2.1465677609E+00 -5.4773838575E-02  2.1388312587E+00  1.0303374388E-01
 0.9625  2.2508363819E+00 -4.3716310588E-02  2.2461009857E+00  8.3323577452E-02
 0.9750  2.3635067719E+00 -3.1082100560E-02  2.3612122211E+00  6.0031001293E-02
 0.9875  2.4856356687E+00 -1.6612613417E-02  2.4850090735E+00  3.2511277194E-02
 1.0000  2.6184459683E+00  0.0000000000E+00  2.6184459683E+00  1.1800092971E-17
