lambda, albedo, <cos>, # of angles
   0.23000   0.45948   0.54510   161
cos(theta),     S11,               S12,             S33,             S34
-1.0000  3.6467608185E-01  6.2989039206E-18 -3.6467608185E-01 -3.3406985595E-18
-0.9875  2.9415634920E-01 -3.2340333228E-03 -2.9182153800E-01  2.4042258239E-02
-0.9750  2.4444305740E-01 -3.5795155015E-03 -2.3643528212E-01  3.8177897850E-02
-0.9625  2.0981710270E-01 -2.1721783531E-03 -1.9431416889E-01  4.5424656454E-02
-0.9500  1.8603775914E-01  1.9795962881E-04 -1.6223777710E-01  4.7992005961E-02
-0.9375  1.6997917797E-01  2.9931468196E-03 -1.3774675720E-01  4.7481659500E-02
-0.9250  1.5935293173E-01  5.8583688356E-03 -1.1896936290E-01  4.5041129813E-02
-0.9125  1.5249668564E-01  8.5695682023E-03 -1.0448594484E-01  4.1480739526E-02
-0.9000  1.4821375007E-01  1.0995205901E-02 -9.3223381876E-02  3.7362310354E-02
-0.8875  1.4565172886E-01  1.3067895816E-02 -8.4373108881E-02  3.3066017183E-02
-0.8750  1.4421112575E-01  1.4763641124E-02 -7.7327712008E-02  2.8840498383E-02
-0.8625  1.4347682666E-01  1.6086789140E-02 -7.1632097138E-02  2.4840198839E-02
-0.8500  1.4316698149E-01  1.7059265462E-02 -6.6946057976E-02  2.1153033610E-02
-0.8375  1.4309506508E-01  1.7712989021E-02 -6.3015724813E-02  1.7820755011E-02
-0.8250  1.4314187816E-01  1.8084632671E-02 -5.9651898375E-02  1.4853849504E-02
-0.8125  1.4323501369E-01  1.8212097424E-02 -5.6713692571E-02  1.2242354560E-02
-0.8000  1.4333390668E-01  1.8132225487E-02 -5.4096246270E-02  9.9636463681E-03
-0.7875  1.4341904405E-01  1.7879398153E-02 -5.1721533613E-02  7.9879875059E-03
-0.7750  1.4348426216E-01  1.7484756825E-02 -4.9531517822E-02  6.2824236313E-03
-0.7625  1.4353132801E-01  1.6975855379E-02 -4.7483064956E-02  4.8134667097E-03
-0.7500  1.4356620315E-01  1.6376604383E-02 -4.5544170061E-02  3.5488885704E-03
-0.7375  1.4359654196E-01  1.5707406465E-02 -4.3691155260E-02  2.4588639249E-03
-0.7250  1.4363009023E-01  1.4985410541E-02 -4.1906583043E-02  1.5166394314E-03
-0.7125  1.4367373449E-01  1.4224833231E-02 -4.0177693082E-02  6.9885942767E-04
-0.7000  1.4373301561E-01  1.3437310740E-02 -3.8495220908E-02 -1.4354699499E-05
-0.6875  1.4381196635E-01  1.2632255294E-02 -3.6852494983E-02 -6.3949914541E-04
-0.6750  1.4391316738E-01  1.1817198191E-02 -3.5244737582E-02 -1.1899019784E-03
-0.6625  1.4403794193E-01  1.0998107400E-02 -3.3668516485E-02 -1.6760159897E-03
-0.6500  1.4418662898E-01  1.0179672207E-02 -3.2121310400E-02 -2.1057588020E-03
-0.6375  1.4435889000E-01  9.3655508353E-03 -3.0601162612E-02 -2.4848762541E-03
-0.6250  1.4455401616E-01  8.5585797129E-03 -2.9106405511E-02 -2.8173106248E-03
-0.6125  1.4477121219E-01  7.7609451546E-03 -2.7635444280E-02 -3.1055595380E-03
-0.6000  1.4500984094E-01  6.9743197731E-03 -2.6186591630E-02 -3.3510147720E-03
-0.5875  1.4526961852E-01  6.1999670615E-03 -2.4757947713E-02 -3.5542729583E-03
-0.5750  1.4555075514E-01  5.4388182920E-03 -2.3347320433E-02 -3.7154124675E-03
-0.5625  1.4585404062E-01  4.6915262521E-03 -2.1952181865E-02 -3.8342327884E-03
-0.5500  1.4618087678E-01  3.9585004363E-03 -2.0569656443E-02 -3.9104544688E-03
-0.5375  1.4653326137E-01  3.2399281942E-03 -1.9196536392E-02 -3.9438792556E-03
-0.5250  1.4691373009E-01  2.5357860573E-03 -1.7829319565E-02 -3.9345114419E-03
-0.5125  1.4732526454E-01  1.8458450777E-03 -1.6464264661E-02 -3.8826426087E-03
-0.5000  1.4777117458E-01  1.1696735419E-03 -1.5097458679E-02 -3.7889029073E-03
-0.4875  1.4825496418E-01  5.0663990556E-04 -1.3724891608E-02 -3.6542827636E-03
-0.4750  1.4878018956E-01 -1.4408175464E-04 -1.2342533564E-02 -3.4801293831E-03
-0.4625  1.4935031801E-01 -7.8350204841E-04 -1.0946410093E-02 -3.2681227031E-03
-0.4500  1.4996859509E-01 -1.4128011872E-03 -9.5326718667E-03 -3.0202354828E-03
-0.4375  1.5063792692E-01 -2.0333079260E-03 -8.0976557123E-03 -2.7386820869E-03
-0.4250  1.5136078272E-01 -2.6464724923E-03 -6.6379346127E-03 -2.4258602120E-03
-0.4125  1.5213912203E-01 -3.2538339641E-03 -5.1503550731E-03 -2.0842893863E-03
-0.4000  1.5297434877E-01 -3.8569829955E-03 -3.6320609746E-03 -1.7165495697E-03
-0.3875  1.5386729367E-01 -4.4575211464E-03 -2.0805037391E-03 -1.3252226250E-03
-0.3750  1.5481822468E-01 -5.0570183330E-03 -4.9343926737E-04 -9.1283885819E-04
-0.3625  1.5582688386E-01 -5.6569700762E-03  1.1310873159E-03 -4.8183025672E-04
-0.3500  1.5689254826E-01 -6.2587562747E-03  2.7947675912E-03 -3.4491507677E-05
-0.3375  1.5801411125E-01 -6.8636031874E-03  4.4990645424E-03  4.2705063371E-04
-0.3250  1.5919018007E-01 -7.4725501690E-03  6.2452538362E-03  9.0085951609E-04
-0.3125  1.6041918494E-01 -8.0864224992E-03  8.0344693232E-03  1.3852026029E-03
-0.3000  1.6169949470E-01 -8.7058113775E-03  9.8677503490E-03  1.8785579636E-03
-0.2875  1.6302953406E-01 -9.3310618552E-03  1.1746088516E-02  2.3796141610E-03
-0.2750  1.6440789746E-01 -9.9622691546E-03  1.3670471710E-02  2.8872646491E-03
-0.2625  1.6583345500E-01 -1.0599283491E-02  1.5641923452E-02  3.4005979221E-03
-0.2500  1.6730544635E-01 -1.1241723195E-02  1.7661535990E-02  3.9188847013E-03
-0.2375  1.6882355907E-01 -1.1888995620E-02  1.9730495930E-02  4.4415634242E-03
-0.2250  1.7038798872E-01 -1.2540325043E-02  2.1850101650E-02  4.9682252134E-03
-0.2125  1.7199947851E-01 -1.3194786502E-02  2.4021772170E-02  5.4985993591E-03
-0.2000  1.7365933766E-01 -1.3851344333E-02  2.6247047633E-02  6.0325401660E-03
-0.1875  1.7536943799E-01 -1.4508893965E-02  2.8527581917E-02  6.5700158070E-03
-0.1750  1.7713218935E-01 -1.5166305466E-02  3.0865128312E-02  7.1110995964E-03
-0.1625  1.7895049539E-01 -1.5822467238E-02  3.3261519507E-02  7.6559638742E-03
-0.1500  1.8082769168E-01 -1.6476328295E-02  3.5718643367E-02  8.2048764754E-03
-0.1375  1.8276746902E-01 -1.7126937597E-02  3.8238416205E-02  8.7581995645E-03
-0.1250  1.8477378517E-01 -1.7773479072E-02  4.0822755323E-02  9.3163904458E-03
-0.1125  1.8685076880E-01 -1.8415301071E-02  4.3473552663E-02  9.8800038248E-03
-0.1000  1.8900261939E-01 -1.9051939286E-02  4.6192651350E-02  1.0449694895E-02
-0.0875  1.9123350742E-01 -1.9683132340E-02  4.8981826808E-02  1.1026222562E-02
-0.0750  1.9354747857E-01 -2.0308829602E-02  5.1842773926E-02  1.1610452087E-02
-0.0625  1.9594836598E-01 -2.0929191002E-02  5.4777101536E-02  1.2203356457E-02
-0.0500  1.9843971406E-01 -2.1544578948E-02  5.7786335150E-02  1.2806015826E-02
-0.0375  2.0102471701E-01 -2.2155542740E-02  6.0871928559E-02  1.3419614470E-02
-0.0250  2.0370617453E-01 -2.2762796092E-02  6.4035284565E-02  1.4045434815E-02
-0.0125  2.0648646702E-01 -2.3367188688E-02  6.7277784708E-02  1.4684848233E-02
-0.0000  2.0936755134E-01 -2.3969672857E-02  7.0600827496E-02  1.5339302491E-02
 0.0125  2.1235097798E-01 -2.4571266659E-02  7.4005874301E-02  1.6010305879E-02
 0.0250  2.1543792940E-01 -2.5173014797E-02  7.7494501728E-02  1.6699408277E-02
 0.0375  2.1862927888E-01 -2.5775948868E-02  8.1068459034E-02  1.7408179554E-02
 0.0500  2.2192566825E-01 -2.6381048492E-02  8.4729728912E-02  1.8138185894E-02
 0.0625  2.2532760245E-01 -2.6989204846E-02  8.8480589817E-02  1.8890964787E-02
 0.0750  2.2883555806E-01 -2.7601188071E-02  9.2323677908E-02  1.9667999538E-02
 0.0875  2.3245010272E-01 -2.8217619867E-02  9.6262046683E-02  2.0470694256E-02
 0.1000  2.3617202163E-01 -2.8838952466E-02  1.0029922241E-01  2.1300350347E-02
 0.1125  2.4000244750E-01 -2.9465454917E-02  1.0443925363E-01  2.2158145527E-02
 0.1250  2.4394298970E-01 -3.0097207400E-02  1.0868675314E-01  2.3045116408E-02
 0.1375  2.4799585871E-01 -3.0734103980E-02  1.1304693123E-01  2.3962145582E-02
 0.1500  2.5216398189E-01 -3.1375863935E-02  1.1752561920E-01  2.4909954092E-02
 0.1625  2.5645110708E-01 -3.2022051463E-02  1.2212928247E-01  2.5889099994E-02
 0.1750  2.6086189046E-01 -3.2672103273E-02  1.2686502334E-01  2.6899983566E-02
 0.1875  2.6540196633E-01 -3.3325363259E-02  1.3174057333E-01  2.7942859491E-02
 0.2000  2.7007799627E-01 -3.3981123149E-02  1.3676427603E-01  2.9017856136E-02
 0.2125  2.7489769657E-01 -3.4638667807E-02  1.4194506151E-01  3.0125001768E-02
 0.2250  2.7986984304E-01 -3.5297323595E-02  1.4729241367E-01  3.1264257309E-02
 0.2375  2.8500425350E-01 -3.5956508068E-02  1.5281633264E-01  3.2435554944E-02
 0.2500  2.9031174887E-01 -3.6615779139E-02  1.5852729430E-01  3.3638841661E-02
 0.2625  2.9580409487E-01 -3.7274881792E-02  1.6443620944E-01  3.4874126544E-02
 0.2750  3.0149392693E-01 -3.7933790451E-02  1.7055438521E-01  3.6141530421E-02
 0.2875  3.0739466184E-01 -3.8592745169E-02  1.7689349183E-01  3.7441336293E-02
 0.3000  3.1352040051E-01 -3.9252279971E-02  1.8346553711E-01  3.8774038825E-02
 0.3125  3.1988582647E-01 -3.9913241908E-02  1.9028285196E-01  4.0140391080E-02
 0.3250  3.2650610573E-01 -4.0576799657E-02  1.9735808925E-01  4.1541446657E-02
 0.3375  3.3339679369E-01 -4.1244440871E-02  2.0470423884E-01  4.2978595393E-02
 0.3500  3.4057375501E-01 -4.1917957862E-02  2.1233466080E-01  4.4453590912E-02
 0.3625  3.4805310275E-01 -4.2599421681E-02  2.2026313885E-01  4.5968568425E-02
 0.3750  3.5585116262E-01 -4.3291145097E-02  2.2850395572E-01  4.7526051461E-02
 0.3875  3.6398446821E-01 -4.3995635484E-02  2.3707199133E-01  4.9128946448E-02
 0.4000  3.7246979255E-01 -4.4715539106E-02  2.4598284483E-01  5.0780524502E-02
 0.4125  3.8132422066E-01 -4.5453578720E-02  2.5525298073E-01  5.2484390146E-02
 0.4250  3.9056526740E-01 -4.6212486857E-02  2.6489989914E-01  5.4244437227E-02
 0.4375  4.0021104352E-01 -4.6994937432E-02  2.7494232967E-01  5.6064792835E-02
 0.4500  4.1028047252E-01 -4.7803478619E-02  2.8540044845E-01  5.7949750630E-02
 0.4625  4.2079355935E-01 -4.8640469996E-02  2.9629611739E-01  5.9903695664E-02
 0.4750  4.3177171125E-01 -4.9508026992E-02  3.0765314468E-01  6.1931023469E-02
 0.4875  4.4323811007E-01 -5.0407975477E-02  3.1949756571E-01  6.4036056942E-02
 0.5000  4.5521813430E-01 -5.1341818971E-02  3.3185794388E-01  6.6222965366E-02
 0.5125  4.6773982830E-01 -5.2310720463E-02  3.4476569102E-01  6.8495690709E-02
 0.5250  4.8083441602E-01 -5.3315500103E-02  3.5825540824E-01  7.0857887251E-02
 0.5375  4.9453685596E-01 -5.4356649140E-02  3.7236524885E-01  7.3312881493E-02
 0.5500  5.0888643476E-01 -5.5434359497E-02  3.8713730717E-01  7.5863660256E-02
 0.5625  5.2392739797E-01 -5.6548567169E-02  4.0261803892E-01  7.8512895889E-02
 0.5750  5.3970961839E-01 -5.7699006436E-02  4.1885872248E-01  8.1263018493E-02
 0.5875  5.5628930580E-01 -5.8885270645E-02  4.3591597488E-01  8.4116346096E-02
 0.6000  5.7372976698E-01 -6.0106874146E-02  4.5385234227E-01  8.7075284644E-02
 0.6125  5.9210223186E-01 -6.1363308966E-02  4.7273699317E-01  9.0142610497E-02
 0.6250  6.1148677193E-01 -6.2654089146E-02  4.9264655412E-01  9.3321848666E-02
 0.6375  6.3197335075E-01 -6.3978775383E-02  5.1366614215E-01  9.6617760120E-02
 0.6500  6.5366306525E-01 -6.5336973011E-02  5.3589066907E-01  1.0003695087E-01
 0.6625  6.7666966199E-01 -6.6728297493E-02  5.5942651923E-01  1.0358861376E-01
 0.6750  7.0112144622E-01 -6.8152303745E-02  5.8439373819E-01  1.0728541047E-01
 0.6875  7.2716374687E-01 -6.9608378919E-02  6.1092891657E-01  1.1114449530E-01
 0.7000  7.5496216027E-01 -7.1095602978E-02  6.3918901554E-01  1.1518867289E-01
 0.7125  7.8470687411E-01 -7.2612587633E-02  6.6935646083E-01  1.1944766783E-01
 0.7250  8.1661847724E-01 -7.4157312125E-02  7.0164593834E-01  1.2395946280E-01
 0.7375  8.5095579756E-01 -7.5726984040E-02  7.3631346166E-01  1.2877163198E-01
 0.7500  8.8802649008E-01 -7.7317964762E-02  7.7366846165E-01  1.3394255343E-01
 0.7625  9.2820133438E-01 -7.8925812260E-02  8.1408988152E-01  1.3954232550E-01
 0.7750  9.7193351353E-01 -8.0545508217E-02  8.5804756665E-01  1.4565313118E-01
 0.7875  1.0197845625E+00 -8.2171951562E-02  9.0613063970E-01  1.5236868529E-01
 0.8000  1.0724592305E+00 -8.3800815185E-02  9.5908508463E-01  1.5979225346E-01
 0.8125  1.1308522550E+00 -8.5429875459E-02  1.0178634794E+00  1.6803253775E-01
 0.8250  1.1961110854E+00 -8.7060932739E-02  1.0836908012E+00  1.7719646923E-01
 0.8375  1.2697200585E+00 -8.8702441205E-02  1.1581516140E+00  1.8737761333E-01
 0.8500  1.3536136660E+00 -9.0372951261E-02  1.2433059768E+00  1.9863845775E-01
 0.8625  1.4503297968E+00 -9.2105423989E-02  1.3418445138E+00  2.1098428166E-01
 0.8750  1.5632190325E+00 -9.3952378087E-02  1.4572981129E+00  2.2432555050E-01
 0.8875  1.6967349367E+00 -9.5991617153E-02  1.5943264045E+00  2.3842476015E-01
 0.9000  1.8568465935E+00 -9.8331813700E-02  1.7591254042E+00  2.5282219153E-01
 0.9125  2.0516474196E+00 -1.0111603579E-01  1.9600277578E+00  2.6673263519E-01
 0.9250  2.2923068327E+00 -1.0451757937E-01  2.2084430596E+00  2.7890001289E-01
 0.9375  2.5946890038E+00 -1.0870833644E-01  2.5204677942E+00  2.8738175577E-01
 0.9500  2.9824400128E+00 -1.1372114231E-01  2.9199805814E+00  2.8918046279E-01
 0.9625  3.4937234270E+00 -1.1888101207E-01  3.4454187469E+00  2.7943058526E-01
 0.9750  4.1979696727E+00 -1.2047662532E-01  4.1665074473E+00  2.4904046875E-01
 0.9875  5.2420597016E+00 -1.0242396152E-01  5.2294831471E+00  1.7666917706E-01
 1.0000  6.9865110793E+00  0.0000000000E+00  6.9865110793E+00 -3.6315691814E-18
