lambda(um), Cext(cm^2/H), albedo, <cos>, # of angles
   2.19000  5.57026E-23   0.43864   0.13095   161
cos(theta),     S11,               S12,             S33,             S34
-1.0000  5.2177575480E-01 -2.6673649777E-18 -5.2177575480E-01 -6.5437536705E-19
-0.9875  5.1704542775E-01 -4.9476948340E-03 -5.1699239129E-01  2.6133523966E-03
-0.9750  5.1238640323E-01 -9.8581453255E-03 -5.1217420436E-01  5.2155578222E-03
-0.9625  5.0779851179E-01 -1.4731213027E-02 -5.0732093257E-01  7.8065563242E-03
-0.9500  5.0328159567E-01 -1.9566756207E-02 -5.0243230938E-01  1.0386282668E-02
-0.9375  4.9883550882E-01 -2.4364629741E-02 -4.9750806314E-01  1.2954666270E-02
-0.9250  4.9446011709E-01 -2.9124684994E-02 -4.9254791711E-01  1.5511631123E-02
-0.9125  4.9015529825E-01 -3.3846769708E-02 -4.8755158938E-01  1.8057095727E-02
-0.9000  4.8592094215E-01 -3.8530727884E-02 -4.8251879288E-01  2.0590973016E-02
-0.8875  4.8175695079E-01 -4.3176399665E-02 -4.7744923534E-01  2.3113170282E-02
-0.8750  4.7766323843E-01 -4.7783621216E-02 -4.7234261930E-01  2.5623589098E-02
-0.8625  4.7363973173E-01 -5.2352224601E-02 -4.6719864205E-01  2.8122125245E-02
-0.8500  4.6968636983E-01 -5.6882037663E-02 -4.6201699563E-01  3.0608668624E-02
-0.8375  4.6580310448E-01 -6.1372883901E-02 -4.5679736679E-01  3.3083103187E-02
-0.8250  4.6198990015E-01 -6.5824582338E-02 -4.5153943698E-01  3.5545306842E-02
-0.8125  4.5824673418E-01 -7.0236947401E-02 -4.4624288234E-01  3.7995151382E-02
-0.8000  4.5457359686E-01 -7.4609788783E-02 -4.4090737364E-01  4.0432502389E-02
-0.7875  4.5097049159E-01 -7.8942911323E-02 -4.3553257628E-01  4.2857219155E-02
-0.7750  4.4743743498E-01 -8.3236114862E-02 -4.3011815026E-01  4.5269154589E-02
-0.7625  4.4397445704E-01 -8.7489194117E-02 -4.2466375015E-01  4.7668155130E-02
-0.7500  4.4058160124E-01 -9.1701938540E-02 -4.1916902510E-01  5.0054060651E-02
-0.7375  4.3725892470E-01 -9.5874132180E-02 -4.1363361875E-01  5.2426704373E-02
-0.7250  4.3400649832E-01 -1.0000555355E-01 -4.0805716926E-01  5.4785912760E-02
-0.7125  4.3082440692E-01 -1.0409597547E-01 -4.0243930928E-01  5.7131505434E-02
-0.7000  4.2771274939E-01 -1.0814516493E-01 -3.9677966587E-01  5.9463295066E-02
-0.6875  4.2467163884E-01 -1.1215288297E-01 -3.9107786057E-01  6.1781087282E-02
-0.6750  4.2170120276E-01 -1.1611888447E-01 -3.8533350927E-01  6.4084680559E-02
-0.6625  4.1880158317E-01 -1.2004291808E-01 -3.7954622226E-01  6.6373866122E-02
-0.6500  4.1597293678E-01 -1.2392472599E-01 -3.7371560417E-01  6.8648427838E-02
-0.6375  4.1321543518E-01 -1.2776404384E-01 -3.6784125394E-01  7.0908142108E-02
-0.6250  4.1052926495E-01 -1.3156060051E-01 -3.6192276483E-01  7.3152777758E-02
-0.6125  4.0791462791E-01 -1.3531411801E-01 -3.5595972434E-01  7.5382095928E-02
-0.6000  4.0537174122E-01 -1.3902431128E-01 -3.4995171422E-01  7.7595849959E-02
-0.5875  4.0290083761E-01 -1.4269088806E-01 -3.4389831043E-01  7.9793785278E-02
-0.5750  4.0050216554E-01 -1.4631354868E-01 -3.3779908311E-01  8.1975639279E-02
-0.5625  3.9817598937E-01 -1.4989198595E-01 -3.3165359656E-01  8.4141141205E-02
-0.5500  3.9592258961E-01 -1.5342588494E-01 -3.2546140920E-01  8.6290012030E-02
-0.5375  3.9374226302E-01 -1.5691492284E-01 -3.1922207358E-01  8.8421964328E-02
-0.5250  3.9163532291E-01 -1.6035876876E-01 -3.1293513628E-01  9.0536702157E-02
-0.5125  3.8960209924E-01 -1.6375708358E-01 -3.0660013794E-01  9.2633920924E-02
-0.5000  3.8764293892E-01 -1.6710951974E-01 -3.0021661323E-01  9.4713307258E-02
-0.4875  3.8575820594E-01 -1.7041572107E-01 -2.9378409077E-01  9.6774538879E-02
-0.4750  3.8394828162E-01 -1.7367532261E-01 -2.8730209318E-01  9.8817284463E-02
-0.4625  3.8221356485E-01 -1.7688795043E-01 -2.8077013698E-01  1.0084120350E-01
-0.4500  3.8055447226E-01 -1.8005322142E-01 -2.7418773257E-01  1.0284594618E-01
-0.4375  3.7897143847E-01 -1.8317074309E-01 -2.6755438427E-01  1.0483115321E-01
-0.4250  3.7746491632E-01 -1.8624011341E-01 -2.6086959018E-01  1.0679645570E-01
-0.4125  3.7603537713E-01 -1.8926092056E-01 -2.5413284225E-01  1.0874147502E-01
-0.4000  3.7468331087E-01 -1.9223274278E-01 -2.4734362618E-01  1.1066582263E-01
-0.3875  3.7340922647E-01 -1.9515514813E-01 -2.4050142145E-01  1.1256909995E-01
-0.3750  3.7221365205E-01 -1.9802769428E-01 -2.3360570122E-01  1.1445089821E-01
-0.3625  3.7109713515E-01 -2.0084992833E-01 -2.2665593236E-01  1.1631079826E-01
-0.3500  3.7006024300E-01 -2.0362138658E-01 -2.1965157538E-01  1.1814837044E-01
-0.3375  3.6910356281E-01 -2.0634159427E-01 -2.1259208444E-01  1.1996317444E-01
-0.3250  3.6822770197E-01 -2.0901006544E-01 -2.0547690727E-01  1.2175475907E-01
-0.3125  3.6743328839E-01 -2.1162630264E-01 -1.9830548517E-01  1.2352266218E-01
-0.3000  3.6672097075E-01 -2.1418979672E-01 -1.9107725298E-01  1.2526641040E-01
-0.2875  3.6609141876E-01 -2.1670002663E-01 -1.8379163902E-01  1.2698551906E-01
-0.2750  3.6554532348E-01 -2.1915645913E-01 -1.7644806510E-01  1.2867949194E-01
-0.2625  3.6508339760E-01 -2.2155854860E-01 -1.6904594645E-01  1.3034782112E-01
-0.2500  3.6470637572E-01 -2.2390573678E-01 -1.6158469173E-01  1.3198998683E-01
-0.2375  3.6441501467E-01 -2.2619745252E-01 -1.5406370293E-01  1.3360545722E-01
-0.2250  3.6421009383E-01 -2.2843311153E-01 -1.4648237543E-01  1.3519368821E-01
-0.2125  3.6409241542E-01 -2.3061211614E-01 -1.3884009789E-01  1.3675412326E-01
-0.2000  3.6406280482E-01 -2.3273385504E-01 -1.3113625224E-01  1.3828619323E-01
-0.1875  3.6412211089E-01 -2.3479770303E-01 -1.2337021369E-01  1.3978931615E-01
-0.1750  3.6427120634E-01 -2.3680302070E-01 -1.1554135063E-01  1.4126289703E-01
-0.1625  3.6451098803E-01 -2.3874915426E-01 -1.0764902464E-01  1.4270632766E-01
-0.1500  3.6484237728E-01 -2.4063543518E-01 -9.9692590446E-02  1.4411898640E-01
-0.1375  3.6526632031E-01 -2.4246117994E-01 -9.1671395898E-02  1.4550023800E-01
-0.1250  3.6578378851E-01 -2.4422568979E-01 -8.3584781918E-02  1.4684943333E-01
-0.1125  3.6639577883E-01 -2.4592825039E-01 -7.5432082480E-02  1.4816590924E-01
-0.1000  3.6710331416E-01 -2.4756813160E-01 -6.7212624577E-02  1.4944898829E-01
-0.0875  3.6790744367E-01 -2.4914458713E-01 -5.8925728185E-02  1.5069797854E-01
-0.0750  3.6880924323E-01 -2.5065685425E-01 -5.0570706230E-02  1.5191217334E-01
-0.0625  3.6980981575E-01 -2.5210415354E-01 -4.2146864557E-02  1.5309085108E-01
-0.0500  3.7091029161E-01 -2.5348568849E-01 -3.3653501898E-02  1.5423327498E-01
-0.0375  3.7211182904E-01 -2.5480064528E-01 -2.5089909834E-02  1.5533869284E-01
-0.0250  3.7341561453E-01 -2.5604819241E-01 -1.6455372770E-02  1.5640633682E-01
-0.0125  3.7482286324E-01 -2.5722748040E-01 -7.7491678948E-03  1.5743542315E-01
-0.0000  3.7633481942E-01 -2.5833764143E-01  1.0294348491E-03  1.5842515196E-01
 0.0125  3.7795275685E-01 -2.5937778907E-01  9.8811727975E-03  1.5937470696E-01
 0.0250  3.7967797924E-01 -2.6034701790E-01  1.8806790599E-02  1.6028325521E-01
 0.0375  3.8151182070E-01 -2.6124440317E-01  2.7807040246E-02  1.6114994689E-01
 0.0500  3.8345564621E-01 -2.6206900047E-01  3.6882681111E-02  1.6197391500E-01
 0.0625  3.8551085200E-01 -2.6281984537E-01  4.6034479975E-02  1.6275427509E-01
 0.0750  3.8767886610E-01 -2.6349595306E-01  5.5263211064E-02  1.6349012503E-01
 0.0875  3.8996114874E-01 -2.6409631801E-01  6.4569656079E-02  1.6418054471E-01
 0.1000  3.9235919289E-01 -2.6461991355E-01  7.3954604231E-02  1.6482459576E-01
 0.1125  3.9487452470E-01 -2.6506569156E-01  8.3418852274E-02  1.6542132126E-01
 0.1250  3.9750870401E-01 -2.6543258205E-01  9.2963204531E-02  1.6596974548E-01
 0.1375  4.0026332488E-01 -2.6571949279E-01  1.0258847294E-01  1.6646887356E-01
 0.1500  4.0314001606E-01 -2.6592530890E-01  1.1229547706E-01  1.6691769125E-01
 0.1625  4.0614044152E-01 -2.6604889249E-01  1.2208504415E-01  1.6731516456E-01
 0.1750  4.0926630100E-01 -2.6608908222E-01  1.3195800915E-01  1.6766023949E-01
 0.1875  4.1251933055E-01 -2.6604469292E-01  1.4191521474E-01  1.6795184172E-01
 0.2000  4.1590130302E-01 -2.6591451515E-01  1.5195751137E-01  1.6818887628E-01
 0.2125  4.1941402869E-01 -2.6569731478E-01  1.6208575728E-01  1.6837022722E-01
 0.2250  4.2305935579E-01 -2.6539183259E-01  1.7230081855E-01  1.6849475735E-01
 0.2375  4.2683917107E-01 -2.6499678382E-01  1.8260356913E-01  1.6856130781E-01
 0.2500  4.3075540040E-01 -2.6451085771E-01  1.9299489084E-01  1.6856869783E-01
 0.2625  4.3481000938E-01 -2.6393271706E-01  2.0347567343E-01  1.6851572433E-01
 0.2750  4.3900500387E-01 -2.6326099781E-01  2.1404681463E-01  1.6840116162E-01
 0.2875  4.4334243069E-01 -2.6249430854E-01  2.2470922012E-01  1.6822376100E-01
 0.3000  4.4782437819E-01 -2.6163122999E-01  2.3546380363E-01  1.6798225045E-01
 0.3125  4.5245297688E-01 -2.6067031465E-01  2.4631148690E-01  1.6767533427E-01
 0.3250  4.5723040009E-01 -2.5961008618E-01  2.5725319977E-01  1.6730169266E-01
 0.3375  4.6215886461E-01 -2.5844903903E-01  2.6828988018E-01  1.6685998142E-01
 0.3500  4.6724063136E-01 -2.5718563783E-01  2.7942247421E-01  1.6634883153E-01
 0.3625  4.7247800604E-01 -2.5581831698E-01  2.9065193609E-01  1.6576684877E-01
 0.3750  4.7787333986E-01 -2.5434548008E-01  3.0197922827E-01  1.6511261337E-01
 0.3875  4.8342903017E-01 -2.5276549942E-01  3.1340532138E-01  1.6438467956E-01
 0.4000  4.8914752122E-01 -2.5107671545E-01  3.2493119435E-01  1.6358157521E-01
 0.4125  4.9503130486E-01 -2.4927743628E-01  3.3655783434E-01  1.6270180142E-01
 0.4250  5.0108292124E-01 -2.4736593707E-01  3.4828623685E-01  1.6174383208E-01
 0.4375  5.0730495958E-01 -2.4534045952E-01  3.6011740569E-01  1.6070611352E-01
 0.4500  5.1370005892E-01 -2.4319921130E-01  3.7205235305E-01  1.5958706399E-01
 0.4625  5.2027090885E-01 -2.4094036548E-01  3.8409209949E-01  1.5838507332E-01
 0.4750  5.2702025035E-01 -2.3856205993E-01  3.9623767398E-01  1.5709850241E-01
 0.4875  5.3395087648E-01 -2.3606239678E-01  4.0849011394E-01  1.5572568287E-01
 0.5000  5.4106563328E-01 -2.3343944177E-01  4.2085046524E-01  1.5426491648E-01
 0.5125  5.4836742050E-01 -2.3069122367E-01  4.3331978226E-01  1.5271447479E-01
 0.5250  5.5585919248E-01 -2.2781573367E-01  4.4589912785E-01  1.5107259866E-01
 0.5375  5.6354395896E-01 -2.2481092473E-01  4.5858957344E-01  1.4933749776E-01
 0.5500  5.7142478593E-01 -2.2167471099E-01  4.7139219898E-01  1.4750735010E-01
 0.5625  5.7950479649E-01 -2.1840496708E-01  4.8430809303E-01  1.4558030159E-01
 0.5750  5.8778717175E-01 -2.1499952749E-01  4.9733835275E-01  1.4355446547E-01
 0.5875  5.9627515169E-01 -2.1145618589E-01  5.1048408389E-01  1.4142792189E-01
 0.6000  6.0497203610E-01 -2.0777269450E-01  5.2374640090E-01  1.3919871736E-01
 0.6125  6.1388118545E-01 -2.0394676336E-01  5.3712642686E-01  1.3686486425E-01
 0.6250  6.2300602186E-01 -1.9997605964E-01  5.5062529354E-01  1.3442434027E-01
 0.6375  6.3235003003E-01 -1.9585820696E-01  5.6424414143E-01  1.3187508794E-01
 0.6500  6.4191675822E-01 -1.9159078466E-01  5.7798411973E-01  1.2921501406E-01
 0.6625  6.5170981919E-01 -1.8717132709E-01  5.9184638638E-01  1.2644198915E-01
 0.6750  6.6173289122E-01 -1.8259732285E-01  6.0583210810E-01  1.2355384694E-01
 0.6875  6.7198971912E-01 -1.7786621404E-01  6.1994246037E-01  1.2054838375E-01
 0.7000  6.8248411521E-01 -1.7297539553E-01  6.3417862745E-01  1.1742335799E-01
 0.7125  6.9321996042E-01 -1.6792221417E-01  6.4854180243E-01  1.1417648951E-01
 0.7250  7.0420120529E-01 -1.6270396800E-01  6.6303318722E-01  1.1080545910E-01
 0.7375  7.1543187106E-01 -1.5731790550E-01  6.7765399254E-01  1.0730790782E-01
 0.7500  7.2691605076E-01 -1.5176122470E-01  6.9240543799E-01  1.0368143644E-01
 0.7625  7.3865791029E-01 -1.4603107245E-01  7.0728875199E-01  9.9923604844E-02
 0.7750  7.5066168958E-01 -1.4012454354E-01  7.2230517187E-01  9.6031931362E-02
 0.7875  7.6293170368E-01 -1.3403867988E-01  7.3745594382E-01  9.2003892186E-02
 0.8000  7.7547234394E-01 -1.2777046961E-01  7.5274232291E-01  8.7836920716E-02
 0.8125  7.8828807917E-01 -1.2131684629E-01  7.6816557312E-01  8.3528406915E-02
 0.8250  8.0138345683E-01 -1.1467468794E-01  7.8372696735E-01  7.9075696657E-02
 0.8375  8.1476310425E-01 -1.0784081624E-01  7.9942778737E-01  7.4476091059E-02
 0.8500  8.2843172982E-01 -1.0081199553E-01  8.1526932391E-01  6.9726845808E-02
 0.8625  8.4239412428E-01 -9.3584931951E-02  8.3125287659E-01  6.4825170478E-02
 0.8750  8.5665516193E-01 -8.6156272489E-02  8.4737975398E-01  5.9768227834E-02
 0.8875  8.7121980196E-01 -7.8522604017E-02  8.6365127354E-01  5.4553133130E-02
 0.9000  8.8609308971E-01 -7.0680452344E-02  8.8006876169E-01  4.9176953396E-02
 0.9125  9.0128015801E-01 -6.2626281234E-02  8.9663355377E-01  4.3636706709E-02
 0.9250  9.1678622853E-01 -5.4356491409E-02  9.1334699404E-01  3.7929361463E-02
 0.9375  9.3261661311E-01 -4.5867419546E-02  9.3021043567E-01  3.2051835623E-02
 0.9500  9.4877671515E-01 -3.7155337254E-02  9.4722524078E-01  2.6000995967E-02
 0.9625  9.6527203103E-01 -2.8216450034E-02  9.6439278039E-01  1.9773657321E-02
 0.9750  9.8210815151E-01 -1.9046896228E-02  9.8171443441E-01  1.3366581780E-02
 0.9875  9.9929076318E-01 -9.6427459505E-03  9.9919159167E-01  6.7764779210E-03
 1.0000  1.0168256499E+00  0.0000000000E+00  1.0168256499E+00  2.0406096965E-18
