lambda(um), Cext(cm^2/H), albedo, <cos>, # of angles
   0.15270  1.26421E-21   0.38339   0.66258   161
cos(theta),     S11,               S12,             S33,             S34
-1.0000  9.5288434373E-02  6.0201200305E-19 -9.5288434373E-02 -1.5461018279E-18
-0.9875  9.3533601446E-02 -1.5766132306E-03 -9.3411326449E-02  1.5376677037E-03
-0.9750  9.2119321444E-02 -2.9608759517E-03 -9.1663596456E-02  2.8684799786E-03
-0.9625  9.0986063309E-02 -4.1926650282E-03 -9.0024513995E-02  4.0276061994E-03
-0.9500  9.0088276483E-02 -5.3009468416E-03 -8.8477059099E-02  5.0432892800E-03
-0.9375  8.9390024572E-02 -6.3076425618E-03 -8.7007245969E-02  5.9386371349E-03
-0.9250  8.8862281999E-02 -7.2299316922E-03 -8.5603555501E-02  6.7328473885E-03
-0.9125  8.8481159946E-02 -8.0816811113E-03 -8.4256446849E-02  7.4420546312E-03
-0.9000  8.8226698463E-02 -8.8743484928E-03 -8.2957947868E-02  8.0799259314E-03
-0.8875  8.8082025928E-02 -9.6175581417E-03 -8.1701327287E-02  8.6580934287E-03
-0.8750  8.8032764807E-02 -1.0319472995E-02 -8.0480844321E-02  9.1864857740E-03
-0.8625  8.8066602889E-02 -1.0987044756E-02 -7.9291563380E-02  9.6735979033E-03
-0.8500  8.8172973249E-02 -1.1626196467E-02 -7.8129216857E-02  1.0126720682E-02
-0.8375  8.8342803502E-02 -1.2241971086E-02 -7.6990098859E-02  1.0552139058E-02
-0.8250  8.8568308555E-02 -1.2838663581E-02 -7.5870976315E-02  1.0955299893E-02
-0.8125  8.8842812003E-02 -1.3419942406E-02 -7.4769009331E-02  1.1340948096E-02
-0.8000  8.9160589313E-02 -1.3988959026E-02 -7.3681678096E-02  1.1713230805E-02
-0.7875  8.9516730956E-02 -1.4548441128E-02 -7.2606717656E-02  1.2075772464E-02
-0.7750  8.9907025785E-02 -1.5100765573E-02 -7.1542063673E-02  1.2431726980E-02
-0.7625  9.0327864965E-02 -1.5648009718E-02 -7.0485811960E-02  1.2783815451E-02
-0.7500  9.0776165376E-02 -1.6191983192E-02 -6.9436192659E-02  1.3134358390E-02
-0.7375  9.1249309574E-02 -1.6734245273E-02 -6.8391557383E-02  1.3485309914E-02
-0.7250  9.1745098009E-02 -1.7276114816E-02 -6.7350375352E-02  1.3838298390E-02
-0.7125  9.2261708597E-02 -1.7818679746E-02 -6.6311233287E-02  1.4194674405E-02
-0.7000  9.2797659235E-02 -1.8362811654E-02 -6.5272833872E-02  1.4555563541E-02
-0.6875  9.3351770220E-02 -1.8909188395E-02 -6.4233988932E-02  1.4921919098E-02
-0.6750  9.3923125343E-02 -1.9458324559E-02 -6.3193605680E-02  1.5294569073E-02
-0.6625  9.4511032295E-02 -2.0010607052E-02 -6.2150666779E-02  1.5674252519E-02
-0.6500  9.5114984356E-02 -2.0566331325E-02 -6.1104207042E-02  1.6061642436E-02
-0.6375  9.5734625946E-02 -2.1125733433E-02 -6.0053290671E-02  1.6457355097E-02
-0.6250  9.6369724395E-02 -2.1689013956E-02 -5.8996992983E-02  1.6861948420E-02
-0.6125  9.7020149327E-02 -2.2256351694E-02 -5.7934389455E-02  1.7275913935E-02
-0.6000  9.7685859726E-02 -2.2827907279E-02 -5.6864553173E-02  1.7699667732E-02
-0.5875  9.8366897418E-02 -2.3403818939E-02 -5.5786559699E-02  1.8133545279E-02
-0.5750  9.9063384694E-02 -2.3984194058E-02 -5.4699496702E-02  1.8577803370E-02
-0.5625  9.9775523392E-02 -2.4569100643E-02 -5.3602474708E-02  1.9032630243E-02
-0.5500  1.0050359299E-01 -2.5158562187E-02 -5.2494635343E-02  1.9498162539E-02
-0.5375  1.0124794608E-01 -2.5752558118E-02 -5.1375154317E-02  1.9974505966E-02
-0.5250  1.0200900069E-01 -2.6351030215E-02 -5.0243238021E-02  2.0461755661E-02
-0.5125  1.0278723011E-01 -2.6953893727E-02 -4.9098114326E-02  2.0960012408E-02
-0.5000  1.0358315159E-01 -2.7561050735E-02 -4.7939019728E-02  2.1469392088E-02
-0.4875  1.0439731588E-01 -2.8172402860E-02 -4.6765185836E-02  2.1990027506E-02
-0.4750  1.0523029918E-01 -2.8787860815E-02 -4.5575828220E-02  2.2522063629E-02
-0.4625  1.0608269859E-01 -2.9407349275E-02 -4.4370139860E-02  2.3065648804E-02
-0.4500  1.0695513137E-01 -3.0030806886E-02 -4.3147290050E-02  2.3620925214E-02
-0.4375  1.0784823711E-01 -3.0658182483E-02 -4.1906428111E-02  2.4188021684E-02
-0.4250  1.0876268173E-01 -3.1289429402E-02 -4.0646689990E-02  2.4767050911E-02
-0.4125  1.0969916159E-01 -3.1924500021E-02 -3.9367205152E-02  2.5358111713E-02
-0.4000  1.1065840644E-01 -3.2563342257E-02 -3.8067101295E-02  2.5961295360E-02
-0.3875  1.1164118047E-01 -3.3205898887E-02 -3.6745505225E-02  2.6576693915E-02
-0.3750  1.1264828110E-01 -3.3852109528E-02 -3.5401539474E-02  2.7204408072E-02
-0.3625  1.1368053649E-01 -3.4501914252E-02 -3.4034315580E-02  2.7844552394E-02
-0.3500  1.1473880237E-01 -3.5155257363E-02 -3.2642925899E-02  2.8497256804E-02
-0.3375  1.1582395958E-01 -3.5812089930E-02 -3.1226436170E-02  2.9162664541E-02
-0.3250  1.1693691309E-01 -3.6472370264E-02 -2.9783880666E-02  2.9840927956E-02
-0.3125  1.1807859277E-01 -3.7136062331E-02 -2.8314260834E-02  3.0532204166E-02
-0.3000  1.1924995594E-01 -3.7803132915E-02 -2.6816547062E-02  3.1236652555E-02
-0.2875  1.2045199077E-01 -3.8473548811E-02 -2.5289682147E-02  3.1954435348E-02
-0.2750  1.2168571995E-01 -3.9147275384E-02 -2.3732584445E-02  3.2685721299E-02
-0.2625  1.2295220373E-01 -3.9824277295E-02 -2.2144148788E-02  3.3430691317E-02
-0.2500  1.2425254185E-01 -4.0504521417E-02 -2.0523244013E-02  3.4189544071E-02
-0.2375  1.2558787451E-01 -4.1187981116E-02 -1.8868707147E-02  3.4962499471E-02
-0.2250  1.2695938272E-01 -4.1874640438E-02 -1.7179335481E-02  3.5749798596E-02
-0.2125  1.2836828862E-01 -4.2564496697E-02 -1.5453878521E-02  3.6551699847E-02
-0.2000  1.2981585653E-01 -4.3257560330E-02 -1.3691031918E-02  3.7368472496E-02
-0.1875  1.3130339505E-01 -4.3953851832E-02 -1.1889434801E-02  3.8200389794E-02
-0.1750  1.3283226016E-01 -4.4653396502E-02 -1.0047670714E-02  3.9047724189E-02
-0.1625  1.3440385923E-01 -4.5356218579E-02 -8.1642710346E-03  3.9910746593E-02
-0.1500  1.3601965511E-01 -4.6062336610E-02 -6.2377187607E-03  4.0789730375E-02
-0.1375  1.3768117015E-01 -4.6771761548E-02 -4.2664502624E-03  4.1684959163E-02
-0.1250  1.3938998952E-01 -4.7484498239E-02 -2.2488531880E-03  4.2596736181E-02
-0.1125  1.4114776409E-01 -4.8200549827E-02 -1.8325995279E-04  4.3525392233E-02
-0.1000  1.4295621310E-01 -4.8919923648E-02  1.9320622699E-03  4.4471289842E-02
-0.0875  1.4481712697E-01 -4.9642636681E-02  4.0989229403E-03  4.5434822309E-02
-0.0750  1.4673237093E-01 -5.0368718821E-02  6.3192183723E-03  4.6416408223E-02
-0.0625  1.4870388952E-01 -5.1098212983E-02  8.5949387180E-03  4.7416483523E-02
-0.0500  1.5073371195E-01 -5.1831172174E-02  1.0928170925E-02  4.8435494080E-02
-0.0375  1.5282395815E-01 -5.2567654674E-02  1.3321098458E-02  4.9473891552E-02
-0.0250  1.5497684506E-01 -5.3307719062E-02  1.5775999865E-02  5.0532134056E-02
-0.0125  1.5719469284E-01 -5.4051420732E-02  1.8295248795E-02  5.1610691456E-02
-0.0000  1.5947993099E-01 -5.4798810899E-02  2.0881317578E-02  5.2710053427E-02
 0.0125  1.6183510450E-01 -5.5549938084E-02  2.3536785201E-02  5.3830737585E-02
 0.0250  1.6426288029E-01 -5.6304851188E-02  2.6264348964E-02  5.4973295146E-02
 0.0375  1.6676605443E-01 -5.7063602771E-02  2.9066837886E-02  5.6138312777E-02
 0.0500  1.6934756018E-01 -5.7826251292E-02  3.1947225584E-02  5.7326410929E-02
 0.0625  1.7201047719E-01 -5.8592861669E-02  3.4908640985E-02  5.8538240354E-02
 0.0750  1.7475804156E-01 -5.9363504344E-02  3.7954376554E-02  5.9774479132E-02
 0.0875  1.7759365671E-01 -6.0138253662E-02  4.1087895135E-02  6.1035832096E-02
 0.1000  1.8052090498E-01 -6.0917186548E-02  4.4312837396E-02  6.2323033304E-02
 0.1125  1.8354355985E-01 -6.1700382165E-02  4.7633031805E-02  6.3636850816E-02
 0.1250  1.8666559904E-01 -6.2487922606E-02  5.1052508166E-02  6.4978092078E-02
 0.1375  1.8989121854E-01 -6.3279894085E-02  5.4575514433E-02  6.6347608181E-02
 0.1500  1.9322484791E-01 -6.4076387859E-02  5.8206535474E-02  6.7746296132E-02
 0.1625  1.9667116678E-01 -6.4877500310E-02  6.1950312217E-02  6.9175099502E-02
 0.1750  2.0023512290E-01 -6.5683332164E-02  6.5811860231E-02  7.0635008841E-02
 0.1875  2.0392195165E-01 -6.6493987385E-02  6.9796488040E-02  7.2127063432E-02
 0.2000  2.0773719745E-01 -6.7309572513E-02  7.3909816557E-02  7.3652355296E-02
 0.2125  2.1168673731E-01 -6.8130197087E-02  7.8157801448E-02  7.5212035150E-02
 0.2250  2.1577680683E-01 -6.8955975170E-02  8.2546759751E-02  7.6807319038E-02
 0.2375  2.2001402898E-01 -6.9787027473E-02  8.7083400999E-02  7.8439494025E-02
 0.2500  2.2440544573E-01 -7.0623483208E-02  9.1774861957E-02  8.0109922028E-02
 0.2625  2.2895855261E-01 -7.1465480959E-02  9.6628743713E-02  8.1820041978E-02
 0.2750  2.3368133631E-01 -7.2313168357E-02  1.0165315029E-01  8.3571371612E-02
 0.2875  2.3858231564E-01 -7.3166700954E-02  1.0685672912E-01  8.5365510494E-02
 0.3000  2.4367058653E-01 -7.4026241020E-02  1.1224871477E-01  8.7204145332E-02
 0.3125  2.4895587186E-01 -7.4891956899E-02  1.1783897789E-01  8.9089057559E-02
 0.3250  2.5444857702E-01 -7.5764023148E-02  1.2363808090E-01  9.1022132212E-02
 0.3375  2.6015985203E-01 -7.6642621198E-02  1.2965734113E-01  9.3005366886E-02
 0.3500  2.6610166075E-01 -7.7527939968E-02  1.3590890114E-01  9.5040880124E-02
 0.3625  2.7228685785E-01 -7.8420175999E-02  1.4240580608E-01  9.7130919602E-02
 0.3750  2.7872927420E-01 -7.9319532960E-02  1.4916208827E-01  9.9277871239E-02
 0.3875  2.8544381193E-01 -8.0226220752E-02  1.5619286060E-01  1.0148427053E-01
 0.4000  2.9244655057E-01 -8.1140454563E-02  1.6351442089E-01  1.0375281687E-01
 0.4125  2.9975486623E-01 -8.2062454175E-02  1.7114436998E-01  1.0608639103E-01
 0.4250  3.0738756580E-01 -8.2992443610E-02  1.7910174592E-01  1.0848807530E-01
 0.4375  3.1536503843E-01 -8.3930651163E-02  1.8740717664E-01  1.1096117635E-01
 0.4500  3.2370942700E-01 -8.4877309869E-02  1.9608305362E-01  1.1350925060E-01
 0.4625  3.3244482257E-01 -8.5832658608E-02  2.0515373000E-01  1.1613613257E-01
 0.4750  3.4159748607E-01 -8.6796944046E-02  2.1464574728E-01  1.1884596626E-01
 0.4875  3.5119610167E-01 -8.7770423421E-02  2.2458809590E-01  1.2164323889E-01
 0.5000  3.6127206771E-01 -8.8753367868E-02  2.3501251496E-01  1.2453281622E-01
 0.5125  3.7185983123E-01 -8.9746065615E-02  2.4595383669E-01  1.2751997838E-01
 0.5250  3.8299727360E-01 -9.0748824203E-02  2.5745038143E-01  1.3061045583E-01
 0.5375  3.9472615582E-01 -9.1761970729E-02  2.6954440993E-01  1.3381046594E-01
 0.5500  4.0709263397E-01 -9.2785849116E-02  2.8228264110E-01  1.3712675178E-01
 0.5625  4.2014785733E-01 -9.3820813313E-02  2.9571684527E-01  1.4056662632E-01
 0.5750  4.3394866418E-01 -9.4867215418E-02  3.0990452574E-01  1.4413802719E-01
 0.5875  4.4855839415E-01 -9.5925388084E-02  3.2490970547E-01  1.4784959057E-01
 0.6000  4.6404784062E-01 -9.6995621367E-02  3.4080384224E-01  1.5171075638E-01
 0.6125  4.8049637427E-01 -9.8078135647E-02  3.5766690610E-01  1.5573192107E-01
 0.6250  4.9799327970E-01 -9.9173054199E-02  3.7558866758E-01  1.5992465763E-01
 0.6375  5.1663936179E-01 -1.0028038143E-01  3.9467026590E-01  1.6430202365E-01
 0.6500  5.3654889991E-01 -1.0139999548E-01  4.1502615411E-01  1.6887897591E-01
 0.6625  5.5785205573E-01 -1.0253166613E-01  4.3678655236E-01  1.7367290216E-01
 0.6750  5.8069787744E-01 -1.0367511051E-01  4.6010058343E-01  1.7870426445E-01
 0.6875  6.0525808933E-01 -1.0483009768E-01  4.8514031204E-01  1.8399732186E-01
 0.7000  6.3173191063E-01 -1.0599660864E-01  5.1210595987E-01  1.8958086207E-01
 0.7125  6.6035221081E-01 -1.0717504709E-01  5.4123261432E-01  1.9548882270E-01
 0.7250  6.9139337492E-01 -1.0836647823E-01  5.7279878334E-01  2.0176063070E-01
 0.7375  7.2518132025E-01 -1.0957284527E-01  6.0713716324E-01  2.0844104516E-01
 0.7500  7.6210617002E-01 -1.1079707734E-01  6.4464797558E-01  2.1557928169E-01
 0.7625  8.0263815839E-01 -1.1204296057E-01  6.8581520379E-01  2.2322726692E-01
 0.7750  8.4734744209E-01 -1.1331460501E-01  7.3122606085E-01  2.3143708199E-01
 0.7875  8.9692870963E-01 -1.1461531862E-01  7.8159415784E-01  2.4025808740E-01
 0.8000  9.5223199572E-01 -1.1594572160E-01  8.3778735815E-01  2.4973497640E-01
 0.8125  1.0143023188E+00 -1.1730103552E-01  9.0086266849E-01  2.5990917054E-01
 0.8250  1.0844334247E+00 -1.1866770857E-01  9.7211361899E-01  2.7082758210E-01
 0.8375  1.1642464657E+00 -1.2001993483E-01  1.0531419986E+00  2.8256469274E-01
 0.8500  1.2558154456E+00 -1.2131721575E-01  1.1459782817E+00  2.9526565004E-01
 0.8625  1.3618822732E+00 -1.2250484168E-01  1.2532982788E+00  3.0921847413E-01
 0.8750  1.4862432098E+00 -1.2351981782E-01  1.3788253407E+00  3.2496001785E-01
 0.8875  1.6344591543E+00 -1.2430474671E-01  1.5280811340E+00  3.4340829065E-01
 0.9000  1.8151687395E+00 -1.2483027017E-01  1.7097763805E+00  3.6598454868E-01
 0.9125  2.0425095303E+00 -1.2512042945E-01  1.9383568635E+00  3.9462722604E-01
 0.9250  2.3405644780E+00 -1.2526017758E-01  2.2386191547E+00  4.3148110300E-01
 0.9375  2.7515393701E+00 -1.2533202204E-01  2.6540648773E+00  4.7782736044E-01
 0.9500  3.3510661975E+00 -1.2516421398E-01  3.2622765118E+00  5.3143451350E-01
 0.9625  4.2785205858E+00 -1.2364464041E-01  4.2049453797E+00  5.8083422925E-01
 0.9750  5.8074013130E+00 -1.1705294981E-01  5.7571010976E+00  5.9368128763E-01
 0.9875  8.5853046528E+00 -9.4153056030E-02  8.5642954977E+00  4.8994832739E-01
 1.0000  1.5101546085E+01  1.0741637801E-44  1.5101546085E+01  7.3314231833E-18
